Array Size: 64  64
  0.00  0.00  0.00  0.00  0.35  0.23  0.17  0.15  0.13  0.00  0.00  0.00  0.00  0.00  0.00  0.00  0.00  0.00  0.00  0.00  0.00  0.00  0.00  0.00  0.00  0.00  0.00  0.00  0.00  0.00  0.00  0.00  0.08  0.14  0.14  0.22  0.32  0.30  0.28  0.30  0.18  0.00  0.00  0.00  0.00  0.00  0.00  0.00  0.00  0.00  0.00  0.00  0.00  0.00  0.00  0.00  0.00  0.00  0.00  0.00  0.00  0.00  0.00  0.00
  0.00  0.00  0.00  0.00  0.57  0.39  0.30  0.26  0.21  0.00  0.00  0.00  0.00  0.00  0.00  0.00  0.00  0.00  0.00  0.00  0.00  0.00  0.00  0.04  0.04  0.04  0.05  0.05  0.00  0.00  0.00  0.00  0.06  0.17  0.18  0.24  0.41  0.49  0.44  0.48  0.41  0.15  0.00  0.00  0.00  0.00  0.00  0.00  0.00  0.00  0.00  0.00  0.00  0.00  0.00  0.00  0.00  0.00  0.00  0.00  0.00  0.00  0.00  0.00
  0.00  0.00  0.00  0.00  0.00  0.31  0.25  0.19  0.00  0.00  0.00  0.00  0.00  0.06  0.04  0.04  0.04  0.04  0.00  0.00  0.04  0.04  0.07  0.11  0.11  0.07  0.08  0.04  0.00  0.00  0.00  0.00  0.05  0.14  0.15  0.21  0.36  0.42  0.35  0.38  0.32  0.12  0.00  0.00  0.00  0.00  0.00  0.00  0.00  0.00  0.00  0.00  0.00  0.00  0.00  0.00  0.00  0.00  0.00  0.00  0.00  0.00  0.00  0.00
  0.00  0.00  0.00  0.00  0.44  0.37  0.36  0.24  0.00  0.00  0.00  0.00  0.00  0.05  0.04  0.04  0.04  0.04  0.04  0.04  0.08  0.11  0.17  0.17  0.17  0.14  0.12  0.04  0.00  0.00  0.00  0.00  0.05  0.10  0.11  0.17  0.40  0.48  0.44  0.49  0.42  0.11  0.00  0.00  0.00  0.00  0.00  0.00  0.00  0.00  0.00  0.00  0.00  0.00  0.00  0.00  0.00  0.00  0.00  0.00  0.00  0.00  0.00  0.00
  0.00  0.00  0.00  0.00  0.46  0.38  0.32  0.22  0.18  0.00  0.00  0.00  0.00  0.04  0.04  0.04  0.04  0.03  0.04  0.04  0.08  0.11  0.19  0.20  0.21  0.18  0.15  0.10  0.10  0.10  0.10  0.09  0.09  0.10  0.11  0.19  0.48  0.54  0.46  0.54  0.44  0.12  0.00  0.00  0.00  0.00  0.00  0.00  0.00  0.00  0.00  0.00  0.00  0.00  0.00  0.00  0.00  0.00  0.00  0.00  0.00  0.00  0.00  0.00
  0.00  0.00  0.00  0.00  0.23  0.18  0.14  0.10  0.08  0.00  0.00  0.00  0.00  0.05  0.04  0.04  0.04  0.04  0.04  0.05  0.10  0.14  0.30  0.32  0.32  0.28  0.24  0.12  0.11  0.11  0.10  0.10  0.10  0.11  0.12  0.14  0.34  0.39  0.29  0.36  0.34  0.11  0.00  0.00  0.00  0.00  0.00  0.00  0.00  0.00  0.00  0.00  0.00  0.00  0.00  0.00  0.00  0.00  0.00  0.00  0.00  0.00  0.00  0.00
  0.00  0.00  0.00  0.00  0.00  0.00  0.00  0.00  0.00  0.00  0.00  0.00  0.06  0.10  0.08  0.08  0.08  0.04  0.04  0.05  0.11  0.22  0.38  0.34  0.39  0.38  0.29  0.17  0.24  0.17  0.11  0.10  0.10  0.06  0.06  0.07  0.18  0.10  0.10  0.12  0.12  0.00  0.00  0.00  0.00  0.00  0.00  0.00  0.00  0.00  0.00  0.00  0.00  0.00  0.00  0.00  0.00  0.00  0.00  0.00  0.00  0.00  0.00  0.00
  0.40  0.37  0.27  0.00  0.24  0.00  0.00  0.00  0.00  0.00  0.00  0.00  0.07  0.06  0.05  0.09  0.12  0.08  0.13  0.19  0.22  0.38  0.58  0.53  0.51  0.49  0.30  0.18  0.25  0.19  0.12  0.11  0.12  0.06  0.07  0.07  0.17  0.10  0.10  0.11  0.11  0.00  0.00  0.00  0.00  0.00  0.00  0.00  0.00  0.00  0.00  0.00  0.00  0.00  0.00  0.00  0.00  0.00  0.00  0.00  0.00  0.00  0.00  0.00
  0.31  0.27  0.21  0.00  0.18  0.00  0.00  0.00  0.00  0.00  0.00  0.00  0.07  0.06  0.10  0.19  0.25  0.21  0.26  0.29  0.34  0.42  0.65  0.58  0.56  0.47  0.31  0.18  0.25  0.18  0.11  0.11  0.06  0.00  0.00  0.00  0.00  0.00  0.00  0.00  0.00  0.00  0.00  0.00  0.00  0.00  0.00  0.00  0.00  0.00  0.00  0.00  0.00  0.00  0.00  0.00  0.00  0.00  0.00  0.00  0.00  0.00  0.00  0.00
  0.32  0.25  0.19  0.00  0.27  0.11  0.09  0.08  0.00  0.00  0.00  0.00  0.07  0.07  0.12  0.21  0.36  0.32  0.36  0.58  0.68  0.85  1.36  1.34  1.01  0.90  0.66  0.25  0.25  0.18  0.12  0.06  0.00  0.00  0.00  0.00  0.00  0.00  0.00  0.00  0.00  0.00  0.00  0.00  0.00  0.00  0.00  0.00  0.00  0.00  0.00  0.00  0.00  0.00  0.00  0.00  0.00  0.00  0.00  0.00  0.00  0.00  0.00  0.00
  0.32  0.22  0.17  0.27  0.22  0.18  0.15  0.13  0.06  0.06  0.00  0.07  0.13  0.18  0.23  0.30  0.45  0.45  0.49  0.76  0.87  0.98  1.34  1.24  0.92  0.82  0.62  0.26  0.33  0.24  0.18  0.12  0.06  0.00  0.00  0.00  0.00  0.00  0.00  0.00  0.00  0.00  0.00  0.00  0.00  0.00  0.00  0.00  0.00  0.00  0.00  0.00  0.00  0.00  0.00  0.00  0.00  0.00  0.00  0.00  0.00  0.00  0.00  0.00
  0.34  0.19  0.16  0.23  0.19  0.17  0.22  0.19  0.12  0.11  0.06  0.06  0.06  0.12  0.16  0.24  0.38  0.57  0.66  0.92  1.05  1.12  1.35  1.26  0.99  1.09  0.96  0.55  0.60  0.46  0.17  0.11  0.06  0.00  0.00  0.00  0.07  0.08  0.08  0.09  0.12  0.00  0.00  0.00  0.00  0.00  0.00  0.00  0.00  0.00  0.00  0.00  0.00  0.00  0.00  0.00  0.00  0.00  0.00  0.00  0.00  0.00  0.00  0.00
  0.00  0.00  0.00  0.10  0.08  0.16  0.22  0.19  0.12  0.11  0.06  0.06  0.06  0.16  0.21  0.29  0.41  0.62  0.74  1.00  1.15  1.14  1.35  1.18  0.92  1.00  1.00  0.64  0.64  0.51  0.21  0.10  0.06  0.00  0.00  0.00  0.08  0.08  0.09  0.11  0.30  0.20  0.00  0.34  0.67  0.00  0.00  0.00  0.00  0.00  0.00  0.00  0.00  0.00  0.00  0.00  0.00  0.00  0.00  0.00  0.00  0.00  0.00  0.00
  0.00  0.00  0.00  0.11  0.09  0.17  0.23  0.19  0.12  0.10  0.05  0.05  0.05  0.15  0.16  0.20  0.30  0.55  0.70  1.04  1.49  1.45  1.74  1.58  1.29  1.22  1.17  0.73  0.71  0.57  0.20  0.16  0.12  0.06  0.07  0.07  0.08  0.08  0.10  0.11  0.29  0.20  0.27  0.00  0.50  0.00  0.00  0.00  0.00  0.00  0.00  0.00  0.00  0.00  0.00  0.00  0.00  0.00  0.00  0.00  0.00  0.00  0.00  0.00
  0.00  0.00  0.00  0.00  0.00  0.09  0.16  0.13  0.12  0.10  0.05  0.05  0.05  0.15  0.15  0.19  0.20  0.51  0.68  0.80  1.41  1.46  1.62  1.45  1.50  1.33  1.22  0.82  0.79  0.49  0.10  0.10  0.12  0.06  0.07  0.07  0.08  0.09  0.10  0.11  0.28  0.19  0.26  0.31  0.43  0.00  0.00  0.00  0.00  0.00  0.00  0.00  0.00  0.00  0.00  0.00  0.00  0.00  0.00  0.00  0.00  0.00  0.00  0.00
  0.00  0.00  0.00  0.00  0.00  0.00  0.08  0.07  0.07  0.06  0.05  0.00  0.00  0.05  0.05  0.10  0.10  0.38  0.56  0.59  1.14  1.30  1.50  1.35  1.46  1.40  1.26  0.87  0.82  0.51  0.05  0.05  0.06  0.06  0.08  0.09  0.10  0.09  0.10  0.11  0.25  0.16  0.23  0.27  0.35  0.00  0.00  0.00  0.00  0.00  0.00  0.00  0.00  0.00  0.00  0.00  0.00  0.00  0.00  0.00  0.00  0.00  0.00  0.00
  0.00  0.00  0.00  0.00  0.00  0.00  0.00  0.00  0.00  0.00  0.00  0.00  0.00  0.06  0.06  0.12  0.13  0.20  0.34  0.34  0.94  1.13  1.44  1.30  1.39  1.27  1.19  0.87  0.80  0.48  0.15  0.10  0.05  0.05  0.06  0.08  0.00  0.00  0.00  0.00  0.13  0.16  0.22  0.26  0.00  0.00  0.00  0.00  0.00  0.00  0.00  0.00  0.00  0.00  0.00  0.00  0.00  0.00  0.00  0.00  0.00  0.00  0.00  0.00
  0.00  0.00  0.00  0.00  0.00  0.00  0.00  0.00  0.00  0.00  0.00  0.00  0.00  0.00  0.00  0.00  0.00  0.07  0.21  0.21  0.74  0.94  1.19  1.10  1.23  1.13  1.03  0.77  0.72  0.38  0.10  0.10  0.05  0.05  0.06  0.07  0.00  0.00  0.00  0.00  0.00  0.00  0.00  0.00  0.00  0.00  0.00  0.00  0.00  0.00  0.00  0.00  0.00  0.00  0.00  0.00  0.00  0.00  0.00  0.00  0.00  0.00  0.00  0.00
  0.00  0.00  0.00  0.00  0.00  0.00  0.00  0.00  0.00  0.00  0.00  0.00  0.00  0.00  0.00  0.00  0.00  0.07  0.07  0.07  0.24  0.50  0.56  0.56  0.73  0.81  0.73  0.69  0.66  0.36  0.11  0.05  0.00  0.00  0.00  0.00  0.00  0.00  0.00  0.00  0.00  0.00  0.00  0.00  0.00  0.00  0.00  0.00  0.00  0.00  0.00  0.00  0.00  0.00  0.00  0.00  0.00  0.00  0.00  0.00  0.00  0.00  0.00  0.00
  0.00  0.00  0.00  0.00  0.00  0.00  0.00  0.00  0.00  0.00  0.05  0.06  0.06  0.07  0.08  0.00  0.00  0.00  0.00  0.07  0.06  0.21  0.19  0.18  0.18  0.36  0.31  0.41  0.40  0.33  0.11  0.05  0.00  0.00  0.00  0.00  0.00  0.00  0.00  0.00  0.00  0.00  0.00  0.00  0.00  0.00  0.00  0.00  0.00  0.00  0.00  0.00  0.00  0.00  0.00  0.00  0.00  0.00  0.00  0.00  0.00  0.00  0.00  0.00
  0.00  0.00  0.00  0.00  0.00  0.00  0.00  0.00  0.00  0.05  0.10  0.11  0.13  0.14  0.09  0.00  0.08  0.07  0.07  0.14  0.13  0.12  0.11  0.10  0.10  0.24  0.26  0.32  0.29  0.23  0.09  0.05  0.00  0.00  0.00  0.00  0.00  0.00  0.00  0.00  0.00  0.00  0.00  0.00  0.00  0.00  0.00  0.00  0.00  0.00  0.00  0.00  0.00  0.00  0.00  0.00  0.00  0.00  0.00  0.00  0.00  0.00  0.00  0.00
  0.00  0.00  0.00  0.00  0.00  0.00  0.00  0.00  0.00  0.05  0.09  0.10  0.11  0.19  0.22  0.15  0.22  0.20  0.12  0.13  0.12  0.06  0.05  0.06  0.00  0.05  0.05  0.05  0.04  0.04  0.00  0.00  0.00  0.00  0.00  0.00  0.00  0.00  0.00  0.00  0.00  0.00  0.00  0.00  0.00  0.00  0.00  0.00  0.00  0.00  0.00  0.00  0.00  0.00  0.00  0.00  0.00  0.00  0.00  0.00  0.00  0.00  0.00  0.00
  0.00  0.00  0.00  0.00  0.00  0.00  0.00  0.00  0.00  0.05  0.10  0.10  0.12  0.19  0.20  0.15  0.23  0.21  0.13  0.21  0.19  0.12  0.11  0.15  0.05  0.09  0.08  0.08  0.08  0.08  0.04  0.04  0.05  0.00  0.00  0.00  0.00  0.00  0.00  0.00  0.00  0.00  0.00  0.00  0.00  0.00  0.00  0.00  0.00  0.00  0.00  0.00  0.00  0.00  0.00  0.00  0.00  0.00  0.00  0.00  0.00  0.00  0.00  0.00
  0.00  0.00  0.00  0.00  0.00  0.00  0.00  0.00  0.00  0.05  0.10  0.11  0.11  0.17  0.17  0.13  0.21  0.21  0.14  0.28  0.26  0.18  0.16  0.21  0.05  0.05  0.04  0.04  0.04  0.04  0.04  0.04  0.09  0.05  0.05  0.06  0.07  0.00  0.00  0.09  0.10  0.15  0.22  0.00  0.00  0.00  0.00  0.00  0.00  0.00  0.00  0.00  0.00  0.00  0.00  0.00  0.00  0.00  0.00  0.00  0.00  0.00  0.00  0.00
  0.00  0.00  0.00  0.00  0.00  0.00  0.00  0.00  0.00  0.06  0.05  0.05  0.11  0.16  0.16  0.18  0.26  0.21  0.14  0.22  0.21  0.12  0.11  0.16  0.05  0.05  0.04  0.04  0.04  0.04  0.04  0.04  0.09  0.05  0.05  0.05  0.05  0.00  0.00  0.08  0.09  0.11  0.18  0.24  0.00  0.00  0.00  0.00  0.00  0.00  0.00  0.00  0.00  0.00  0.00  0.00  0.00  0.00  0.00  0.00  0.00  0.00  0.00  0.00
  0.00  0.00  0.00  0.00  0.00  0.00  0.00  0.00  0.00  0.06  0.05  0.05  0.10  0.15  0.16  0.18  0.21  0.15  0.08  0.15  0.14  0.12  0.10  0.14  0.04  0.04  0.04  0.04  0.04  0.08  0.08  0.09  0.14  0.10  0.05  0.05  0.05  0.00  0.00  0.07  0.08  0.09  0.13  0.20  0.00  0.00  0.00  0.00  0.00  0.00  0.00  0.00  0.00  0.00  0.00  0.00  0.00  0.00  0.00  0.00  0.00  0.00  0.00  0.00
  0.00  0.00  0.00  0.00  0.00  0.00  0.00  0.00  0.00  0.06  0.06  0.06  0.11  0.11  0.06  0.06  0.07  0.00  0.08  0.24  0.23  0.18  0.15  0.13  0.04  0.04  0.04  0.03  0.03  0.10  0.11  0.12  0.17  0.13  0.04  0.05  0.05  0.00  0.00  0.07  0.07  0.08  0.11  0.17  0.00  0.00  0.00  0.00  0.00  0.00  0.00  0.00  0.00  0.00  0.00  0.00  0.00  0.00  0.00  0.00  0.00  0.00  0.00  0.00
  0.00  0.00  0.00  0.00  0.00  0.00  0.00  0.00  0.00  0.06  0.06  0.06  0.13  0.13  0.06  0.06  0.07  0.00  0.07  0.15  0.15  0.12  0.10  0.05  0.00  0.00  0.00  0.00  0.00  0.07  0.10  0.15  0.18  0.19  0.13  0.09  0.05  0.00  0.00  0.06  0.07  0.07  0.09  0.12  0.00  0.00  0.00  0.00  0.00  0.00  0.00  0.00  0.00  0.00  0.00  0.00  0.00  0.00  0.00  0.00  0.00  0.00  0.00  0.00
  0.00  0.00  0.00  0.00  0.08  0.06  0.06  0.05  0.05  0.05  0.06  0.06  0.13  0.21  0.13  0.14  0.15  0.08  0.07  0.08  0.08  0.07  0.05  0.00  0.00  0.00  0.00  0.00  0.00  0.07  0.10  0.14  0.14  0.15  0.09  0.05  0.00  0.00  0.00  0.00  0.00  0.00  0.00  0.00  0.00  0.00  0.00  0.00  0.00  0.00  0.00  0.00  0.00  0.00  0.00  0.00  0.00  0.00  0.00  0.00  0.00  0.00  0.00  0.00
  0.00  0.00  0.00  0.00  0.08  0.06  0.06  0.05  0.05  0.06  0.06  0.06  0.14  0.24  0.15  0.17  0.18  0.09  0.08  0.08  0.08  0.06  0.05  0.00  0.00  0.00  0.00  0.04  0.04  0.10  0.19  0.24  0.22  0.23  0.19  0.05  0.00  0.00  0.00  0.00  0.00  0.00  0.00  0.00  0.00  0.00  0.00  0.00  0.00  0.00  0.00  0.00  0.00  0.00  0.00  0.00  0.00  0.00  0.00  0.00  0.00  0.00  0.00  0.00
  0.21  0.15  0.12  0.10  0.08  0.07  0.06  0.05  0.05  0.00  0.06  0.06  0.15  0.24  0.21  0.16  0.16  0.08  0.08  0.08  0.07  0.06  0.05  0.00  0.00  0.00  0.00  0.04  0.04  0.06  0.18  0.23  0.20  0.22  0.24  0.06  0.00  0.00  0.00  0.00  0.00  0.00  0.00  0.00  0.00  0.00  0.00  0.00  0.00  0.00  0.00  0.00  0.00  0.00  0.00  0.00  0.00  0.00  0.00  0.00  0.00  0.00  0.00  0.00
  0.52  0.38  0.33  0.30  0.25  0.14  0.13  0.12  0.11  0.00  0.06  0.06  0.13  0.21  0.20  0.15  0.15  0.08  0.00  0.00  0.00  0.00  0.00  0.00  0.00  0.00  0.00  0.09  0.08  0.10  0.22  0.27  0.22  0.24  0.26  0.06  0.00  0.00  0.00  0.00  0.00  0.00  0.00  0.00  0.00  0.00  0.00  0.00  0.00  0.00  0.00  0.00  0.00  0.00  0.00  0.00  0.00  0.00  0.00  0.00  0.00  0.00  0.00  0.00
  0.80  0.58  0.61  0.47  0.34  0.22  0.21  0.13  0.12  0.00  0.06  0.06  0.11  0.18  0.18  0.14  0.14  0.08  0.00  0.00  0.00  0.00  0.00  0.00  0.00  0.00  0.00  0.09  0.08  0.14  0.28  0.30  0.26  0.30  0.24  0.00  0.00  0.00  0.00  0.00  0.00  0.00  0.00  0.00  0.00  0.00  0.00  0.00  0.00  0.00  0.00  0.00  0.00  0.00  0.00  0.00  0.00  0.00  0.00  0.00  0.00  0.00  0.00  0.00
  0.93  0.74  0.72  0.51  0.34  0.16  0.14  0.06  0.06  0.00  0.06  0.06  0.11  0.11  0.11  0.06  0.06  0.00  0.00  0.00  0.00  0.00  0.00  0.00  0.00  0.00  0.00  0.09  0.08  0.14  0.30  0.45  0.44  0.52  0.54  0.25  0.00  0.00  0.00  0.00  0.00  0.00  0.00  0.00  0.00  0.00  0.00  0.00  0.00  0.00  0.00  0.00  0.00  0.00  0.00  0.00  0.00  0.00  0.00  0.00  0.00  0.00  0.00  0.00
  1.04  0.85  0.80  0.56  0.37  0.18  0.15  0.07  0.07  0.00  0.06  0.06  0.05  0.05  0.05  0.00  0.00  0.00  0.00  0.00  0.00  0.00  0.00  0.00  0.00  0.00  0.00  0.05  0.04  0.12  0.24  0.39  0.41  0.50  0.51  0.29  0.00  0.00  0.00  0.00  0.00  0.00  0.00  0.00  0.00  0.00  0.00  0.00  0.00  0.00  0.00  0.00  0.00  0.00  0.00  0.00  0.00  0.00  0.00  0.00  0.00  0.00  0.00  0.00
  1.45  1.15  1.01  0.74  0.60  0.18  0.15  0.08  0.07  0.00  0.00  0.00  0.00  0.04  0.04  0.04  0.04  0.05  0.07  0.07  0.09  0.10  0.09  0.00  0.00  0.00  0.00  0.16  0.14  0.22  0.37  0.55  0.61  0.75  0.75  0.53  0.22  0.00  0.00  0.00  0.00  0.00  0.00  0.00  0.00  0.00  0.00  0.00  0.00  0.00  0.00  0.00  0.00  0.00  0.00  0.00  0.00  0.00  0.00  0.00  0.00  0.00  0.00  0.00
  1.23  0.99  0.86  0.57  0.43  0.10  0.08  0.00  0.00  0.00  0.00  0.00  0.00  0.04  0.04  0.04  0.04  0.05  0.07  0.08  0.09  0.11  0.10  0.00  0.00  0.00  0.07  0.18  0.16  0.20  0.38  0.51  0.61  0.83  0.89  0.70  0.44  0.13  0.00  0.00  0.00  0.00  0.00  0.00  0.00  0.00  0.00  0.00  0.00  0.00  0.00  0.00  0.00  0.00  0.00  0.00  0.00  0.00  0.00  0.00  0.00  0.00  0.00  0.00
  0.97  0.79  0.61  0.54  0.53  0.13  0.10  0.09  0.00  0.00  0.00  0.00  0.00  0.05  0.04  0.04  0.04  0.05  0.07  0.17  0.18  0.21  0.20  0.10  0.00  0.00  0.07  0.20  0.18  0.25  0.40  0.54  0.86  1.09  1.18  1.09  0.94  0.29  0.00  0.00  0.16  0.14  0.12  0.12  0.14  0.00  0.00  0.00  0.00  0.00  0.00  0.00  0.00  0.00  0.00  0.00  0.00  0.00  0.00  0.00  0.00  0.00  0.00  0.00
  1.21  0.87  0.66  0.61  0.43  0.12  0.11  0.11  0.00  0.00  0.00  0.00  0.00  0.04  0.04  0.04  0.04  0.05  0.07  0.17  0.19  0.22  0.22  0.11  0.00  0.00  0.08  0.23  0.21  0.28  0.51  0.50  0.79  0.97  0.98  0.81  0.91  0.28  0.00  0.00  0.18  0.13  0.12  0.11  0.13  0.00  0.00  0.00  0.00  0.00  0.00  0.00  0.00  0.00  0.00  0.00  0.00  0.00  0.00  0.00  0.00  0.00  0.00  0.00
  1.54  1.08  0.83  0.77  0.37  0.11  0.11  0.10  0.00  0.00  0.00  0.00  0.00  0.05  0.05  0.05  0.05  0.06  0.08  0.20  0.21  0.23  0.23  0.11  0.00  0.00  0.08  0.23  0.20  0.33  0.47  0.46  0.76  0.97  0.90  0.79  0.89  0.28  0.00  0.00  0.18  0.14  0.12  0.12  0.00  0.00  0.00  0.00  0.00  0.00  0.00  0.00  0.00  0.00  0.00  0.00  0.00  0.00  0.00  0.00  0.00  0.00  0.00  0.00
  1.15  0.80  0.64  0.59  0.12  0.11  0.12  0.11  0.00  0.00  0.00  0.00  0.00  0.00  0.00  0.00  0.00  0.00  0.00  0.10  0.12  0.14  0.29  0.31  0.13  0.13  0.23  0.09  0.08  0.23  0.30  0.34  0.68  0.86  0.79  0.72  0.66  0.26  0.00  0.00  0.00  0.13  0.11  0.11  0.12  0.00  0.00  0.00  0.00  0.00  0.00  0.00  0.00  0.00  0.00  0.00  0.00  0.00  0.00  0.00  0.00  0.00  0.00  0.00
  1.12  0.75  0.60  0.54  0.11  0.12  0.13  0.12  0.00  0.00  0.00  0.00  0.00  0.00  0.00  0.00  0.00  0.00  0.00  0.10  0.12  0.15  0.33  0.53  0.32  0.31  0.28  0.11  0.00  0.18  0.27  0.41  0.86  0.98  0.92  0.83  0.74  0.25  0.00  0.00  0.15  0.00  0.12  0.12  0.14  0.00  0.00  0.00  0.00  0.00  0.00  0.00  0.00  0.00  0.00  0.00  0.00  0.00  0.00  0.00  0.00  0.00  0.00  0.00
  1.01  0.73  0.60  0.43  0.00  0.00  0.00  0.00  0.00  0.00  0.00  0.00  0.00  0.00  0.00  0.00  0.00  0.00  0.00  0.00  0.00  0.00  0.00  0.36  0.36  0.35  0.00  0.00  0.00  0.09  0.18  0.34  0.46  0.49  0.45  0.37  0.20  0.21  0.14  0.14  0.15  0.15  0.00  0.00  0.00  0.00  0.00  0.00  0.00  0.00  0.00  0.00  0.00  0.00  0.00  0.00  0.00  0.00  0.00  0.00  0.00  0.00  0.00  0.00
  0.58  0.45  0.38  0.35  0.00  0.00  0.00  0.00  0.00  0.00  0.00  0.00  0.00  0.00  0.00  0.00  0.00  0.00  0.00  0.07  0.08  0.09  0.21  0.39  0.34  0.39  0.38  0.14  0.00  0.10  0.10  0.19  0.32  0.55  0.49  0.46  0.34  0.00  0.22  0.23  0.26  0.37  0.00  0.00  0.00  0.00  0.00  0.00  0.00  0.00  0.00  0.00  0.00  0.00  0.00  0.00  0.00  0.00  0.00  0.00  0.00  0.00  0.00  0.00
  0.24  0.19  0.16  0.16  0.00  0.00  0.00  0.00  0.00  0.00  0.00  0.00  0.00  0.00  0.00  0.00  0.00  0.00  0.00  0.09  0.10  0.11  0.26  0.51  0.48  0.54  0.56  0.21  0.00  0.00  0.00  0.14  0.32  0.56  0.58  0.53  0.37  0.45  0.24  0.25  0.28  0.39  0.00  0.00  0.00  0.00  0.00  0.00  0.00  0.00  0.00  0.00  0.00  0.00  0.00  0.00  0.00  0.00  0.00  0.00  0.00  0.00  0.00  0.00
  0.00  0.00  0.00  0.00  0.00  0.00  0.00  0.00  0.00  0.00  0.00  0.00  0.00  0.00  0.00  0.00  0.00  0.00  0.00  0.11  0.11  0.12  0.14  0.37  0.27  0.30  0.31  0.30  0.00  0.00  0.00  0.00  0.26  0.58  0.56  0.52  0.44  0.53  0.32  0.35  0.42  0.00  0.00  0.00  0.00  0.00  0.00  0.00  0.00  0.00  0.00  0.00  0.00  0.00  0.00  0.00  0.00  0.00  0.00  0.00  0.00  0.00  0.00  0.00
  0.00  0.00  0.00  0.00  0.00  0.00  0.00  0.00  0.00  0.00  0.00  0.00  0.00  0.00  0.00  0.00  0.00  0.00  0.00  0.00  0.00  0.00  0.00  0.00  0.00  0.00  0.00  0.00  0.00  0.00  0.00  0.00  0.00  0.00  0.00  0.00  0.00  0.00  0.00  0.00  0.00  0.00  0.00  0.00  0.00  0.00  0.00  0.00  0.00  0.00  0.00  0.00  0.00  0.00  0.00  0.00  0.00  0.00  0.00  0.00  0.00  0.00  0.00  0.00
  0.00  0.00  0.00  0.00  0.00  0.00  0.00  0.00  0.00  0.00  0.00  0.00  0.00  0.00  0.00  0.00  0.00  0.00  0.00  0.00  0.00  0.00  0.00  0.00  0.00  0.00  0.00  0.00  0.00  0.00  0.00  0.00  0.00  0.00  0.00  0.00  0.00  0.00  0.00  0.00  0.00  0.00  0.00  0.00  0.00  0.00  0.00  0.00  0.00  0.00  0.00  0.00  0.00  0.00  0.00  0.00  0.00  0.00  0.00  0.00  0.00  0.00  0.00  0.00
  0.00  0.00  0.00  0.00  0.00  0.00  0.00  0.00  0.00  0.00  0.00  0.00  0.00  0.00  0.00  0.00  0.00  0.00  0.00  0.00  0.00  0.00  0.00  0.00  0.00  0.00  0.00  0.00  0.00  0.00  0.00  0.00  0.00  0.00  0.00  0.00  0.00  0.00  0.00  0.00  0.00  0.00  0.00  0.00  0.00  0.00  0.00  0.00  0.00  0.00  0.00  0.00  0.00  0.00  0.00  0.00  0.00  0.00  0.00  0.00  0.00  0.00  0.00  0.00
  0.00  0.00  0.00  0.00  0.00  0.00  0.00  0.00  0.00  0.00  0.00  0.00  0.00  0.00  0.00  0.00  0.00  0.00  0.00  0.00  0.00  0.00  0.00  0.00  0.00  0.00  0.00  0.00  0.00  0.00  0.00  0.00  0.00  0.00  0.00  0.00  0.00  0.00  0.00  0.00  0.00  0.00  0.00  0.00  0.00  0.00  0.00  0.00  0.00  0.00  0.00  0.00  0.00  0.00  0.00  0.00  0.00  0.00  0.00  0.00  0.00  0.00  0.00  0.00
  0.00  0.00  0.00  0.00  0.00  0.00  0.00  0.00  0.00  0.00  0.00  0.00  0.00  0.00  0.00  0.00  0.00  0.00  0.00  0.00  0.00  0.00  0.00  0.00  0.00  0.00  0.00  0.00  0.00  0.00  0.00  0.00  0.00  0.00  0.00  0.00  0.00  0.00  0.00  0.00  0.00  0.00  0.00  0.00  0.00  0.00  0.00  0.00  0.00  0.00  0.00  0.00  0.00  0.00  0.00  0.00  0.00  0.00  0.00  0.00  0.00  0.00  0.00  0.00
  0.00  0.00  0.00  0.00  0.00  0.00  0.00  0.00  0.00  0.00  0.00  0.00  0.00  0.00  0.00  0.00  0.00  0.00  0.00  0.00  0.00  0.00  0.00  0.00  0.00  0.00  0.00  0.00  0.00  0.00  0.00  0.00  0.00  0.00  0.00  0.00  0.00  0.00  0.00  0.00  0.00  0.00  0.00  0.00  0.00  0.00  0.00  0.00  0.00  0.00  0.00  0.00  0.00  0.00  0.00  0.00  0.00  0.00  0.00  0.00  0.00  0.00  0.00  0.00
  0.00  0.00  0.00  0.00  0.00  0.00  0.00  0.00  0.00  0.00  0.00  0.00  0.00  0.00  0.00  0.00  0.00  0.00  0.00  0.00  0.00  0.00  0.00  0.00  0.00  0.00  0.00  0.00  0.00  0.00  0.00  0.00  0.00  0.00  0.00  0.00  0.00  0.00  0.00  0.00  0.00  0.00  0.00  0.00  0.00  0.00  0.00  0.00  0.00  0.00  0.00  0.00  0.00  0.00  0.00  0.00  0.00  0.00  0.00  0.00  0.00  0.00  0.00  0.00
  0.00  0.00  0.00  0.00  0.00  0.00  0.00  0.00  0.00  0.00  0.00  0.00  0.00  0.00  0.00  0.00  0.00  0.00  0.00  0.00  0.00  0.00  0.00  0.00  0.00  0.00  0.00  0.00  0.00  0.00  0.00  0.00  0.00  0.00  0.00  0.00  0.00  0.00  0.00  0.00  0.00  0.00  0.00  0.00  0.00  0.00  0.00  0.00  0.00  0.00  0.00  0.00  0.00  0.00  0.00  0.00  0.00  0.00  0.00  0.00  0.00  0.00  0.00  0.00
  0.00  0.00  0.00  0.00  0.00  0.00  0.00  0.00  0.00  0.00  0.00  0.00  0.00  0.00  0.00  0.00  0.00  0.00  0.00  0.00  0.00  0.00  0.00  0.00  0.00  0.00  0.00  0.00  0.00  0.00  0.00  0.00  0.00  0.00  0.00  0.00  0.00  0.00  0.00  0.00  0.00  0.00  0.00  0.00  0.00  0.00  0.00  0.00  0.00  0.00  0.00  0.00  0.00  0.00  0.00  0.00  0.00  0.00  0.00  0.00  0.00  0.00  0.00  0.00
  0.00  0.00  0.00  0.00  0.00  0.00  0.00  0.00  0.00  0.00  0.00  0.00  0.00  0.00  0.00  0.00  0.00  0.00  0.00  0.00  0.00  0.00  0.00  0.00  0.00  0.00  0.00  0.00  0.00  0.00  0.00  0.00  0.00  0.00  0.00  0.00  0.00  0.00  0.00  0.00  0.00  0.00  0.00  0.00  0.00  0.00  0.00  0.00  0.00  0.00  0.00  0.00  0.00  0.00  0.00  0.00  0.00  0.00  0.00  0.00  0.00  0.00  0.00  0.00
  0.00  0.00  0.00  0.00  0.00  0.00  0.00  0.00  0.00  0.00  0.00  0.00  0.00  0.00  0.00  0.00  0.00  0.00  0.00  0.00  0.00  0.00  0.00  0.00  0.00  0.00  0.00  0.00  0.00  0.00  0.00  0.00  0.00  0.00  0.00  0.00  0.00  0.00  0.00  0.00  0.00  0.00  0.00  0.00  0.00  0.00  0.00  0.00  0.00  0.00  0.00  0.00  0.00  0.00  0.00  0.00  0.00  0.00  0.00  0.00  0.00  0.00  0.00  0.00
  0.00  0.00  0.00  0.00  0.00  0.00  0.00  0.00  0.00  0.00  0.00  0.00  0.00  0.00  0.00  0.00  0.00  0.00  0.00  0.00  0.00  0.00  0.00  0.00  0.00  0.00  0.00  0.00  0.00  0.00  0.00  0.00  0.00  0.00  0.00  0.00  0.00  0.00  0.00  0.00  0.00  0.00  0.00  0.00  0.00  0.00  0.00  0.00  0.00  0.00  0.00  0.00  0.00  0.00  0.00  0.00  0.00  0.00  0.00  0.00  0.00  0.00  0.00  0.00
  0.00  0.00  0.00  0.00  0.00  0.00  0.00  0.00  0.00  0.00  0.00  0.00  0.00  0.00  0.00  0.00  0.00  0.00  0.00  0.00  0.00  0.00  0.00  0.00  0.00  0.00  0.00  0.00  0.00  0.00  0.00  0.00  0.00  0.00  0.00  0.00  0.00  0.00  0.00  0.00  0.00  0.00  0.00  0.00  0.00  0.00  0.00  0.00  0.00  0.00  0.00  0.00  0.00  0.00  0.00  0.00  0.00  0.00  0.00  0.00  0.00  0.00  0.00  0.00
  0.00  0.00  0.00  0.00  0.00  0.00  0.00  0.00  0.00  0.00  0.00  0.00  0.00  0.00  0.00  0.00  0.00  0.00  0.00  0.00  0.00  0.00  0.00  0.00  0.00  0.00  0.00  0.00  0.00  0.00  0.00  0.00  0.00  0.00  0.00  0.00  0.00  0.00  0.00  0.00  0.00  0.00  0.00  0.00  0.00  0.00  0.00  0.00  0.00  0.00  0.00  0.00  0.00  0.00  0.00  0.00  0.00  0.00  0.00  0.00  0.00  0.00  0.00  0.00
  0.00  0.00  0.00  0.00  0.00  0.00  0.00  0.00  0.00  0.00  0.00  0.00  0.00  0.00  0.00  0.00  0.00  0.00  0.00  0.00  0.00  0.00  0.00  0.00  0.00  0.00  0.00  0.00  0.00  0.00  0.00  0.00  0.00  0.00  0.00  0.00  0.00  0.00  0.00  0.00  0.00  0.00  0.00  0.00  0.00  0.00  0.00  0.00  0.00  0.00  0.00  0.00  0.00  0.00  0.00  0.00  0.00  0.00  0.00  0.00  0.00  0.00  0.00  0.00
  0.00  0.00  0.00  0.00  0.00  0.00  0.00  0.00  0.00  0.00  0.00  0.00  0.00  0.00  0.00  0.00  0.00  0.00  0.00  0.00  0.00  0.00  0.00  0.00  0.00  0.00  0.00  0.00  0.00  0.00  0.00  0.00  0.00  0.00  0.00  0.00  0.00  0.00  0.00  0.00  0.00  0.00  0.00  0.00  0.00  0.00  0.00  0.00  0.00  0.00  0.00  0.00  0.00  0.00  0.00  0.00  0.00  0.00  0.00  0.00  0.00  0.00  0.00  0.00
  0.00  0.00  0.00  0.00  0.00  0.00  0.00  0.00  0.00  0.00  0.00  0.00  0.00  0.00  0.00  0.00  0.00  0.00  0.00  0.00  0.00  0.00  0.00  0.00  0.00  0.00  0.00  0.00  0.00  0.00  0.00  0.00  0.00  0.00  0.00  0.00  0.00  0.00  0.00  0.00  0.00  0.00  0.00  0.00  0.00  0.00  0.00  0.00  0.00  0.00  0.00  0.00  0.00  0.00  0.00  0.00  0.00  0.00  0.00  0.00  0.00  0.00  0.00  0.00
  0.00  0.00  0.00  0.00  0.00  0.00  0.00  0.00  0.00  0.00  0.00  0.00  0.00  0.00  0.00  0.00  0.00  0.00  0.00  0.00  0.00  0.00  0.00  0.00  0.00  0.00  0.00  0.00  0.00  0.00  0.00  0.00  0.00  0.00  0.00  0.00  0.00  0.00  0.00  0.00  0.00  0.00  0.00  0.00  0.00  0.00  0.00  0.00  0.00  0.00  0.00  0.00  0.00  0.00  0.00  0.00  0.00  0.00  0.00  0.00  0.00  0.00  0.00  0.00

 density range (Hz): 0.000000 1.743590