Array Size: 64  64
  0.82  0.77  0.73  0.46  0.55  0.58  0.59  0.70  0.78  0.84  0.81  0.81  0.68  0.64  0.77  0.81  0.79  0.87  0.83  0.62  0.60  0.67  0.57  0.52  0.48  0.44  0.46  0.48  0.46  0.47  0.45  0.33  0.28  0.28  0.28  0.29  0.30  0.32  0.33  0.31  0.31  0.24  0.19  0.15  0.11  0.05  0.03  0.00  0.00  0.00  0.00  0.00  0.00  0.00  0.00  0.00  0.00  0.00  0.00  0.00  0.00  0.00  0.00  0.00
  0.80  0.77  0.73  0.48  0.55  0.56  0.53  0.66  0.76  0.82  0.80  0.79  0.64  0.57  0.65  0.66  0.63  0.69  0.67  0.54  0.57  0.65  0.59  0.54  0.49  0.43  0.44  0.46  0.45  0.44  0.43  0.33  0.28  0.32  0.32  0.34  0.38  0.41  0.38  0.36  0.33  0.24  0.20  0.15  0.10  0.05  0.03  0.00  0.00  0.00  0.00  0.00  0.00  0.00  0.00  0.00  0.00  0.00  0.00  0.00  0.00  0.00  0.00  0.00
  0.69  0.68  0.67  0.49  0.55  0.56  0.54  0.62  0.72  0.78  0.74  0.73  0.59  0.51  0.57  0.57  0.54  0.58  0.56  0.47  0.52  0.61  0.57  0.54  0.50  0.44  0.45  0.47  0.45  0.45  0.44  0.35  0.33  0.42  0.41  0.45  0.50  0.50  0.42  0.41  0.35  0.23  0.20  0.15  0.10  0.06  0.04  0.00  0.00  0.00  0.00  0.00  0.00  0.00  0.00  0.00  0.00  0.00  0.00  0.00  0.00  0.00  0.00  0.00
  0.40  0.46  0.50  0.47  0.54  0.56  0.51  0.50  0.54  0.58  0.55  0.55  0.48  0.43  0.41  0.39  0.38  0.40  0.42  0.46  0.55  0.57  0.56  0.52  0.44  0.38  0.47  0.47  0.45  0.45  0.44  0.36  0.38  0.51  0.51  0.59  0.62  0.61  0.49  0.48  0.38  0.28  0.26  0.20  0.15  0.10  0.06  0.00  0.00  0.00  0.00  0.00  0.00  0.00  0.00  0.00  0.00  0.00  0.00  0.00  0.00  0.00  0.00  0.00
  0.43  0.46  0.48  0.48  0.53  0.55  0.51  0.52  0.54  0.56  0.51  0.50  0.41  0.37  0.33  0.30  0.32  0.42  0.46  0.56  0.64  0.68  0.60  0.54  0.42  0.37  0.39  0.39  0.38  0.39  0.36  0.33  0.35  0.49  0.49  0.61  0.67  0.65  0.53  0.55  0.44  0.35  0.35  0.30  0.21  0.14  0.09  0.01  0.00  0.00  0.00  0.00  0.00  0.00  0.00  0.00  0.00  0.00  0.00  0.00  0.00  0.00  0.00  0.00
  0.37  0.40  0.44  0.54  0.58  0.61  0.60  0.62  0.59  0.58  0.56  0.54  0.43  0.36  0.34  0.28  0.31  0.43  0.48  0.58  0.63  0.66  0.59  0.56  0.46  0.43  0.42  0.40  0.37  0.38  0.35  0.32  0.35  0.49  0.50  0.62  0.71  0.70  0.58  0.62  0.52  0.38  0.40  0.34  0.23  0.14  0.10  0.02  0.00  0.00  0.00  0.00  0.00  0.00  0.00  0.00  0.00  0.00  0.00  0.00  0.00  0.00  0.00  0.00
  0.30  0.32  0.38  0.54  0.58  0.62  0.63  0.63  0.55  0.51  0.52  0.50  0.42  0.40  0.40  0.33  0.37  0.49  0.54  0.62  0.66  0.69  0.62  0.59  0.48  0.46  0.43  0.39  0.37  0.37  0.34  0.32  0.35  0.48  0.48  0.60  0.70  0.67  0.60  0.72  0.67  0.53  0.58  0.48  0.31  0.19  0.14  0.02  0.00  0.00  0.00  0.00  0.00  0.00  0.00  0.00  0.00  0.00  0.00  0.00  0.00  0.00  0.00  0.00
  0.37  0.37  0.41  0.56  0.59  0.62  0.64  0.66  0.53  0.51  0.53  0.52  0.46  0.48  0.47  0.40  0.43  0.54  0.58  0.64  0.72  0.76  0.68  0.64  0.55  0.48  0.44  0.39  0.37  0.35  0.30  0.27  0.29  0.38  0.39  0.49  0.58  0.58  0.57  0.78  0.82  0.73  0.77  0.66  0.40  0.22  0.14  0.02  0.00  0.00  0.00  0.00  0.00  0.00  0.00  0.00  0.00  0.00  0.00  0.00  0.00  0.00  0.00  0.00
  0.40  0.40  0.43  0.56  0.59  0.64  0.68  0.71  0.60  0.56  0.56  0.54  0.48  0.51  0.54  0.48  0.49  0.58  0.59  0.63  0.72  0.78  0.69  0.66  0.58  0.47  0.41  0.40  0.38  0.35  0.30  0.31  0.30  0.36  0.38  0.44  0.52  0.53  0.54  0.76  0.87  0.80  0.85  0.74  0.46  0.25  0.17  0.02  0.00  0.00  0.00  0.00  0.00  0.00  0.00  0.00  0.00  0.00  0.00  0.00  0.00  0.00  0.00  0.00
  0.42  0.43  0.44  0.53  0.58  0.63  0.65  0.72  0.64  0.61  0.61  0.58  0.51  0.53  0.56  0.52  0.52  0.54  0.56  0.53  0.60  0.64  0.63  0.60  0.58  0.50  0.47  0.46  0.41  0.35  0.30  0.28  0.28  0.36  0.39  0.43  0.50  0.54  0.54  0.73  0.86  0.87  0.92  0.82  0.56  0.35  0.20  0.03  0.00  0.00  0.00  0.00  0.00  0.00  0.00  0.00  0.00  0.00  0.00  0.00  0.00  0.00  0.00  0.00
  0.44  0.44  0.43  0.50  0.54  0.58  0.60  0.68  0.63  0.62  0.60  0.57  0.51  0.51  0.53  0.51  0.51  0.55  0.58  0.56  0.68  0.70  0.67  0.66  0.65  0.53  0.53  0.54  0.44  0.38  0.32  0.33  0.34  0.44  0.47  0.51  0.51  0.53  0.52  0.71  0.84  0.89  0.94  0.83  0.57  0.37  0.21  0.04  0.00  0.00  0.00  0.00  0.00  0.00  0.00  0.00  0.00  0.00  0.00  0.00  0.00  0.00  0.00  0.00
  0.47  0.46  0.44  0.50  0.56  0.59  0.66  0.78  0.74  0.79  0.81  0.75  0.65  0.64  0.58  0.53  0.52  0.56  0.59  0.58  0.67  0.66  0.62  0.63  0.61  0.51  0.52  0.55  0.46  0.41  0.35  0.37  0.34  0.42  0.46  0.49  0.45  0.50  0.49  0.62  0.72  0.80  0.82  0.73  0.51  0.34  0.19  0.03  0.00  0.00  0.00  0.00  0.00  0.00  0.00  0.00  0.00  0.00  0.00  0.00  0.00  0.00  0.00  0.00
  0.46  0.48  0.45  0.52  0.63  0.68  0.73  0.87  0.85  0.91  0.91  0.86  0.72  0.68  0.56  0.52  0.55  0.63  0.67  0.68  0.70  0.65  0.59  0.58  0.53  0.46  0.46  0.51  0.44  0.42  0.41  0.43  0.41  0.49  0.54  0.58  0.54  0.58  0.58  0.60  0.65  0.72  0.74  0.62  0.49  0.35  0.20  0.03  0.00  0.00  0.00  0.00  0.00  0.00  0.00  0.00  0.00  0.00  0.00  0.00  0.00  0.00  0.00  0.00
  0.55  0.56  0.52  0.54  0.69  0.78  0.82  1.00  0.98  1.04  0.97  0.94  0.77  0.72  0.57  0.54  0.55  0.64  0.69  0.70  0.68  0.62  0.53  0.53  0.48  0.44  0.45  0.51  0.43  0.43  0.41  0.42  0.40  0.46  0.50  0.51  0.48  0.61  0.68  0.69  0.78  0.85  0.76  0.60  0.49  0.32  0.18  0.04  0.00  0.00  0.00  0.00  0.00  0.00  0.00  0.00  0.00  0.00  0.00  0.00  0.00  0.00  0.00  0.00
  0.53  0.56  0.54  0.57  0.72  0.82  0.84  0.98  0.95  0.98  0.93  0.91  0.76  0.72  0.59  0.54  0.55  0.63  0.63  0.64  0.64  0.58  0.49  0.51  0.45  0.40  0.40  0.48  0.44  0.45  0.44  0.47  0.44  0.45  0.46  0.46  0.45  0.61  0.76  0.76  0.90  0.94  0.81  0.59  0.51  0.30  0.16  0.02  0.00  0.00  0.00  0.00  0.00  0.00  0.00  0.00  0.00  0.00  0.00  0.00  0.00  0.00  0.00  0.00
  0.54  0.61  0.61  0.63  0.77  0.86  0.84  0.94  0.93  0.94  0.85  0.82  0.67  0.67  0.54  0.55  0.56  0.61  0.58  0.58  0.52  0.48  0.42  0.40  0.35  0.34  0.32  0.40  0.44  0.46  0.48  0.49  0.43  0.40  0.41  0.46  0.51  0.71  0.86  0.86  0.93  0.94  0.81  0.60  0.53  0.32  0.16  0.02  0.00  0.00  0.00  0.00  0.00  0.00  0.00  0.00  0.00  0.00  0.00  0.00  0.00  0.00  0.00  0.00
  0.55  0.62  0.61  0.62  0.72  0.84  0.79  0.84  0.85  0.79  0.63  0.61  0.51  0.50  0.46  0.51  0.54  0.60  0.60  0.59  0.52  0.47  0.40  0.35  0.31  0.30  0.32  0.39  0.44  0.48  0.52  0.52  0.51  0.60  0.63  0.70  0.73  0.90  0.90  0.87  0.90  0.93  0.81  0.62  0.53  0.34  0.17  0.02  0.00  0.00  0.00  0.00  0.00  0.00  0.00  0.00  0.00  0.00  0.00  0.00  0.00  0.00  0.00  0.00
  0.57  0.61  0.59  0.57  0.61  0.72  0.69  0.72  0.73  0.66  0.50  0.48  0.40  0.42  0.45  0.50  0.50  0.55  0.58  0.54  0.46  0.44  0.36  0.30  0.26  0.27  0.33  0.42  0.49  0.56  0.62  0.61  0.59  0.68  0.67  0.70  0.69  0.84  0.77  0.76  0.80  0.84  0.75  0.60  0.51  0.32  0.18  0.02  0.00  0.00  0.00  0.00  0.00  0.00  0.00  0.00  0.00  0.00  0.00  0.00  0.00  0.00  0.00  0.00
  0.51  0.57  0.58  0.60  0.58  0.64  0.59  0.56  0.56  0.53  0.42  0.40  0.36  0.36  0.40  0.47  0.51  0.57  0.65  0.62  0.57  0.52  0.45  0.34  0.28  0.24  0.30  0.40  0.52  0.64  0.74  0.74  0.72  0.78  0.74  0.75  0.74  0.78  0.66  0.65  0.63  0.66  0.68  0.57  0.47  0.32  0.18  0.01  0.00  0.00  0.00  0.00  0.00  0.00  0.00  0.00  0.00  0.00  0.00  0.00  0.00  0.00  0.00  0.00
  0.54  0.59  0.60  0.63  0.57  0.59  0.56  0.53  0.54  0.55  0.46  0.41  0.38  0.37  0.39  0.46  0.49  0.56  0.64  0.64  0.60  0.61  0.55  0.44  0.36  0.31  0.30  0.38  0.52  0.66  0.78  0.77  0.76  0.82  0.78  0.79  0.78  0.72  0.54  0.53  0.45  0.45  0.52  0.48  0.37  0.26  0.17  0.02  0.00  0.00  0.00  0.00  0.00  0.00  0.00  0.00  0.00  0.00  0.00  0.00  0.00  0.00  0.00  0.00
  0.61  0.61  0.58  0.62  0.53  0.50  0.48  0.48  0.48  0.52  0.48  0.44  0.43  0.40  0.42  0.45  0.47  0.53  0.61  0.64  0.63  0.68  0.64  0.54  0.43  0.38  0.36  0.39  0.54  0.71  0.80  0.78  0.78  0.84  0.78  0.73  0.69  0.60  0.40  0.37  0.38  0.43  0.55  0.52  0.40  0.29  0.20  0.02  0.00  0.00  0.00  0.00  0.00  0.00  0.00  0.00  0.00  0.00  0.00  0.00  0.00  0.00  0.00  0.00
  0.64  0.66  0.63  0.66  0.57  0.48  0.42  0.43  0.42  0.49  0.50  0.49  0.51  0.53  0.54  0.55  0.55  0.58  0.65  0.67  0.68  0.76  0.73  0.59  0.48  0.41  0.36  0.37  0.52  0.69  0.77  0.73  0.72  0.67  0.57  0.50  0.49  0.42  0.34  0.35  0.41  0.45  0.55  0.52  0.42  0.28  0.19  0.03  0.00  0.00  0.00  0.00  0.00  0.00  0.00  0.00  0.00  0.00  0.00  0.00  0.00  0.00  0.00  0.00
  0.73  0.77  0.72  0.75  0.64  0.53  0.44  0.43  0.38  0.45  0.50  0.49  0.51  0.56  0.57  0.56  0.58  0.61  0.65  0.67  0.73  0.80  0.86  0.76  0.66  0.56  0.48  0.38  0.48  0.62  0.67  0.66  0.65  0.58  0.51  0.49  0.48  0.43  0.39  0.39  0.42  0.44  0.52  0.49  0.40  0.26  0.17  0.04  0.00  0.00  0.00  0.00  0.00  0.00  0.00  0.00  0.00  0.00  0.00  0.00  0.00  0.00  0.00  0.00
  0.71  0.75  0.69  0.72  0.62  0.48  0.39  0.40  0.33  0.38  0.47  0.48  0.53  0.62  0.65  0.59  0.62  0.62  0.62  0.63  0.71  0.79  0.92  0.92  0.89  0.84  0.75  0.56  0.56  0.61  0.58  0.56  0.58  0.52  0.45  0.45  0.43  0.41  0.39  0.40  0.44  0.45  0.50  0.46  0.36  0.24  0.16  0.04  0.00  0.00  0.00  0.00  0.00  0.00  0.00  0.00  0.00  0.00  0.00  0.00  0.00  0.00  0.00  0.00
  0.66  0.71  0.65  0.67  0.57  0.46  0.35  0.37  0.31  0.37  0.48  0.53  0.58  0.68  0.75  0.71  0.70  0.72  0.73  0.72  0.79  0.84  0.97  0.98  0.96  0.91  0.87  0.65  0.63  0.69  0.63  0.62  0.61  0.53  0.40  0.41  0.37  0.39  0.39  0.41  0.44  0.45  0.48  0.42  0.34  0.23  0.15  0.03  0.00  0.00  0.00  0.00  0.00  0.00  0.00  0.00  0.00  0.00  0.00  0.00  0.00  0.00  0.00  0.00
  0.56  0.62  0.60  0.63  0.53  0.45  0.36  0.35  0.30  0.37  0.49  0.54  0.58  0.70  0.79  0.77  0.77  0.80  0.87  0.85  0.90  0.92  1.03  1.01  1.00  0.93  0.92  0.74  0.68  0.70  0.65  0.64  0.60  0.50  0.37  0.37  0.31  0.35  0.39  0.42  0.42  0.42  0.40  0.33  0.25  0.18  0.11  0.02  0.00  0.00  0.00  0.00  0.00  0.00  0.00  0.00  0.00  0.00  0.00  0.00  0.00  0.00  0.00  0.00
  0.51  0.55  0.56  0.62  0.53  0.48  0.43  0.42  0.38  0.42  0.50  0.53  0.52  0.58  0.68  0.70  0.74  0.87  0.93  0.94  1.01  1.06  1.13  1.23  1.20  1.14  1.14  1.03  1.09  1.08  0.99  0.94  0.88  0.56  0.44  0.44  0.34  0.34  0.38  0.40  0.38  0.38  0.37  0.29  0.22  0.17  0.11  0.02  0.00  0.00  0.00  0.00  0.00  0.00  0.00  0.00  0.00  0.00  0.00  0.00  0.00  0.00  0.00  0.00
  0.46  0.51  0.53  0.60  0.48  0.46  0.44  0.44  0.46  0.51  0.58  0.57  0.53  0.56  0.65  0.68  0.72  0.86  0.92  0.93  0.96  1.02  1.06  1.17  1.19  1.17  1.19  1.13  1.20  1.13  1.01  0.94  0.90  0.59  0.47  0.46  0.35  0.29  0.32  0.34  0.34  0.36  0.37  0.28  0.23  0.19  0.12  0.01  0.00  0.00  0.00  0.00  0.00  0.00  0.00  0.00  0.00  0.00  0.00  0.00  0.00  0.00  0.00  0.00
  0.47  0.50  0.52  0.57  0.44  0.45  0.48  0.47  0.53  0.62  0.66  0.64  0.60  0.59  0.63  0.67  0.67  0.81  0.86  0.89  0.89  1.02  1.10  1.21  1.20  1.19  1.17  1.06  1.13  1.05  0.94  0.88  0.88  0.65  0.57  0.56  0.46  0.35  0.33  0.31  0.30  0.32  0.36  0.26  0.22  0.19  0.11  0.01  0.00  0.00  0.00  0.00  0.00  0.00  0.00  0.00  0.00  0.00  0.00  0.00  0.00  0.00  0.00  0.00
  0.48  0.49  0.52  0.56  0.45  0.48  0.54  0.51  0.56  0.65  0.67  0.61  0.58  0.55  0.53  0.54  0.62  0.74  0.81  0.86  0.94  1.03  1.16  1.27  1.29  1.25  1.18  1.05  1.11  0.98  0.85  0.82  0.88  0.74  0.74  0.74  0.63  0.45  0.36  0.31  0.29  0.28  0.31  0.21  0.18  0.15  0.10  0.01  0.00  0.00  0.00  0.00  0.00  0.00  0.00  0.00  0.00  0.00  0.00  0.00  0.00  0.00  0.00  0.00
  0.49  0.47  0.49  0.51  0.43  0.49  0.60  0.59  0.67  0.73  0.72  0.64  0.60  0.54  0.50  0.49  0.60  0.73  0.79  0.83  0.97  1.03  1.15  1.31  1.37  1.33  1.24  1.11  1.12  1.00  0.87  0.88  0.99  0.90  0.93  0.92  0.76  0.53  0.39  0.30  0.25  0.26  0.28  0.20  0.17  0.14  0.09  0.01  0.00  0.00  0.00  0.00  0.00  0.00  0.00  0.00  0.00  0.00  0.00  0.00  0.00  0.00  0.00  0.00
  0.49  0.49  0.49  0.49  0.43  0.48  0.58  0.61  0.70  0.73  0.74  0.68  0.66  0.61  0.58  0.55  0.64  0.70  0.76  0.76  0.91  0.89  1.03  1.11  1.20  1.14  1.05  0.89  0.76  0.65  0.55  0.63  0.75  0.92  0.93  0.91  0.77  0.55  0.39  0.30  0.26  0.24  0.28  0.19  0.17  0.14  0.09  0.01  0.00  0.00  0.00  0.00  0.00  0.00  0.00  0.00  0.00  0.00  0.00  0.00  0.00  0.00  0.00  0.00
  0.39  0.39  0.40  0.41  0.43  0.49  0.62  0.65  0.71  0.73  0.75  0.68  0.69  0.66  0.60  0.56  0.67  0.74  0.80  0.86  1.01  0.95  1.02  1.07  1.11  1.04  0.97  0.85  0.73  0.67  0.62  0.68  0.76  0.90  0.89  0.84  0.71  0.53  0.39  0.29  0.26  0.25  0.28  0.20  0.16  0.13  0.08  0.01  0.00  0.00  0.00  0.00  0.00  0.00  0.00  0.00  0.00  0.00  0.00  0.00  0.00  0.00  0.00  0.00
  0.40  0.41  0.43  0.46  0.51  0.57  0.68  0.73  0.76  0.74  0.76  0.71  0.69  0.70  0.68  0.60  0.72  0.80  0.85  0.89  1.04  0.92  0.86  0.86  0.88  0.78  0.79  0.78  0.70  0.68  0.68  0.72  0.79  0.89  0.85  0.80  0.67  0.52  0.39  0.31  0.27  0.25  0.27  0.21  0.17  0.13  0.08  0.01  0.00  0.00  0.00  0.00  0.00  0.00  0.00  0.00  0.00  0.00  0.00  0.00  0.00  0.00  0.00  0.00
  0.40  0.42  0.41  0.42  0.48  0.54  0.65  0.72  0.77  0.72  0.74  0.67  0.67  0.72  0.73  0.81  0.90  0.98  1.03  1.05  0.97  0.86  0.74  0.71  0.71  0.66  0.70  0.71  0.64  0.63  0.66  0.67  0.70  1.00  0.97  0.91  0.81  0.70  0.39  0.31  0.27  0.28  0.33  0.26  0.22  0.17  0.10  0.00  0.00  0.00  0.00  0.00  0.00  0.00  0.00  0.00  0.00  0.00  0.00  0.00  0.00  0.00  0.00  0.00
  0.45  0.48  0.46  0.43  0.53  0.60  0.68  0.75  0.79  0.72  0.74  0.65  0.65  0.72  0.73  0.84  1.00  1.08  1.12  1.13  0.97  0.83  0.69  0.59  0.59  0.55  0.57  0.59  0.58  0.57  0.61  0.59  0.61  0.86  0.82  0.78  0.72  0.62  0.34  0.30  0.27  0.28  0.36  0.30  0.25  0.19  0.11  0.01  0.00  0.00  0.00  0.00  0.00  0.00  0.00  0.00  0.00  0.00  0.00  0.00  0.00  0.00  0.00  0.00
  0.38  0.41  0.40  0.37  0.51  0.60  0.69  0.75  0.79  0.70  0.69  0.59  0.59  0.65  0.67  0.80  0.97  1.06  1.11  1.13  0.92  0.79  0.64  0.52  0.53  0.54  0.56  0.60  0.60  0.57  0.61  0.58  0.63  0.82  0.81  0.78  0.72  0.59  0.34  0.29  0.26  0.30  0.35  0.31  0.25  0.19  0.10  0.01  0.00  0.00  0.00  0.00  0.00  0.00  0.00  0.00  0.00  0.00  0.00  0.00  0.00  0.00  0.00  0.00
  0.38  0.40  0.39  0.31  0.43  0.51  0.61  0.69  0.75  0.67  0.65  0.55  0.52  0.56  0.63  0.79  0.95  1.01  1.10  1.04  0.83  0.72  0.60  0.45  0.48  0.50  0.52  0.56  0.58  0.56  0.64  0.62  0.67  0.90  0.93  0.89  0.81  0.68  0.41  0.33  0.28  0.30  0.35  0.31  0.25  0.18  0.10  0.01  0.00  0.00  0.00  0.00  0.00  0.00  0.00  0.00  0.00  0.00  0.00  0.00  0.00  0.00  0.00  0.00
  0.37  0.36  0.33  0.21  0.32  0.40  0.53  0.63  0.68  0.61  0.56  0.42  0.40  0.43  0.51  0.72  0.90  0.97  1.08  1.03  0.81  0.69  0.58  0.45  0.51  0.56  0.57  0.61  0.62  0.58  0.64  0.61  0.64  0.86  0.88  0.83  0.77  0.66  0.38  0.34  0.28  0.32  0.36  0.31  0.23  0.18  0.10  0.02  0.00  0.00  0.00  0.00  0.00  0.00  0.00  0.00  0.00  0.00  0.00  0.00  0.00  0.00  0.00  0.00
  0.37  0.36  0.32  0.20  0.30  0.40  0.52  0.61  0.66  0.60  0.54  0.42  0.40  0.39  0.45  0.52  0.65  0.73  0.83  0.81  0.75  0.64  0.56  0.46  0.50  0.55  0.58  0.61  0.63  0.64  0.67  0.65  0.66  0.66  0.60  0.54  0.48  0.39  0.35  0.34  0.29  0.32  0.35  0.30  0.21  0.18  0.10  0.02  0.00  0.00  0.00  0.00  0.00  0.00  0.00  0.00  0.00  0.00  0.00  0.00  0.00  0.00  0.00  0.00
  0.31  0.32  0.29  0.22  0.27  0.35  0.44  0.52  0.57  0.53  0.46  0.38  0.36  0.34  0.41  0.44  0.47  0.53  0.61  0.61  0.59  0.55  0.53  0.47  0.49  0.56  0.64  0.62  0.62  0.63  0.65  0.62  0.63  0.66  0.63  0.57  0.51  0.46  0.41  0.39  0.34  0.36  0.35  0.30  0.21  0.17  0.09  0.02  0.00  0.00  0.00  0.00  0.00  0.00  0.00  0.00  0.00  0.00  0.00  0.00  0.00  0.00  0.00  0.00
  0.37  0.37  0.33  0.25  0.26  0.30  0.36  0.41  0.46  0.46  0.40  0.34  0.34  0.32  0.37  0.41  0.42  0.48  0.54  0.56  0.55  0.53  0.53  0.51  0.51  0.57  0.63  0.58  0.56  0.57  0.59  0.57  0.57  0.61  0.58  0.53  0.48  0.45  0.40  0.38  0.34  0.35  0.37  0.32  0.23  0.18  0.11  0.03  0.00  0.00  0.00  0.00  0.00  0.00  0.00  0.00  0.00  0.00  0.00  0.00  0.00  0.00  0.00  0.00
  0.35  0.37  0.35  0.30  0.30  0.34  0.35  0.44  0.50  0.51  0.46  0.45  0.39  0.36  0.37  0.40  0.41  0.47  0.51  0.57  0.56  0.53  0.55  0.59  0.56  0.59  0.61  0.54  0.46  0.47  0.43  0.42  0.43  0.45  0.40  0.41  0.39  0.37  0.36  0.41  0.38  0.42  0.45  0.41  0.28  0.22  0.14  0.03  0.00  0.00  0.00  0.00  0.00  0.00  0.00  0.00  0.00  0.00  0.00  0.00  0.00  0.00  0.00  0.00
  0.94  0.83  0.74  0.58  0.46  0.41  0.38  0.44  0.45  0.46  0.42  0.44  0.37  0.33  0.33  0.35  0.33  0.37  0.41  0.48  0.48  0.53  0.57  0.64  0.59  0.63  0.57  0.49  0.38  0.41  0.34  0.35  0.37  0.49  0.48  0.50  0.48  0.47  0.39  0.42  0.40  0.44  0.49  0.49  0.36  0.30  0.20  0.08  0.00  0.00  0.00  0.00  0.00  0.00  0.00  0.00  0.00  0.00  0.00  0.00  0.00  0.00  0.00  0.00
  0.88  0.76  0.69  0.55  0.42  0.35  0.31  0.36  0.36  0.37  0.34  0.35  0.28  0.25  0.25  0.27  0.27  0.30  0.33  0.38  0.38  0.41  0.45  0.51  0.47  0.50  0.46  0.40  0.30  0.27  0.23  0.24  0.26  0.37  0.42  0.44  0.42  0.40  0.34  0.36  0.34  0.37  0.41  0.42  0.30  0.25  0.17  0.07  0.00  0.00  0.00  0.00  0.00  0.00  0.00  0.00  0.00  0.00  0.00  0.00  0.00  0.00  0.00  0.00
  0.83  0.69  0.61  0.47  0.33  0.25  0.23  0.28  0.28  0.28  0.28  0.29  0.21  0.19  0.19  0.21  0.22  0.24  0.25  0.30  0.29  0.33  0.32  0.39  0.36  0.37  0.31  0.30  0.20  0.18  0.15  0.15  0.17  0.27  0.30  0.32  0.31  0.29  0.23  0.26  0.24  0.28  0.33  0.34  0.25  0.21  0.15  0.07  0.00  0.00  0.00  0.00  0.00  0.00  0.00  0.00  0.00  0.00  0.00  0.00  0.00  0.00  0.00  0.00
  0.74  0.60  0.53  0.39  0.25  0.20  0.19  0.25  0.21  0.23  0.21  0.22  0.13  0.12  0.12  0.13  0.12  0.12  0.13  0.16  0.16  0.21  0.22  0.28  0.25  0.27  0.21  0.20  0.12  0.11  0.07  0.08  0.09  0.18  0.20  0.23  0.23  0.23  0.17  0.19  0.18  0.21  0.25  0.27  0.20  0.17  0.12  0.06  0.00  0.00  0.00  0.00  0.00  0.00  0.00  0.00  0.00  0.00  0.00  0.00  0.00  0.00  0.00  0.00
  0.67  0.53  0.44  0.30  0.18  0.12  0.12  0.11  0.07  0.06  0.04  0.04  0.03  0.04  0.04  0.04  0.03  0.03  0.03  0.04  0.05  0.10  0.10  0.13  0.14  0.16  0.12  0.11  0.08  0.06  0.03  0.02  0.03  0.13  0.15  0.15  0.16  0.16  0.09  0.09  0.09  0.10  0.11  0.13  0.11  0.10  0.08  0.05  0.00  0.00  0.00  0.00  0.00  0.00  0.00  0.00  0.00  0.00  0.00  0.00  0.00  0.00  0.00  0.00
  0.00  0.00  0.00  0.00  0.00  0.00  0.00  0.00  0.00  0.00  0.00  0.00  0.00  0.00  0.00  0.00  0.00  0.00  0.00  0.00  0.00  0.00  0.00  0.00  0.00  0.00  0.00  0.00  0.00  0.00  0.00  0.00  0.00  0.00  0.00  0.00  0.00  0.00  0.00  0.00  0.00  0.00  0.00  0.00  0.00  0.00  0.00  0.00  0.00  0.00  0.00  0.00  0.00  0.00  0.00  0.00  0.00  0.00  0.00  0.00  0.00  0.00  0.00  0.00
  0.00  0.00  0.00  0.00  0.00  0.00  0.00  0.00  0.00  0.00  0.00  0.00  0.00  0.00  0.00  0.00  0.00  0.00  0.00  0.00  0.00  0.00  0.00  0.00  0.00  0.00  0.00  0.00  0.00  0.00  0.00  0.00  0.00  0.00  0.00  0.00  0.00  0.00  0.00  0.00  0.00  0.00  0.00  0.00  0.00  0.00  0.00  0.00  0.00  0.00  0.00  0.00  0.00  0.00  0.00  0.00  0.00  0.00  0.00  0.00  0.00  0.00  0.00  0.00
  0.00  0.00  0.00  0.00  0.00  0.00  0.00  0.00  0.00  0.00  0.00  0.00  0.00  0.00  0.00  0.00  0.00  0.00  0.00  0.00  0.00  0.00  0.00  0.00  0.00  0.00  0.00  0.00  0.00  0.00  0.00  0.00  0.00  0.00  0.00  0.00  0.00  0.00  0.00  0.00  0.00  0.00  0.00  0.00  0.00  0.00  0.00  0.00  0.00  0.00  0.00  0.00  0.00  0.00  0.00  0.00  0.00  0.00  0.00  0.00  0.00  0.00  0.00  0.00
  0.00  0.00  0.00  0.00  0.00  0.00  0.00  0.00  0.00  0.00  0.00  0.00  0.00  0.00  0.00  0.00  0.00  0.00  0.00  0.00  0.00  0.00  0.00  0.00  0.00  0.00  0.00  0.00  0.00  0.00  0.00  0.00  0.00  0.00  0.00  0.00  0.00  0.00  0.00  0.00  0.00  0.00  0.00  0.00  0.00  0.00  0.00  0.00  0.00  0.00  0.00  0.00  0.00  0.00  0.00  0.00  0.00  0.00  0.00  0.00  0.00  0.00  0.00  0.00
  0.00  0.00  0.00  0.00  0.00  0.00  0.00  0.00  0.00  0.00  0.00  0.00  0.00  0.00  0.00  0.00  0.00  0.00  0.00  0.00  0.00  0.00  0.00  0.00  0.00  0.00  0.00  0.00  0.00  0.00  0.00  0.00  0.00  0.00  0.00  0.00  0.00  0.00  0.00  0.00  0.00  0.00  0.00  0.00  0.00  0.00  0.00  0.00  0.00  0.00  0.00  0.00  0.00  0.00  0.00  0.00  0.00  0.00  0.00  0.00  0.00  0.00  0.00  0.00
  0.00  0.00  0.00  0.00  0.00  0.00  0.00  0.00  0.00  0.00  0.00  0.00  0.00  0.00  0.00  0.00  0.00  0.00  0.00  0.00  0.00  0.00  0.00  0.00  0.00  0.00  0.00  0.00  0.00  0.00  0.00  0.00  0.00  0.00  0.00  0.00  0.00  0.00  0.00  0.00  0.00  0.00  0.00  0.00  0.00  0.00  0.00  0.00  0.00  0.00  0.00  0.00  0.00  0.00  0.00  0.00  0.00  0.00  0.00  0.00  0.00  0.00  0.00  0.00
  0.00  0.00  0.00  0.00  0.00  0.00  0.00  0.00  0.00  0.00  0.00  0.00  0.00  0.00  0.00  0.00  0.00  0.00  0.00  0.00  0.00  0.00  0.00  0.00  0.00  0.00  0.00  0.00  0.00  0.00  0.00  0.00  0.00  0.00  0.00  0.00  0.00  0.00  0.00  0.00  0.00  0.00  0.00  0.00  0.00  0.00  0.00  0.00  0.00  0.00  0.00  0.00  0.00  0.00  0.00  0.00  0.00  0.00  0.00  0.00  0.00  0.00  0.00  0.00
  0.00  0.00  0.00  0.00  0.00  0.00  0.00  0.00  0.00  0.00  0.00  0.00  0.00  0.00  0.00  0.00  0.00  0.00  0.00  0.00  0.00  0.00  0.00  0.00  0.00  0.00  0.00  0.00  0.00  0.00  0.00  0.00  0.00  0.00  0.00  0.00  0.00  0.00  0.00  0.00  0.00  0.00  0.00  0.00  0.00  0.00  0.00  0.00  0.00  0.00  0.00  0.00  0.00  0.00  0.00  0.00  0.00  0.00  0.00  0.00  0.00  0.00  0.00  0.00
  0.00  0.00  0.00  0.00  0.00  0.00  0.00  0.00  0.00  0.00  0.00  0.00  0.00  0.00  0.00  0.00  0.00  0.00  0.00  0.00  0.00  0.00  0.00  0.00  0.00  0.00  0.00  0.00  0.00  0.00  0.00  0.00  0.00  0.00  0.00  0.00  0.00  0.00  0.00  0.00  0.00  0.00  0.00  0.00  0.00  0.00  0.00  0.00  0.00  0.00  0.00  0.00  0.00  0.00  0.00  0.00  0.00  0.00  0.00  0.00  0.00  0.00  0.00  0.00
  0.00  0.00  0.00  0.00  0.00  0.00  0.00  0.00  0.00  0.00  0.00  0.00  0.00  0.00  0.00  0.00  0.00  0.00  0.00  0.00  0.00  0.00  0.00  0.00  0.00  0.00  0.00  0.00  0.00  0.00  0.00  0.00  0.00  0.00  0.00  0.00  0.00  0.00  0.00  0.00  0.00  0.00  0.00  0.00  0.00  0.00  0.00  0.00  0.00  0.00  0.00  0.00  0.00  0.00  0.00  0.00  0.00  0.00  0.00  0.00  0.00  0.00  0.00  0.00
  0.00  0.00  0.00  0.00  0.00  0.00  0.00  0.00  0.00  0.00  0.00  0.00  0.00  0.00  0.00  0.00  0.00  0.00  0.00  0.00  0.00  0.00  0.00  0.00  0.00  0.00  0.00  0.00  0.00  0.00  0.00  0.00  0.00  0.00  0.00  0.00  0.00  0.00  0.00  0.00  0.00  0.00  0.00  0.00  0.00  0.00  0.00  0.00  0.00  0.00  0.00  0.00  0.00  0.00  0.00  0.00  0.00  0.00  0.00  0.00  0.00  0.00  0.00  0.00
  0.00  0.00  0.00  0.00  0.00  0.00  0.00  0.00  0.00  0.00  0.00  0.00  0.00  0.00  0.00  0.00  0.00  0.00  0.00  0.00  0.00  0.00  0.00  0.00  0.00  0.00  0.00  0.00  0.00  0.00  0.00  0.00  0.00  0.00  0.00  0.00  0.00  0.00  0.00  0.00  0.00  0.00  0.00  0.00  0.00  0.00  0.00  0.00  0.00  0.00  0.00  0.00  0.00  0.00  0.00  0.00  0.00  0.00  0.00  0.00  0.00  0.00  0.00  0.00
  0.00  0.00  0.00  0.00  0.00  0.00  0.00  0.00  0.00  0.00  0.00  0.00  0.00  0.00  0.00  0.00  0.00  0.00  0.00  0.00  0.00  0.00  0.00  0.00  0.00  0.00  0.00  0.00  0.00  0.00  0.00  0.00  0.00  0.00  0.00  0.00  0.00  0.00  0.00  0.00  0.00  0.00  0.00  0.00  0.00  0.00  0.00  0.00  0.00  0.00  0.00  0.00  0.00  0.00  0.00  0.00  0.00  0.00  0.00  0.00  0.00  0.00  0.00  0.00
  0.00  0.00  0.00  0.00  0.00  0.00  0.00  0.00  0.00  0.00  0.00  0.00  0.00  0.00  0.00  0.00  0.00  0.00  0.00  0.00  0.00  0.00  0.00  0.00  0.00  0.00  0.00  0.00  0.00  0.00  0.00  0.00  0.00  0.00  0.00  0.00  0.00  0.00  0.00  0.00  0.00  0.00  0.00  0.00  0.00  0.00  0.00  0.00  0.00  0.00  0.00  0.00  0.00  0.00  0.00  0.00  0.00  0.00  0.00  0.00  0.00  0.00  0.00  0.00
  0.00  0.00  0.00  0.00  0.00  0.00  0.00  0.00  0.00  0.00  0.00  0.00  0.00  0.00  0.00  0.00  0.00  0.00  0.00  0.00  0.00  0.00  0.00  0.00  0.00  0.00  0.00  0.00  0.00  0.00  0.00  0.00  0.00  0.00  0.00  0.00  0.00  0.00  0.00  0.00  0.00  0.00  0.00  0.00  0.00  0.00  0.00  0.00  0.00  0.00  0.00  0.00  0.00  0.00  0.00  0.00  0.00  0.00  0.00  0.00  0.00  0.00  0.00  0.00
  0.00  0.00  0.00  0.00  0.00  0.00  0.00  0.00  0.00  0.00  0.00  0.00  0.00  0.00  0.00  0.00  0.00  0.00  0.00  0.00  0.00  0.00  0.00  0.00  0.00  0.00  0.00  0.00  0.00  0.00  0.00  0.00  0.00  0.00  0.00  0.00  0.00  0.00  0.00  0.00  0.00  0.00  0.00  0.00  0.00  0.00  0.00  0.00  0.00  0.00  0.00  0.00  0.00  0.00  0.00  0.00  0.00  0.00  0.00  0.00  0.00  0.00  0.00  0.00

 density range (Hz): 0.000000 1.368000