Array Size: 64  64
  0.68  0.75  0.73  1.46  1.09  0.80  0.79  0.57  0.34  0.32  0.41  0.33  0.39  0.52  0.35  0.25  0.17  0.15  0.00  0.00  0.00  0.00  0.00  0.00  0.14  0.15  0.15  0.14  0.14  0.00  0.00  0.00  0.00  0.00  0.00  0.00  0.00  0.00  0.00  0.00  0.00  0.00  0.00  0.00  0.00  0.00  0.00  0.00  0.00  0.00  0.00  0.00  0.00  0.00  0.00  0.00  0.00  0.00  0.00  0.00  0.00  0.00  0.00  0.00
  1.35  1.45  1.31  2.19  1.72  1.17  0.94  1.29  1.05  0.97  1.07  1.01  0.62  0.44  0.31  0.23  0.16  0.15  0.00  0.00  0.00  0.00  0.00  0.00  0.10  0.12  0.11  0.11  0.11  0.00  0.00  0.00  0.00  0.00  0.00  0.00  0.00  0.00  0.00  0.00  0.00  0.00  0.00  0.00  0.00  0.00  0.00  0.00  0.00  0.00  0.00  0.00  0.00  0.00  0.00  0.00  0.00  0.00  0.00  0.00  0.00  0.00  0.00  0.00
  1.26  0.00  1.31  1.96  1.59  1.27  1.12  1.29  1.10  1.03  1.03  0.99  0.61  0.39  0.28  0.21  0.15  0.14  0.00  0.00  0.00  0.07  0.07  0.15  0.24  0.36  0.26  0.25  0.18  0.09  0.00  0.00  0.00  0.00  0.00  0.00  0.00  0.00  0.00  0.00  0.00  0.00  0.00  0.00  0.00  0.00  0.00  0.00  0.00  0.00  0.00  0.00  0.00  0.00  0.00  0.00  0.00  0.00  0.00  0.00  0.00  0.00  0.00  0.00
  2.53  2.30  2.09  2.73  2.37  1.79  1.90  2.23  1.84  1.64  1.53  1.17  0.59  0.28  0.20  0.21  0.21  0.20  0.00  0.00  0.00  0.07  0.14  0.47  0.82  1.05  0.77  0.68  0.35  0.09  0.00  0.00  0.00  0.00  0.00  0.00  0.00  0.00  0.00  0.00  0.00  0.00  0.00  0.00  0.00  0.00  0.00  0.00  0.00  0.00  0.00  0.00  0.00  0.00  0.00  0.00  0.00  0.00  0.00  0.00  0.00  0.00  0.00  0.00
  0.00  2.42  2.48  3.34  2.94  2.48  2.51  2.82  2.21  2.01  1.89  1.60  0.68  0.33  0.36  0.27  0.25  0.19  0.00  0.00  0.00  0.18  0.40  0.81  1.23  1.50  1.13  0.81  0.31  0.10  0.00  0.00  0.00  0.00  0.00  0.00  0.00  0.00  0.00  0.00  0.00  0.00  0.00  0.00  0.00  0.00  0.00  0.00  0.00  0.00  0.00  0.00  0.00  0.00  0.00  0.00  0.00  0.00  0.00  0.00  0.00  0.00  0.00  0.00
  2.88  2.78  2.81  2.82  2.53  2.54  2.48  2.75  2.56  2.48  1.78  1.56  0.56  0.11  0.12  0.00  0.00  0.00  0.00  0.00  0.06  0.36  0.95  1.50  2.02  2.26  1.92  1.21  0.65  0.43  0.23  0.13  0.12  0.00  0.00  0.00  0.06  0.06  0.07  0.06  0.08  0.00  0.00  0.00  0.00  0.00  0.00  0.00  0.00  0.00  0.00  0.00  0.00  0.00  0.00  0.00  0.00  0.00  0.00  0.00  0.00  0.00  0.00  0.00
  1.78  1.72  2.08  2.09  1.94  2.25  2.37  2.23  2.13  2.10  1.16  0.79  0.28  0.10  0.10  0.00  0.00  0.00  0.00  0.00  0.12  0.63  1.48  2.02  2.97  3.11  2.62  1.63  1.08  0.43  0.24  0.13  0.11  0.00  0.00  0.00  0.06  0.06  0.07  0.06  0.06  0.00  0.00  0.00  0.00  0.00  0.00  0.00  0.00  0.00  0.00  0.00  0.00  0.00  0.00  0.00  0.00  0.00  0.00  0.00  0.00  0.00  0.00  0.00
  0.00  1.77  1.86  1.86  1.68  1.98  2.11  2.06  2.02  2.04  1.13  0.69  0.26  0.17  0.09  0.00  0.00  0.00  0.00  0.06  0.39  0.84  1.70  2.30  3.08  3.08  2.82  1.93  1.31  0.69  0.68  0.30  0.14  0.00  0.00  0.08  0.14  0.14  0.14  0.10  0.05  0.00  0.00  0.00  0.00  0.00  0.00  0.00  0.00  0.00  0.00  0.00  0.00  0.00  0.00  0.00  0.00  0.00  0.00  0.00  0.00  0.00  0.00  0.00
  1.16  1.14  1.31  1.29  1.02  1.50  1.42  1.41  1.40  1.50  0.78  0.67  0.25  0.24  0.15  0.08  0.08  0.07  0.00  0.06  0.39  0.88  1.73  2.31  2.92  3.12  2.94  1.92  1.26  0.81  0.79  0.39  0.14  0.00  0.00  0.09  0.16  0.15  0.15  0.10  0.05  0.00  0.00  0.00  0.00  0.00  0.00  0.00  0.00  0.00  0.00  0.00  0.00  0.00  0.00  0.00  0.00  0.00  0.00  0.00  0.00  0.00  0.00  0.00
  0.64  0.70  0.73  0.60  0.48  0.95  0.92  0.84  0.94  0.99  0.39  0.28  0.16  0.15  0.07  0.08  0.08  0.07  0.00  0.08  0.47  0.93  1.71  2.55  2.87  3.21  3.05  2.28  1.56  1.25  0.92  0.42  0.00  0.00  0.00  0.09  0.16  0.15  0.15  0.11  0.05  0.05  0.04  0.05  0.07  0.11  0.00  0.00  0.00  0.00  0.00  0.00  0.00  0.00  0.00  0.00  0.00  0.00  0.00  0.00  0.00  0.00  0.00  0.00
  0.45  0.34  0.28  0.24  0.07  0.21  0.33  0.29  0.32  0.39  0.27  0.14  0.16  0.16  0.07  0.08  0.08  0.07  0.00  0.14  0.41  0.74  1.20  1.99  2.20  2.79  2.55  2.16  1.45  1.15  0.62  0.37  0.12  0.09  0.08  0.16  0.08  0.08  0.08  0.06  0.00  0.04  0.04  0.05  0.07  0.00  0.00  0.00  0.00  0.00  0.00  0.00  0.00  0.00  0.00  0.00  0.00  0.00  0.00  0.00  0.00  0.00  0.00  0.00
  0.42  0.32  0.27  0.16  0.00  0.07  0.12  0.10  0.11  0.15  0.10  0.05  0.06  0.13  0.07  0.08  0.08  0.07  0.00  0.21  0.42  0.67  0.96  1.77  2.10  2.75  2.70  2.39  1.74  1.27  0.68  0.33  0.12  0.10  0.09  0.16  0.09  0.08  0.08  0.06  0.00  0.05  0.15  0.17  0.23  0.35  0.00  0.00  0.00  0.00  0.00  0.00  0.00  0.00  0.00  0.00  0.00  0.00  0.00  0.00  0.00  0.00  0.00  0.00
  0.14  0.10  0.09  0.08  0.00  0.00  0.00  0.00  0.00  0.00  0.00  0.00  0.00  0.12  0.14  0.15  0.15  0.13  0.00  0.18  0.23  0.43  0.67  1.51  1.95  2.80  2.68  2.26  1.56  0.96  0.30  0.19  0.20  0.16  0.15  0.14  0.07  0.07  0.07  0.13  0.18  0.22  0.33  0.39  0.41  0.46  0.00  0.00  0.00  0.00  0.00  0.00  0.00  0.00  0.00  0.00  0.00  0.00  0.00  0.00  0.00  0.00  0.00  0.00
  0.00  0.00  0.00  0.00  0.00  0.05  0.05  0.04  0.04  0.04  0.00  0.00  0.00  0.17  0.21  0.22  0.22  0.19  0.00  0.17  0.24  0.39  0.60  1.35  1.74  2.44  2.38  1.96  1.39  0.84  0.20  0.10  0.20  0.18  0.16  0.16  0.08  0.07  0.06  0.12  0.25  0.28  0.58  0.74  0.82  0.00  0.00  0.00  0.00  0.00  0.00  0.00  0.00  0.00  0.00  0.00  0.00  0.00  0.00  0.00  0.00  0.00  0.00  0.00
  0.00  0.00  0.00  0.00  0.00  0.05  0.05  0.04  0.04  0.04  0.00  0.00  0.00  0.17  0.20  0.22  0.22  0.19  0.00  0.19  0.25  0.41  0.57  1.02  1.43  1.90  1.78  1.43  1.01  0.44  0.09  0.09  0.18  0.18  0.17  0.17  0.09  0.07  0.05  0.16  0.36  0.38  0.69  0.95  0.95  0.00  0.00  0.00  0.00  0.00  0.00  0.00  0.00  0.00  0.00  0.00  0.00  0.00  0.00  0.00  0.00  0.00  0.00  0.00
  0.00  0.00  0.00  0.00  0.00  0.05  0.05  0.04  0.13  0.13  0.09  0.19  0.30  0.42  0.51  0.51  0.36  0.26  0.00  0.14  0.23  0.42  0.57  0.80  1.38  1.43  1.36  1.00  0.72  0.17  0.08  0.00  0.09  0.10  0.10  0.09  0.08  0.06  0.05  0.14  0.35  0.43  0.79  1.07  1.06  1.12  0.00  0.00  0.00  0.00  0.00  0.00  0.00  0.00  0.00  0.00  0.00  0.00  0.00  0.00  0.00  0.00  0.00  0.00
  0.00  0.00  0.00  0.00  0.00  0.05  0.05  0.09  0.33  0.35  0.38  0.52  0.63  0.55  0.61  0.63  0.45  0.33  0.07  0.14  0.15  0.17  0.20  0.46  0.39  0.27  0.49  0.41  0.18  0.17  0.16  0.00  0.08  0.20  0.25  0.00  0.22  0.18  0.09  0.14  0.35  0.43  0.74  0.96  0.97  0.95  0.00  0.00  0.00  0.00  0.00  0.00  0.00  0.00  0.00  0.00  0.00  0.00  0.00  0.00  0.00  0.00  0.00  0.00
  0.00  0.00  0.00  0.07  0.07  0.28  0.29  0.44  0.71  0.85  1.29  1.75  2.08  1.92  1.78  1.19  0.80  0.51  0.14  0.07  0.00  0.00  0.00  0.13  0.15  0.15  0.37  0.29  0.16  0.14  0.13  0.00  0.00  0.12  0.18  0.17  0.17  0.14  0.05  0.05  0.25  0.33  0.64  0.79  0.87  0.86  0.00  0.00  0.00  0.00  0.00  0.00  0.00  0.00  0.00  0.00  0.00  0.00  0.00  0.00  0.00  0.00  0.00  0.00
  0.00  0.00  0.00  0.07  0.07  0.31  0.34  0.86  1.28  1.59  2.19  2.83  2.65  2.24  1.78  1.18  0.70  0.42  0.19  0.13  0.00  0.00  0.00  0.00  0.00  0.00  0.27  0.20  0.15  0.13  0.11  0.00  0.00  0.10  0.16  0.16  0.16  0.15  0.06  0.06  0.19  0.30  0.41  0.49  0.51  0.00  0.00  0.00  0.00  0.00  0.00  0.00  0.00  0.00  0.00  0.00  0.00  0.00  0.00  0.00  0.00  0.00  0.00  0.00
  0.00  0.00  0.00  0.06  0.14  0.48  0.58  1.29  1.72  2.18  2.71  3.54  3.20  3.04  2.17  1.49  0.89  0.57  0.19  0.13  0.00  0.00  0.00  0.00  0.00  0.00  0.00  0.32  0.23  0.18  0.15  0.05  0.00  0.10  0.15  0.15  0.15  0.17  0.07  0.00  0.00  0.09  0.23  0.25  0.33  0.00  0.00  0.00  0.00  0.00  0.00  0.00  0.00  0.00  0.00  0.00  0.00  0.00  0.00  0.00  0.00  0.00  0.00  0.00
  0.00  0.00  0.00  0.06  0.15  0.56  0.67  1.60  2.16  2.69  3.28  4.16  3.44  3.37  2.41  1.59  0.85  0.61  0.20  0.13  0.00  0.00  0.00  0.00  0.00  0.11  0.34  0.41  0.30  0.45  0.35  0.26  0.21  0.29  0.15  0.16  0.18  0.20  0.10  0.00  0.00  0.00  0.07  0.08  0.10  0.14  0.00  0.00  0.00  0.00  0.00  0.00  0.00  0.00  0.00  0.00  0.00  0.00  0.00  0.00  0.00  0.00  0.00  0.00
  0.00  0.00  0.00  0.06  0.14  0.67  0.85  1.88  2.30  2.88  3.02  3.84  3.44  3.39  2.51  1.90  1.17  0.55  0.18  0.12  0.06  0.05  0.05  0.00  0.00  0.10  0.11  0.22  0.15  0.35  0.26  0.27  0.22  0.24  0.00  0.00  0.00  0.00  0.00  0.00  0.00  0.00  0.00  0.00  0.00  0.00  0.00  0.00  0.00  0.00  0.00  0.00  0.00  0.00  0.00  0.00  0.00  0.00  0.00  0.00  0.00  0.00  0.00  0.00
  0.00  0.00  0.00  0.00  0.06  0.38  0.55  1.58  2.23  2.83  2.58  3.12  2.66  2.50  1.74  1.57  1.03  0.52  0.25  0.12  0.05  0.05  0.05  0.00  0.00  0.07  0.08  0.21  0.25  0.52  0.42  0.43  0.37  0.34  0.00  0.00  0.00  0.00  0.00  0.00  0.00  0.00  0.00  0.00  0.00  0.00  0.00  0.00  0.00  0.00  0.00  0.00  0.00  0.00  0.00  0.00  0.00  0.00  0.00  0.00  0.00  0.00  0.00  0.00
  0.00  0.00  0.00  0.00  0.07  0.33  0.72  1.52  2.21  2.84  2.74  3.03  2.80  2.66  2.04  1.68  1.16  0.58  0.19  0.06  0.06  0.05  0.09  0.04  0.04  0.10  0.16  0.29  0.35  0.65  0.62  0.64  0.49  0.47  0.09  0.09  0.00  0.00  0.00  0.00  0.00  0.00  0.00  0.00  0.00  0.00  0.00  0.00  0.00  0.00  0.00  0.00  0.00  0.00  0.00  0.00  0.00  0.00  0.00  0.00  0.00  0.00  0.00  0.00
  0.00  0.00  0.00  0.00  0.00  0.18  0.46  1.20  1.95  2.17  2.18  2.32  2.27  1.99  1.65  1.30  0.92  0.39  0.16  0.06  0.05  0.05  0.25  0.20  0.21  0.31  0.41  0.37  0.70  0.93  0.89  0.84  0.72  0.46  0.10  0.10  0.00  0.00  0.00  0.00  0.00  0.00  0.00  0.00  0.00  0.00  0.00  0.00  0.00  0.00  0.00  0.00  0.00  0.00  0.00  0.00  0.00  0.00  0.00  0.00  0.00  0.00  0.00  0.00
  0.00  0.00  0.00  0.00  0.00  0.18  0.45  1.02  1.34  1.51  1.55  1.49  1.65  1.54  1.26  0.94  0.78  0.30  0.14  0.05  0.04  0.04  0.23  0.28  0.36  0.52  0.65  0.65  1.11  1.03  0.99  0.94  0.86  0.32  0.33  0.22  0.00  0.00  0.00  0.00  0.00  0.00  0.00  0.00  0.00  0.00  0.00  0.00  0.00  0.00  0.00  0.00  0.00  0.00  0.00  0.00  0.00  0.00  0.00  0.00  0.00  0.00  0.00  0.00
  0.00  0.09  0.14  0.13  0.08  0.17  0.37  0.67  0.96  1.04  1.35  1.20  1.16  1.10  0.94  0.51  0.43  0.23  0.09  0.00  0.00  0.00  0.18  0.26  0.33  0.60  0.84  1.05  1.51  1.48  1.49  1.35  1.10  0.50  0.54  0.18  0.00  0.00  0.00  0.00  0.00  0.00  0.00  0.00  0.00  0.00  0.00  0.00  0.00  0.00  0.00  0.00  0.00  0.00  0.00  0.00  0.00  0.00  0.00  0.00  0.00  0.00  0.00  0.00
  0.00  0.30  0.30  0.27  0.25  0.17  0.27  0.36  0.53  0.54  0.90  0.84  0.90  0.85  0.68  0.29  0.22  0.09  0.00  0.00  0.00  0.00  0.19  0.31  0.37  0.62  0.94  1.10  1.50  1.53  1.58  1.37  1.06  0.40  0.51  0.18  0.00  0.00  0.00  0.00  0.00  0.00  0.00  0.00  0.00  0.00  0.00  0.00  0.00  0.00  0.00  0.00  0.00  0.00  0.00  0.00  0.00  0.00  0.00  0.00  0.00  0.00  0.00  0.00
  0.00  0.30  0.31  0.28  0.27  0.18  0.08  0.09  0.23  0.26  0.36  0.44  0.40  0.27  0.19  0.06  0.00  0.00  0.00  0.00  0.00  0.00  0.18  0.30  0.37  0.64  0.96  1.21  1.63  1.67  1.69  1.55  1.14  0.43  0.49  0.21  0.00  0.00  0.00  0.00  0.00  0.00  0.00  0.00  0.00  0.00  0.00  0.00  0.00  0.00  0.00  0.00  0.00  0.00  0.00  0.00  0.00  0.00  0.00  0.00  0.00  0.00  0.00  0.00
  0.42  0.51  0.46  0.43  0.35  0.25  0.07  0.00  0.07  0.12  0.24  0.26  0.27  0.22  0.15  0.00  0.00  0.00  0.00  0.00  0.00  0.00  0.03  0.16  0.22  0.45  0.74  1.10  1.48  1.59  1.69  1.62  1.18  0.54  0.54  0.33  0.06  0.00  0.00  0.00  0.00  0.00  0.00  0.00  0.00  0.00  0.00  0.00  0.00  0.00  0.00  0.00  0.00  0.00  0.00  0.00  0.00  0.00  0.00  0.00  0.00  0.00  0.00  0.00
  0.55  0.64  0.57  0.47  0.37  0.25  0.07  0.00  0.06  0.05  0.06  0.06  0.07  0.00  0.00  0.00  0.00  0.00  0.00  0.00  0.00  0.00  0.03  0.09  0.09  0.27  0.52  0.83  1.18  1.32  1.52  1.45  1.01  0.66  0.65  0.39  0.16  0.15  0.00  0.00  0.00  0.00  0.00  0.00  0.00  0.00  0.00  0.00  0.00  0.00  0.00  0.00  0.00  0.00  0.00  0.00  0.00  0.00  0.00  0.00  0.00  0.00  0.00  0.00
  0.67  0.71  0.57  0.49  0.37  0.17  0.00  0.00  0.00  0.00  0.00  0.00  0.00  0.00  0.00  0.00  0.06  0.06  0.05  0.05  0.04  0.04  0.08  0.11  0.10  0.18  0.27  0.41  0.63  0.74  0.94  1.02  0.75  0.57  0.56  0.44  0.21  0.22  0.00  0.00  0.00  0.00  0.00  0.00  0.00  0.00  0.00  0.00  0.00  0.00  0.00  0.00  0.00  0.00  0.00  0.00  0.00  0.00  0.00  0.00  0.00  0.00  0.00  0.00
  0.68  0.64  0.50  0.39  0.18  0.08  0.00  0.00  0.00  0.00  0.00  0.00  0.00  0.00  0.00  0.00  0.06  0.11  0.10  0.14  0.12  0.13  0.12  0.11  0.07  0.15  0.12  0.24  0.38  0.42  0.52  0.82  0.63  0.58  0.59  0.48  0.23  0.22  0.00  0.00  0.00  0.00  0.00  0.00  0.00  0.00  0.00  0.00  0.00  0.00  0.00  0.00  0.00  0.00  0.00  0.00  0.00  0.00  0.00  0.00  0.00  0.00  0.00  0.00
  1.33  1.33  1.03  0.87  0.47  0.21  0.00  0.00  0.00  0.00  0.00  0.00  0.00  0.00  0.00  0.00  0.06  0.15  0.14  0.18  0.15  0.17  0.09  0.09  0.05  0.10  0.05  0.10  0.23  0.23  0.35  0.55  0.51  0.49  0.52  0.40  0.24  0.23  0.00  0.00  0.00  0.00  0.00  0.00  0.00  0.00  0.00  0.00  0.00  0.00  0.00  0.00  0.00  0.00  0.00  0.00  0.00  0.00  0.00  0.00  0.00  0.00  0.00  0.00
  2.02  1.92  1.55  1.06  0.58  0.29  0.00  0.00  0.00  0.00  0.00  0.06  0.06  0.11  0.11  0.20  0.18  0.29  0.23  0.27  0.21  0.32  0.22  0.23  0.17  0.24  0.06  0.11  0.13  0.13  0.24  0.36  0.29  0.92  0.95  0.88  0.89  1.03  0.00  0.00  0.00  0.00  0.00  0.00  0.00  0.00  0.00  0.00  0.00  0.00  0.00  0.00  0.00  0.00  0.00  0.00  0.00  0.00  0.00  0.00  0.00  0.00  0.00  0.00
  3.14  2.72  2.26  1.12  0.60  0.33  0.00  0.00  0.00  0.00  0.00  0.06  0.06  0.11  0.11  0.24  0.24  0.45  0.39  0.43  0.37  0.48  0.23  0.27  0.20  0.22  0.00  0.07  0.07  0.07  0.07  0.07  0.00  0.74  0.78  0.82  0.89  1.04  0.00  0.00  0.00  0.00  0.00  0.00  0.00  0.00  0.00  0.00  0.00  0.00  0.00  0.00  0.00  0.00  0.00  0.00  0.00  0.00  0.00  0.00  0.00  0.00  0.00  0.00
  3.32  3.05  2.48  1.20  0.62  0.40  0.00  0.00  0.00  0.00  0.00  0.07  0.07  0.25  0.24  0.45  0.41  0.68  0.54  0.57  0.48  0.56  0.19  0.23  0.15  0.15  0.00  0.00  0.00  0.00  0.00  0.00  0.06  0.78  0.79  0.82  0.89  1.01  0.00  0.00  0.00  0.00  0.00  0.00  0.00  0.00  0.00  0.00  0.00  0.00  0.00  0.00  0.00  0.00  0.00  0.00  0.00  0.00  0.00  0.00  0.00  0.00  0.00  0.00
  3.32  3.12  2.59  1.41  0.75  0.47  0.00  0.00  0.00  0.00  0.00  0.07  0.08  0.36  0.38  0.56  0.51  0.75  0.55  0.54  0.43  0.50  0.13  0.18  0.17  0.16  0.00  0.00  0.00  0.00  0.06  0.06  0.12  0.76  0.73  0.77  0.88  1.00  0.20  0.24  0.14  0.00  0.00  0.00  0.00  0.00  0.00  0.00  0.00  0.00  0.00  0.00  0.00  0.00  0.00  0.00  0.00  0.00  0.00  0.00  0.00  0.00  0.00  0.00
  2.91  2.76  2.44  1.17  0.63  0.40  0.00  0.00  0.00  0.00  0.00  0.10  0.10  0.66  0.63  0.72  0.67  0.95  0.63  0.62  0.54  0.58  0.14  0.18  0.16  0.14  0.00  0.00  0.06  0.07  0.19  0.20  0.25  0.84  0.82  0.82  0.93  1.03  0.21  0.24  0.14  0.00  0.00  0.00  0.00  0.00  0.00  0.00  0.00  0.00  0.00  0.00  0.00  0.00  0.00  0.00  0.00  0.00  0.00  0.00  0.00  0.00  0.00  0.00
  1.96  1.80  1.62  0.60  0.41  0.20  0.00  0.00  0.06  0.07  0.07  0.09  0.20  0.83  0.89  1.08  1.11  1.43  0.92  0.94  0.80  0.68  0.14  0.18  0.00  0.00  0.00  0.00  0.06  0.06  0.18  0.19  0.24  0.18  0.20  0.15  0.25  0.31  0.34  0.36  0.28  0.12  0.00  0.00  0.00  0.00  0.00  0.00  0.00  0.00  0.00  0.00  0.00  0.00  0.00  0.00  0.00  0.00  0.00  0.00  0.00  0.00  0.00  0.00
  0.22  0.31  0.28  0.37  0.30  0.11  0.00  0.00  0.07  0.08  0.09  0.21  0.45  1.18  1.36  1.54  1.62  1.89  1.17  1.06  0.88  0.73  0.23  0.26  0.08  0.07  0.06  0.00  0.06  0.06  0.19  0.19  0.25  0.24  0.25  0.28  0.39  0.61  0.59  0.62  0.47  0.34  0.00  0.00  0.00  0.00  0.00  0.00  0.00  0.00  0.00  0.00  0.00  0.00  0.00  0.00  0.00  0.00  0.00  0.00  0.00  0.00  0.00  0.00
  0.18  0.13  0.12  0.16  0.15  0.00  0.00  0.00  0.09  0.09  0.10  0.24  0.47  1.11  1.51  1.48  2.00  2.09  1.48  1.21  1.16  0.68  0.30  0.24  0.08  0.07  0.06  0.00  0.07  0.07  0.20  0.28  0.70  0.65  0.69  0.76  0.84  0.62  0.60  0.63  0.48  0.34  0.00  0.00  0.00  0.00  0.00  0.00  0.00  0.00  0.00  0.00  0.00  0.00  0.00  0.00  0.00  0.00  0.00  0.00  0.00  0.00  0.00  0.00
  0.19  0.00  0.11  0.13  0.13  0.00  0.00  0.00  0.08  0.08  0.17  0.44  0.73  1.24  1.84  1.81  2.24  2.32  1.80  1.40  1.29  0.75  0.37  0.27  0.07  0.13  0.13  0.15  0.26  0.25  0.28  0.38  1.29  1.25  1.49  1.64  1.66  0.86  0.78  0.59  0.32  0.29  0.00  0.00  0.00  0.00  0.00  0.00  0.00  0.00  0.00  0.00  0.00  0.00  0.00  0.00  0.00  0.00  0.00  0.00  0.00  0.00  0.00  0.00
  0.00  0.00  0.00  0.00  0.00  0.00  0.00  0.00  0.09  0.09  0.19  0.45  0.76  1.09  1.83  1.84  2.43  2.37  1.96  1.43  1.24  0.68  0.42  0.31  0.14  0.19  0.14  0.16  0.21  0.20  0.12  0.23  1.39  2.29  2.60  2.96  3.20  2.66  1.73  1.42  0.90  0.63  0.16  0.08  0.00  0.00  0.00  0.00  0.00  0.00  0.00  0.00  0.00  0.00  0.00  0.00  0.00  0.00  0.00  0.00  0.00  0.00  0.00  0.00
  0.00  0.00  0.00  0.00  0.00  0.00  0.00  0.00  0.00  0.00  0.12  0.46  0.72  0.96  1.74  1.60  2.04  1.99  1.83  1.15  1.05  0.48  0.36  0.23  0.17  0.24  0.17  0.20  0.27  0.30  0.17  0.34  1.99  3.06  2.95  0.00  3.59  2.96  1.90  1.57  0.95  0.65  0.19  0.10  0.00  0.00  0.00  0.00  0.00  0.00  0.00  0.00  0.00  0.00  0.00  0.00  0.00  0.00  0.00  0.00  0.00  0.00  0.00  0.00
  0.00  0.00  0.00  0.00  0.00  0.00  0.00  0.00  0.00  0.00  0.14  0.41  0.57  0.84  1.46  1.31  2.00  1.84  1.74  1.19  1.09  0.37  0.37  0.20  0.11  0.22  0.13  0.27  0.41  0.45  0.00  0.53  3.01  4.04  4.05  4.39  4.70  3.61  2.29  1.72  0.99  0.57  0.24  0.12  0.00  0.00  0.00  0.00  0.00  0.00  0.00  0.00  0.00  0.00  0.00  0.00  0.00  0.00  0.00  0.00  0.00  0.00  0.00  0.00
  0.00  0.00  0.00  0.00  0.00  0.00  0.00  0.00  0.00  0.00  0.00  0.00  0.00  0.00  0.00  0.00  0.00  0.00  0.00  0.00  0.00  0.00  0.00  0.00  0.00  0.00  0.00  0.00  0.00  0.00  0.00  0.00  0.00  0.00  0.00  0.00  0.00  0.00  0.00  0.00  0.00  0.00  0.00  0.00  0.00  0.00  0.00  0.00  0.00  0.00  0.00  0.00  0.00  0.00  0.00  0.00  0.00  0.00  0.00  0.00  0.00  0.00  0.00  0.00
  0.00  0.00  0.00  0.00  0.00  0.00  0.00  0.00  0.00  0.00  0.00  0.00  0.00  0.00  0.00  0.00  0.00  0.00  0.00  0.00  0.00  0.00  0.00  0.00  0.00  0.00  0.00  0.00  0.00  0.00  0.00  0.00  0.00  0.00  0.00  0.00  0.00  0.00  0.00  0.00  0.00  0.00  0.00  0.00  0.00  0.00  0.00  0.00  0.00  0.00  0.00  0.00  0.00  0.00  0.00  0.00  0.00  0.00  0.00  0.00  0.00  0.00  0.00  0.00
  0.00  0.00  0.00  0.00  0.00  0.00  0.00  0.00  0.00  0.00  0.00  0.00  0.00  0.00  0.00  0.00  0.00  0.00  0.00  0.00  0.00  0.00  0.00  0.00  0.00  0.00  0.00  0.00  0.00  0.00  0.00  0.00  0.00  0.00  0.00  0.00  0.00  0.00  0.00  0.00  0.00  0.00  0.00  0.00  0.00  0.00  0.00  0.00  0.00  0.00  0.00  0.00  0.00  0.00  0.00  0.00  0.00  0.00  0.00  0.00  0.00  0.00  0.00  0.00
  0.00  0.00  0.00  0.00  0.00  0.00  0.00  0.00  0.00  0.00  0.00  0.00  0.00  0.00  0.00  0.00  0.00  0.00  0.00  0.00  0.00  0.00  0.00  0.00  0.00  0.00  0.00  0.00  0.00  0.00  0.00  0.00  0.00  0.00  0.00  0.00  0.00  0.00  0.00  0.00  0.00  0.00  0.00  0.00  0.00  0.00  0.00  0.00  0.00  0.00  0.00  0.00  0.00  0.00  0.00  0.00  0.00  0.00  0.00  0.00  0.00  0.00  0.00  0.00
  0.00  0.00  0.00  0.00  0.00  0.00  0.00  0.00  0.00  0.00  0.00  0.00  0.00  0.00  0.00  0.00  0.00  0.00  0.00  0.00  0.00  0.00  0.00  0.00  0.00  0.00  0.00  0.00  0.00  0.00  0.00  0.00  0.00  0.00  0.00  0.00  0.00  0.00  0.00  0.00  0.00  0.00  0.00  0.00  0.00  0.00  0.00  0.00  0.00  0.00  0.00  0.00  0.00  0.00  0.00  0.00  0.00  0.00  0.00  0.00  0.00  0.00  0.00  0.00
  0.00  0.00  0.00  0.00  0.00  0.00  0.00  0.00  0.00  0.00  0.00  0.00  0.00  0.00  0.00  0.00  0.00  0.00  0.00  0.00  0.00  0.00  0.00  0.00  0.00  0.00  0.00  0.00  0.00  0.00  0.00  0.00  0.00  0.00  0.00  0.00  0.00  0.00  0.00  0.00  0.00  0.00  0.00  0.00  0.00  0.00  0.00  0.00  0.00  0.00  0.00  0.00  0.00  0.00  0.00  0.00  0.00  0.00  0.00  0.00  0.00  0.00  0.00  0.00
  0.00  0.00  0.00  0.00  0.00  0.00  0.00  0.00  0.00  0.00  0.00  0.00  0.00  0.00  0.00  0.00  0.00  0.00  0.00  0.00  0.00  0.00  0.00  0.00  0.00  0.00  0.00  0.00  0.00  0.00  0.00  0.00  0.00  0.00  0.00  0.00  0.00  0.00  0.00  0.00  0.00  0.00  0.00  0.00  0.00  0.00  0.00  0.00  0.00  0.00  0.00  0.00  0.00  0.00  0.00  0.00  0.00  0.00  0.00  0.00  0.00  0.00  0.00  0.00
  0.00  0.00  0.00  0.00  0.00  0.00  0.00  0.00  0.00  0.00  0.00  0.00  0.00  0.00  0.00  0.00  0.00  0.00  0.00  0.00  0.00  0.00  0.00  0.00  0.00  0.00  0.00  0.00  0.00  0.00  0.00  0.00  0.00  0.00  0.00  0.00  0.00  0.00  0.00  0.00  0.00  0.00  0.00  0.00  0.00  0.00  0.00  0.00  0.00  0.00  0.00  0.00  0.00  0.00  0.00  0.00  0.00  0.00  0.00  0.00  0.00  0.00  0.00  0.00
  0.00  0.00  0.00  0.00  0.00  0.00  0.00  0.00  0.00  0.00  0.00  0.00  0.00  0.00  0.00  0.00  0.00  0.00  0.00  0.00  0.00  0.00  0.00  0.00  0.00  0.00  0.00  0.00  0.00  0.00  0.00  0.00  0.00  0.00  0.00  0.00  0.00  0.00  0.00  0.00  0.00  0.00  0.00  0.00  0.00  0.00  0.00  0.00  0.00  0.00  0.00  0.00  0.00  0.00  0.00  0.00  0.00  0.00  0.00  0.00  0.00  0.00  0.00  0.00
  0.00  0.00  0.00  0.00  0.00  0.00  0.00  0.00  0.00  0.00  0.00  0.00  0.00  0.00  0.00  0.00  0.00  0.00  0.00  0.00  0.00  0.00  0.00  0.00  0.00  0.00  0.00  0.00  0.00  0.00  0.00  0.00  0.00  0.00  0.00  0.00  0.00  0.00  0.00  0.00  0.00  0.00  0.00  0.00  0.00  0.00  0.00  0.00  0.00  0.00  0.00  0.00  0.00  0.00  0.00  0.00  0.00  0.00  0.00  0.00  0.00  0.00  0.00  0.00
  0.00  0.00  0.00  0.00  0.00  0.00  0.00  0.00  0.00  0.00  0.00  0.00  0.00  0.00  0.00  0.00  0.00  0.00  0.00  0.00  0.00  0.00  0.00  0.00  0.00  0.00  0.00  0.00  0.00  0.00  0.00  0.00  0.00  0.00  0.00  0.00  0.00  0.00  0.00  0.00  0.00  0.00  0.00  0.00  0.00  0.00  0.00  0.00  0.00  0.00  0.00  0.00  0.00  0.00  0.00  0.00  0.00  0.00  0.00  0.00  0.00  0.00  0.00  0.00
  0.00  0.00  0.00  0.00  0.00  0.00  0.00  0.00  0.00  0.00  0.00  0.00  0.00  0.00  0.00  0.00  0.00  0.00  0.00  0.00  0.00  0.00  0.00  0.00  0.00  0.00  0.00  0.00  0.00  0.00  0.00  0.00  0.00  0.00  0.00  0.00  0.00  0.00  0.00  0.00  0.00  0.00  0.00  0.00  0.00  0.00  0.00  0.00  0.00  0.00  0.00  0.00  0.00  0.00  0.00  0.00  0.00  0.00  0.00  0.00  0.00  0.00  0.00  0.00
  0.00  0.00  0.00  0.00  0.00  0.00  0.00  0.00  0.00  0.00  0.00  0.00  0.00  0.00  0.00  0.00  0.00  0.00  0.00  0.00  0.00  0.00  0.00  0.00  0.00  0.00  0.00  0.00  0.00  0.00  0.00  0.00  0.00  0.00  0.00  0.00  0.00  0.00  0.00  0.00  0.00  0.00  0.00  0.00  0.00  0.00  0.00  0.00  0.00  0.00  0.00  0.00  0.00  0.00  0.00  0.00  0.00  0.00  0.00  0.00  0.00  0.00  0.00  0.00
  0.00  0.00  0.00  0.00  0.00  0.00  0.00  0.00  0.00  0.00  0.00  0.00  0.00  0.00  0.00  0.00  0.00  0.00  0.00  0.00  0.00  0.00  0.00  0.00  0.00  0.00  0.00  0.00  0.00  0.00  0.00  0.00  0.00  0.00  0.00  0.00  0.00  0.00  0.00  0.00  0.00  0.00  0.00  0.00  0.00  0.00  0.00  0.00  0.00  0.00  0.00  0.00  0.00  0.00  0.00  0.00  0.00  0.00  0.00  0.00  0.00  0.00  0.00  0.00
  0.00  0.00  0.00  0.00  0.00  0.00  0.00  0.00  0.00  0.00  0.00  0.00  0.00  0.00  0.00  0.00  0.00  0.00  0.00  0.00  0.00  0.00  0.00  0.00  0.00  0.00  0.00  0.00  0.00  0.00  0.00  0.00  0.00  0.00  0.00  0.00  0.00  0.00  0.00  0.00  0.00  0.00  0.00  0.00  0.00  0.00  0.00  0.00  0.00  0.00  0.00  0.00  0.00  0.00  0.00  0.00  0.00  0.00  0.00  0.00  0.00  0.00  0.00  0.00
  0.00  0.00  0.00  0.00  0.00  0.00  0.00  0.00  0.00  0.00  0.00  0.00  0.00  0.00  0.00  0.00  0.00  0.00  0.00  0.00  0.00  0.00  0.00  0.00  0.00  0.00  0.00  0.00  0.00  0.00  0.00  0.00  0.00  0.00  0.00  0.00  0.00  0.00  0.00  0.00  0.00  0.00  0.00  0.00  0.00  0.00  0.00  0.00  0.00  0.00  0.00  0.00  0.00  0.00  0.00  0.00  0.00  0.00  0.00  0.00  0.00  0.00  0.00  0.00
  0.00  0.00  0.00  0.00  0.00  0.00  0.00  0.00  0.00  0.00  0.00  0.00  0.00  0.00  0.00  0.00  0.00  0.00  0.00  0.00  0.00  0.00  0.00  0.00  0.00  0.00  0.00  0.00  0.00  0.00  0.00  0.00  0.00  0.00  0.00  0.00  0.00  0.00  0.00  0.00  0.00  0.00  0.00  0.00  0.00  0.00  0.00  0.00  0.00  0.00  0.00  0.00  0.00  0.00  0.00  0.00  0.00  0.00  0.00  0.00  0.00  0.00  0.00  0.00
  0.00  0.00  0.00  0.00  0.00  0.00  0.00  0.00  0.00  0.00  0.00  0.00  0.00  0.00  0.00  0.00  0.00  0.00  0.00  0.00  0.00  0.00  0.00  0.00  0.00  0.00  0.00  0.00  0.00  0.00  0.00  0.00  0.00  0.00  0.00  0.00  0.00  0.00  0.00  0.00  0.00  0.00  0.00  0.00  0.00  0.00  0.00  0.00  0.00  0.00  0.00  0.00  0.00  0.00  0.00  0.00  0.00  0.00  0.00  0.00  0.00  0.00  0.00  0.00

 density range (Hz): 0.000000 4.699739