Array Size: 64  64
  3.76  0.36  0.90  0.34  0.36  0.68  0.50  0.50  1.18  2.72  1.80  0.70  0.58  0.74  0.50  0.62  2.78  0.92  0.62  1.40  0.08  0.00  0.00  2.10  0.74  0.22  0.18  0.32  0.98  0.72  0.04  0.12  0.00  0.10  0.00  0.00  0.30  0.14  0.44  0.20  0.00  0.12  0.00  0.00  0.00  0.00  0.00  0.00  0.00  0.00  0.00  0.00  0.00  0.00  0.00  0.00  0.00  0.00  0.00  0.00  0.00  0.00  0.00  0.00
  0.36  0.10  0.10  0.72  0.72  0.64  0.54  0.58  0.68  0.36  0.36  1.08  0.34  0.58  0.44  0.42  1.16  0.86  0.74  0.48  0.72  0.88  0.74  0.32  0.36  0.50  0.38  0.48  1.62  0.36  0.42  0.38  0.68  0.70  0.42  0.30  0.26  0.44  0.28  0.26  0.34  0.36  0.40  0.08  0.00  0.00  0.00  0.00  0.00  0.00  0.00  0.00  0.00  0.00  0.00  0.00  0.00  0.00  0.00  0.00  0.00  0.00  0.00  0.00
  1.54  0.00  0.24  0.88  0.56  0.24  0.84  0.64  0.20  0.26  0.54  0.96  0.46  0.62  0.44  1.08  0.78  0.20  0.24  0.70  0.82  0.62  0.90  0.24  0.06  0.16  0.24  0.26  0.38  0.40  0.18  0.32  0.20  0.36  0.34  0.28  0.30  0.36  0.66  0.64  0.38  0.10  0.46  0.28  0.38  0.00  0.00  0.00  0.00  0.00  0.00  0.00  0.00  0.00  0.00  0.00  0.00  0.00  0.00  0.00  0.00  0.00  0.00  0.00
  1.12  0.10  1.04  0.84  0.48  0.30  0.12  0.62  0.22  1.36  1.16  0.56  0.42  0.26  0.34  0.30  0.12  0.08  0.06  0.20  0.52  0.74  0.96  0.66  0.26  0.26  0.58  0.18  0.66  0.36  0.18  0.38  0.30  0.34  0.14  1.02  0.46  0.60  0.92  0.24  0.32  0.32  0.14  0.12  0.20  0.00  0.00  0.00  0.00  0.00  0.00  0.00  0.00  0.00  0.00  0.00  0.00  0.00  0.00  0.00  0.00  0.00  0.00  0.00
  0.00  0.16  0.54  0.48  1.12  0.32  0.34  0.76  0.30  0.64  0.90  0.32  0.34  0.14  0.14  0.32  0.36  0.02  0.04  0.08  0.12  0.56  0.70  0.76  0.38  0.46  0.22  0.64  0.84  0.40  0.24  0.32  0.40  0.76  0.96  1.56  0.12  0.98  1.30  0.42  0.10  0.34  0.04  0.14  0.32  0.00  0.00  0.00  0.00  0.00  0.00  0.00  0.00  0.00  0.00  0.00  0.00  0.00  0.00  0.00  0.00  0.00  0.00  0.00
  0.02  0.20  0.42  0.28  0.44  0.80  0.50  0.20  0.48  0.60  0.36  0.48  0.32  0.22  0.14  0.12  0.30  0.22  0.68  0.40  0.70  0.82  0.28  0.30  0.62  0.34  0.34  0.56  0.96  0.24  0.16  0.28  0.22  0.42  0.44  1.20  0.48  1.44  0.34  0.30  0.36  0.18  0.26  0.48  0.42  0.06  0.00  0.00  0.00  0.00  0.00  0.00  0.00  0.00  0.00  0.00  0.00  0.00  0.00  0.00  0.00  0.00  0.00  0.00
  0.06  0.62  0.46  0.10  0.42  0.92  0.58  0.92  0.42  0.52  0.10  0.42  0.34  0.18  0.08  0.16  0.32  0.58  0.84  2.26  0.78  1.70  0.36  0.74  0.28  0.38  0.12  0.30  0.24  0.32  0.56  0.40  0.14  0.38  0.38  0.70  0.46  0.88  0.40  0.30  0.44  1.34  0.80  0.20  0.62  0.28  0.00  0.00  0.00  0.00  0.00  0.00  0.00  0.00  0.00  0.00  0.00  0.00  0.00  0.00  0.00  0.00  0.00  0.00
  0.00  0.36  0.46  0.66  0.66  1.28  1.06  1.14  0.52  0.70  0.32  0.48  1.76  0.58  0.38  0.30  0.62  0.66  0.68  0.96  0.40  0.34  0.50  0.76  0.52  0.36  0.24  0.38  0.30  0.22  0.06  0.20  0.40  0.30  0.28  0.34  0.22  0.70  1.50  0.50  0.66  0.66  0.82  0.06  0.58  0.12  0.00  0.00  0.00  0.00  0.00  0.00  0.00  0.00  0.00  0.00  0.00  0.00  0.00  0.00  0.00  0.00  0.00  0.00
  0.28  0.52  0.40  0.38  0.56  0.86  0.40  0.36  0.28  0.82  0.42  0.40  0.66  0.60  0.46  0.56  0.50  0.30  0.42  0.66  0.56  0.62  0.96  1.04  0.78  0.28  0.40  0.38  0.38  0.50  0.22  0.22  0.20  0.32  0.52  0.68  0.12  0.32  1.16  0.24  1.36  1.82  1.06  0.38  0.96  0.12  0.00  0.00  0.00  0.00  0.00  0.00  0.00  0.00  0.00  0.00  0.00  0.00  0.00  0.00  0.00  0.00  0.00  0.00
  0.74  0.50  0.58  0.30  0.82  0.98  0.52  0.48  0.50  0.68  0.48  0.68  0.52  0.40  0.80  0.84  0.60  0.16  0.02  0.32  0.46  0.58  1.82  0.68  0.46  0.56  0.52  0.66  0.64  0.22  0.24  0.08  0.00  0.44  0.34  0.60  0.12  0.18  0.68  0.64  0.56  2.52  1.54  0.84  0.28  0.02  0.00  0.00  0.00  0.00  0.00  0.00  0.00  0.00  0.00  0.00  0.00  0.00  0.00  0.00  0.00  0.00  0.00  0.00
  0.26  0.52  0.30  0.40  0.30  0.64  0.70  0.60  1.04  0.82  0.66  0.20  0.28  0.38  0.42  0.78  0.86  0.36  0.44  0.42  0.56  0.60  0.84  0.48  0.52  0.26  0.54  0.22  0.48  1.00  0.40  0.06  0.14  0.66  0.46  0.84  0.42  0.44  0.16  0.62  0.32  0.68  0.90  0.62  1.20  0.00  0.00  0.00  0.00  0.00  0.00  0.00  0.00  0.00  0.00  0.00  0.00  0.00  0.00  0.00  0.00  0.00  0.00  0.00
  0.74  0.10  0.48  0.60  0.02  0.58  0.66  0.90  0.48  0.88  0.56  0.80  0.26  0.16  0.18  0.38  0.74  1.00  0.44  0.52  1.24  0.48  0.12  0.14  0.36  0.86  0.62  0.44  0.66  0.30  0.26  0.28  0.16  0.24  0.42  0.94  0.68  0.22  0.08  1.02  0.50  0.80  0.82  1.84  1.22  0.56  0.00  0.00  0.00  0.00  0.00  0.00  0.00  0.00  0.00  0.00  0.00  0.00  0.00  0.00  0.00  0.00  0.00  0.00
  0.36  0.20  0.66  0.42  0.24  1.08  0.68  1.04  0.38  0.68  0.78  0.48  1.20  0.52  0.36  0.38  0.52  0.48  0.80  1.32  0.90  0.38  1.64  0.16  0.28  1.70  0.32  0.62  0.38  0.46  0.16  0.30  0.36  0.94  1.00  0.74  0.52  0.48  0.54  0.88  0.74  0.78  0.64  0.24  0.76  0.18  0.00  0.00  0.00  0.00  0.00  0.00  0.00  0.00  0.00  0.00  0.00  0.00  0.00  0.00  0.00  0.00  0.00  0.00
  0.66  0.34  0.64  0.46  0.40  0.84  0.70  0.48  1.52  1.64  0.56  2.50  1.68  1.00  0.38  0.34  0.42  0.68  0.70  0.58  0.30  0.82  0.36  0.72  0.68  0.36  0.26  0.32  0.26  1.14  0.36  0.32  0.20  0.50  0.16  0.28  0.34  0.38  0.34  0.46  0.84  0.58  0.44  0.18  0.54  0.00  0.00  0.00  0.00  0.00  0.00  0.00  0.00  0.00  0.00  0.00  0.00  0.00  0.00  0.00  0.00  0.00  0.00  0.00
  0.52  0.22  0.94  0.78  0.62  1.18  1.52  1.14  0.62  1.06  1.10  1.88  0.76  0.60  0.34  0.76  0.42  0.56  0.92  0.82  0.80  0.90  0.66  0.52  0.38  0.38  0.14  0.14  0.40  0.60  0.44  0.46  0.56  0.46  0.90  0.88  0.76  0.74  0.78  0.92  1.32  0.36  0.72  0.78  0.56  0.00  0.00  0.00  0.00  0.00  0.00  0.00  0.00  0.00  0.00  0.00  0.00  0.00  0.00  0.00  0.00  0.00  0.00  0.00
  1.20  0.30  0.88  0.74  0.46  0.42  1.34  2.24  0.98  1.86  0.62  0.78  0.24  0.94  0.54  0.66  0.46  0.70  0.58  0.88  0.36  0.30  0.10  0.52  0.14  0.36  0.26  0.40  0.64  0.72  0.46  0.16  0.20  0.46  0.16  0.30  0.22  0.02  0.20  2.58  1.52  0.16  1.60  0.50  0.50  0.14  0.00  0.00  0.00  0.00  0.00  0.00  0.00  0.00  0.00  0.00  0.00  0.00  0.00  0.00  0.00  0.00  0.00  0.00
  0.24  0.50  0.36  0.74  0.54  0.40  1.06  0.86  0.28  0.44  0.26  0.22  0.64  0.32  0.18  0.38  0.78  0.68  0.70  0.30  0.20  0.38  0.32  0.30  0.16  0.20  0.28  0.38  0.66  0.54  0.60  0.38  0.34  0.62  0.48  0.00  0.20  0.08  0.72  1.98  1.50  0.22  1.70  1.88  1.24  0.06  0.00  0.00  0.00  0.00  0.00  0.00  0.00  0.00  0.00  0.00  0.00  0.00  0.00  0.00  0.00  0.00  0.00  0.00
  0.24  0.46  0.64  1.40  0.96  0.44  0.80  0.98  0.32  0.50  0.28  0.32  0.10  0.32  0.16  0.64  0.54  0.88  0.56  0.34  0.46  0.18  0.36  0.44  0.12  0.30  0.40  0.22  0.24  0.42  0.82  0.36  0.76  0.32  0.18  0.54  0.32  2.30  1.50  1.00  0.46  0.46  0.78  0.54  0.90  0.18  0.00  0.00  0.00  0.00  0.00  0.00  0.00  0.00  0.00  0.00  0.00  0.00  0.00  0.00  0.00  0.00  0.00  0.00
  0.14  1.04  0.52  0.46  0.28  0.16  0.38  1.02  0.74  0.34  0.56  0.46  0.36  0.34  0.34  0.34  0.38  0.46  0.50  0.74  1.04  0.42  0.20  0.30  0.36  0.44  0.06  0.34  0.70  0.60  0.60  0.78  0.44  0.78  1.04  3.36  1.54  0.84  0.22  0.42  0.36  1.00  0.10  0.46  0.72  0.00  0.00  0.00  0.00  0.00  0.00  0.00  0.00  0.00  0.00  0.00  0.00  0.00  0.00  0.00  0.00  0.00  0.00  0.00
  0.48  0.76  0.80  0.28  0.38  0.38  0.42  0.86  0.52  0.36  0.32  0.36  0.52  0.52  0.42  0.30  0.80  0.52  0.06  0.60  0.98  0.64  0.28  0.24  0.20  0.18  0.00  0.26  0.90  0.88  0.94  1.10  1.18  0.72  0.80  1.48  0.40  0.42  0.02  0.32  0.22  0.56  0.42  0.24  0.74  0.00  0.00  0.00  0.00  0.00  0.00  0.00  0.00  0.00  0.00  0.00  0.00  0.00  0.00  0.00  0.00  0.00  0.00  0.00
  0.08  0.42  0.92  0.86  0.90  0.42  0.08  1.00  0.50  0.62  0.60  0.52  0.38  0.22  0.32  0.24  0.56  1.22  0.84  0.80  1.24  0.88  1.20  0.18  0.24  0.10  0.14  0.22  0.42  1.02  1.46  1.04  1.34  0.50  0.54  0.38  0.36  0.60  0.30  0.08  0.46  0.30  0.70  0.40  0.72  0.04  0.00  0.00  0.00  0.00  0.00  0.00  0.00  0.00  0.00  0.00  0.00  0.00  0.00  0.00  0.00  0.00  0.00  0.00
  0.16  0.56  0.92  0.66  0.56  0.62  0.10  0.32  0.74  0.54  0.48  0.52  0.50  0.12  0.34  0.56  0.34  0.50  0.54  0.72  0.26  0.50  0.70  1.64  0.74  0.20  0.10  0.28  0.36  0.74  0.84  0.88  0.56  0.26  0.82  0.24  0.54  0.46  0.18  0.14  0.06  0.60  0.58  0.62  0.72  0.28  0.00  0.00  0.00  0.00  0.00  0.00  0.00  0.00  0.00  0.00  0.00  0.00  0.00  0.00  0.00  0.00  0.00  0.00
  0.54  0.68  1.10  0.90  0.22  0.82  0.22  0.16  0.10  0.46  0.60  0.32  0.48  0.56  0.60  0.44  0.40  0.46  0.22  0.66  0.38  0.76  0.50  1.16  1.00  0.32  0.18  0.56  0.58  0.28  0.98  1.10  0.32  0.10  0.28  0.86  0.64  0.38  0.44  0.28  0.30  0.38  1.12  0.56  1.52  0.18  0.00  0.00  0.00  0.00  0.00  0.00  0.00  0.00  0.00  0.00  0.00  0.00  0.00  0.00  0.00  0.00  0.00  0.00
  0.38  0.90  0.90  0.92  0.40  0.24  0.14  0.14  0.38  0.50  0.26  0.98  1.04  0.46  1.34  1.20  0.88  0.38  0.22  1.02  1.62  0.76  0.60  0.70  0.82  0.26  0.20  0.32  0.52  0.28  0.54  0.66  0.42  0.12  0.58  0.48  0.36  0.24  0.34  0.46  0.54  0.78  0.56  0.52  0.24  0.24  0.00  0.00  0.00  0.00  0.00  0.00  0.00  0.00  0.00  0.00  0.00  0.00  0.00  0.00  0.00  0.00  0.00  0.00
  1.34  0.84  1.18  1.10  0.46  1.28  0.18  0.50  0.40  0.32  0.06  0.28  0.84  0.50  0.46  0.78  0.78  0.34  0.64  0.56  0.64  0.68  1.26  0.70  2.28  0.94  0.36  0.46  0.34  0.44  0.50  0.58  0.44  1.06  0.38  0.64  0.50  0.86  0.50  0.46  0.30  0.28  0.40  0.10  0.24  0.14  0.00  0.00  0.00  0.00  0.00  0.00  0.00  0.00  0.00  0.00  0.00  0.00  0.00  0.00  0.00  0.00  0.00  0.00
  0.24  0.50  0.46  0.78  0.44  0.48  0.30  0.12  0.40  0.42  0.30  0.20  0.56  0.58  0.84  0.92  0.64  0.44  1.20  0.66  1.08  0.52  1.08  0.66  2.06  2.04  1.74  1.32  0.78  0.32  1.08  0.62  0.28  0.72  0.30  0.18  0.06  0.22  0.18  0.64  0.56  0.48  0.34  0.14  0.46  0.10  0.00  0.00  0.00  0.00  0.00  0.00  0.00  0.00  0.00  0.00  0.00  0.00  0.00  0.00  0.00  0.00  0.00  0.00
  0.00  0.50  0.34  0.60  0.54  0.28  0.02  0.18  0.34  0.78  0.40  0.60  0.92  0.94  0.42  0.86  1.38  1.14  0.46  1.44  0.68  1.04  1.10  0.78  1.42  1.00  0.94  0.58  0.72  0.68  1.10  1.90  0.30  0.70  0.14  0.02  0.04  0.34  0.26  0.40  0.50  0.16  0.40  0.56  0.56  0.14  0.00  0.00  0.00  0.00  0.00  0.00  0.00  0.00  0.00  0.00  0.00  0.00  0.00  0.00  0.00  0.00  0.00  0.00
  0.00  0.42  0.36  0.66  0.68  0.40  0.16  0.14  0.30  0.40  0.30  0.60  0.68  0.52  0.46  0.58  1.20  1.12  0.54  0.68  2.00  1.40  0.68  0.78  0.48  1.18  0.82  0.38  1.00  0.80  0.90  0.64  0.34  0.56  0.18  0.22  0.20  0.16  0.46  0.50  0.60  0.30  0.14  0.36  0.58  0.00  0.00  0.00  0.00  0.00  0.00  0.00  0.00  0.00  0.00  0.00  0.00  0.00  0.00  0.00  0.00  0.00  0.00  0.00
  0.00  1.16  0.24  0.32  0.88  0.66  0.34  0.58  0.64  0.78  1.02  0.56  0.48  0.30  0.14  0.50  0.78  0.92  1.04  2.16  0.76  1.38  1.60  2.10  1.04  2.66  0.42  1.32  2.30  2.22  5.68  0.34  0.52  0.90  1.72  0.44  0.22  0.34  0.04  0.62  0.48  0.36  0.10  0.38  0.44  0.00  0.00  0.00  0.00  0.00  0.00  0.00  0.00  0.00  0.00  0.00  0.00  0.00  0.00  0.00  0.00  0.00  0.00  0.00
  0.14  1.66  0.92  0.84  0.56  0.32  0.32  0.94  1.10  0.60  0.50  0.66  0.84  0.30  0.14  0.48  0.68  0.76  0.42  0.54  0.40  0.56  0.68  0.74  1.38  0.86  1.56  0.92  0.92  0.68  0.88  0.06  0.30  0.86  1.52  1.06  0.06  0.22  0.22  0.20  0.38  0.00  0.14  0.20  0.72  0.00  0.00  0.00  0.00  0.00  0.00  0.00  0.00  0.00  0.00  0.00  0.00  0.00  0.00  0.00  0.00  0.00  0.00  0.00
  0.40  0.72  0.26  0.40  0.46  0.02  0.34  0.64  1.20  0.26  0.88  1.14  0.58  0.84  0.82  0.42  0.58  0.46  0.36  0.66  0.44  0.78  0.56  1.46  3.18  1.34  1.22  1.16  0.40  0.32  0.34  0.12  0.14  0.62  1.12  1.44  0.66  0.24  0.28  0.06  0.70  0.00  0.14  0.34  0.34  0.06  0.00  0.00  0.00  0.00  0.00  0.00  0.00  0.00  0.00  0.00  0.00  0.00  0.00  0.00  0.00  0.00  0.00  0.00
  0.30  0.56  0.04  0.32  0.72  0.52  0.54  0.28  0.76  0.44  0.48  1.04  0.52  0.58  0.24  0.28  0.36  0.14  2.10  0.64  0.58  0.56  2.00  1.68  1.78  0.88  1.08  0.90  0.38  0.58  0.50  0.86  0.12  1.14  1.74  1.58  0.86  0.40  0.44  0.34  0.38  0.10  0.18  0.12  0.16  0.14  0.00  0.00  0.00  0.00  0.00  0.00  0.00  0.00  0.00  0.00  0.00  0.00  0.00  0.00  0.00  0.00  0.00  0.00
  0.34  0.40  0.18  0.12  0.42  0.08  0.92  0.62  1.12  0.78  0.60  0.62  0.32  0.84  0.60  0.24  0.52  0.36  1.70  1.18  1.22  0.66  1.36  1.00  0.76  1.84  1.02  1.02  0.70  0.96  0.46  0.92  0.94  1.56  1.32  1.28  1.08  0.58  0.14  0.34  0.38  0.16  0.18  0.26  0.38  0.04  0.00  0.00  0.00  0.00  0.00  0.00  0.00  0.00  0.00  0.00  0.00  0.00  0.00  0.00  0.00  0.00  0.00  0.00
  0.12  0.80  0.58  0.74  0.26  0.30  0.68  0.52  0.94  1.12  0.80  0.32  0.98  0.94  0.88  0.66  0.80  0.74  1.32  1.10  0.96  0.38  1.68  0.42  0.44  0.70  0.50  0.72  0.66  0.88  0.30  0.66  0.68  0.78  0.84  1.24  0.24  0.20  0.44  0.18  0.66  0.36  0.10  0.20  0.50  0.00  0.00  0.00  0.00  0.00  0.00  0.00  0.00  0.00  0.00  0.00  0.00  0.00  0.00  0.00  0.00  0.00  0.00  0.00
  0.10  0.46  0.62  0.40  0.36  0.54  1.02  0.92  1.32  0.42  0.20  0.82  1.16  0.28  0.72  0.72  0.22  0.74  0.74  1.40  0.60  1.72  0.50  0.24  0.50  0.44  1.18  0.44  1.02  0.82  0.70  1.04  0.96  0.68  0.46  0.30  0.36  0.32  0.18  0.16  0.16  0.16  0.16  0.46  0.32  0.02  0.00  0.00  0.00  0.00  0.00  0.00  0.00  0.00  0.00  0.00  0.00  0.00  0.00  0.00  0.00  0.00  0.00  0.00
  0.12  0.58  0.82  0.66  0.70  0.32  0.94  1.46  0.82  0.76  0.56  0.68  1.52  0.86  0.80  1.00  0.92  0.44  0.72  1.02  0.66  0.66  0.46  0.34  0.34  0.28  0.56  0.44  1.10  0.28  0.28  0.48  0.78  0.74  0.70  0.54  0.32  0.62  0.52  0.26  0.26  0.06  0.52  0.18  0.44  0.00  0.00  0.00  0.00  0.00  0.00  0.00  0.00  0.00  0.00  0.00  0.00  0.00  0.00  0.00  0.00  0.00  0.00  0.00
  0.56  0.16  0.10  0.48  0.26  0.06  0.48  0.36  0.78  0.76  0.32  0.34  0.36  0.46  0.74  1.10  0.66  3.92  1.20  1.00  1.52  0.20  0.26  1.06  0.56  0.84  0.40  0.46  0.46  0.12  0.46  0.46  0.46  0.30  0.56  6.22  0.86  0.72  0.26  0.20  0.24  0.24  0.42  0.64  0.78  0.00  0.00  0.00  0.00  0.00  0.00  0.00  0.00  0.00  0.00  0.00  0.00  0.00  0.00  0.00  0.00  0.00  0.00  0.00
  1.62  0.02  0.02  0.60  0.38  0.50  1.48  0.54  1.14  0.56  0.74  0.82  0.34  0.08  0.64  0.82  0.54  1.32  2.58  1.22  1.56  0.44  0.28  1.08  0.40  0.50  0.84  0.16  0.30  0.72  0.62  0.76  0.28  0.48  0.88  0.22  0.56  0.38  0.10  0.04  0.24  0.42  0.34  0.40  0.62  0.12  0.00  0.00  0.00  0.00  0.00  0.00  0.00  0.00  0.00  0.00  0.00  0.00  0.00  0.00  0.00  0.00  0.00  0.00
  0.40  0.12  0.02  0.34  0.20  0.42  1.10  0.56  0.56  1.04  0.96  0.02  0.36  0.44  0.62  0.60  0.84  0.56  1.14  1.04  1.26  0.56  0.28  0.34  0.22  0.54  0.74  0.48  0.82  0.96  0.56  0.26  0.64  0.62  1.52  0.24  0.58  0.28  0.20  0.36  0.30  0.56  0.22  0.40  0.14  0.12  0.00  0.00  0.00  0.00  0.00  0.00  0.00  0.00  0.00  0.00  0.00  0.00  0.00  0.00  0.00  0.00  0.00  0.00
  0.70  0.26  0.22  0.22  0.10  0.24  0.00  0.24  1.50  0.74  0.34  0.14  0.18  0.26  0.48  0.28  0.86  0.54  0.32  0.60  1.02  0.46  0.34  0.28  0.44  0.12  0.52  0.64  0.96  0.84  0.68  0.64  2.04  0.96  0.66  1.04  1.06  1.08  0.24  0.12  0.38  0.18  0.22  0.34  0.24  0.08  0.00  0.00  0.00  0.00  0.00  0.00  0.00  0.00  0.00  0.00  0.00  0.00  0.00  0.00  0.00  0.00  0.00  0.00
  1.10  0.06  0.14  0.10  0.02  0.10  0.30  0.92  0.92  0.56  0.14  0.24  0.20  0.12  0.54  0.46  0.68  0.42  0.64  0.94  0.62  0.66  0.12  0.04  0.50  0.74  1.36  0.64  0.72  0.44  0.68  0.54  0.50  0.20  0.30  0.70  0.16  0.24  0.28  0.40  0.34  0.58  0.12  0.28  0.32  0.06  0.00  0.00  0.00  0.00  0.00  0.00  0.00  0.00  0.00  0.00  0.00  0.00  0.00  0.00  0.00  0.00  0.00  0.00
  0.60  0.28  0.04  0.36  0.12  0.08  0.30  0.66  0.52  0.28  0.48  0.34  0.40  0.80  0.20  0.26  0.18  0.40  0.34  0.60  0.46  0.58  0.64  0.64  0.68  0.52  0.44  0.86  0.36  0.14  0.30  1.80  0.16  0.36  0.18  0.56  0.14  0.18  0.24  0.42  0.44  0.40  0.08  0.48  0.60  0.18  0.00  0.00  0.00  0.00  0.00  0.00  0.00  0.00  0.00  0.00  0.00  0.00  0.00  0.00  0.00  0.00  0.00  0.00
  0.10  0.00  0.56  0.80  0.36  0.30  0.28  0.66  0.50  0.28  0.30  0.36  0.14  0.34  0.52  0.16  0.38  0.10  0.20  0.70  0.48  0.50  0.28  0.24  1.66  0.36  0.30  0.74  0.54  0.62  0.28  0.18  0.54  0.58  0.62  0.56  0.82  0.54  0.38  0.62  0.36  0.62  0.38  0.32  0.42  0.18  0.00  0.00  0.00  0.00  0.00  0.00  0.00  0.00  0.00  0.00  0.00  0.00  0.00  0.00  0.00  0.00  0.00  0.00
  0.38  0.30  0.76  0.44  0.30  0.12  0.32  0.20  0.06  0.18  0.86  0.16  0.28  0.32  0.44  0.50  0.30  0.62  0.70  0.80  0.62  0.78  0.40  0.36  0.48  0.88  0.50  0.24  0.48  0.44  0.18  0.32  0.46  0.36  0.70  0.40  0.42  0.38  0.04  0.32  0.36  0.42  0.44  0.24  0.58  0.14  0.00  0.00  0.00  0.00  0.00  0.00  0.00  0.00  0.00  0.00  0.00  0.00  0.00  0.00  0.00  0.00  0.00  0.00
  0.10  0.68  0.22  0.38  0.66  0.40  0.08  0.32  0.32  2.32  0.62  0.58  0.48  0.52  0.26  0.28  0.46  0.70  0.52  0.32  0.60  0.94  0.48  0.48  0.44  1.28  0.08  0.40  0.08  0.24  0.38  0.22  0.24  0.36  0.38  0.00  0.40  0.80  0.24  0.10  0.36  1.14  0.40  0.76  0.84  0.22  0.00  0.00  0.00  0.00  0.00  0.00  0.00  0.00  0.00  0.00  0.00  0.00  0.00  0.00  0.00  0.00  0.00  0.00
  4.76  3.22  2.08  0.52  0.52  1.10  0.38  0.60  0.38  0.26  0.08  0.16  0.16  0.34  0.04  0.22  0.20  0.16  0.10  0.10  0.14  0.46  0.36  1.32  0.16  0.96  0.72  0.90  0.26  0.02  0.00  0.24  0.14  0.14  0.20  2.52  0.68  0.24  0.26  0.40  0.68  0.64  0.24  0.50  0.64  1.30  0.00  0.00  0.00  0.00  0.00  0.00  0.00  0.00  0.00  0.00  0.00  0.00  0.00  0.00  0.00  0.00  0.00  0.00
  0.00  0.00  0.00  0.00  0.00  0.00  0.00  0.00  0.00  0.00  0.00  0.00  0.00  0.00  0.00  0.00  0.00  0.00  0.00  0.00  0.00  0.00  0.00  0.00  0.00  0.00  0.00  0.00  0.00  0.00  0.00  0.00  0.00  0.00  0.00  0.00  0.00  0.00  0.00  0.00  0.00  0.00  0.00  0.00  0.00  0.00  0.00  0.00  0.00  0.00  0.00  0.00  0.00  0.00  0.00  0.00  0.00  0.00  0.00  0.00  0.00  0.00  0.00  0.00
  0.00  0.00  0.00  0.00  0.00  0.00  0.00  0.00  0.00  0.00  0.00  0.00  0.00  0.00  0.00  0.00  0.00  0.00  0.00  0.00  0.00  0.00  0.00  0.00  0.00  0.00  0.00  0.00  0.00  0.00  0.00  0.00  0.00  0.00  0.00  0.00  0.00  0.00  0.00  0.00  0.00  0.00  0.00  0.00  0.00  0.00  0.00  0.00  0.00  0.00  0.00  0.00  0.00  0.00  0.00  0.00  0.00  0.00  0.00  0.00  0.00  0.00  0.00  0.00
  0.00  0.00  0.00  0.00  0.00  0.00  0.00  0.00  0.00  0.00  0.00  0.00  0.00  0.00  0.00  0.00  0.00  0.00  0.00  0.00  0.00  0.00  0.00  0.00  0.00  0.00  0.00  0.00  0.00  0.00  0.00  0.00  0.00  0.00  0.00  0.00  0.00  0.00  0.00  0.00  0.00  0.00  0.00  0.00  0.00  0.00  0.00  0.00  0.00  0.00  0.00  0.00  0.00  0.00  0.00  0.00  0.00  0.00  0.00  0.00  0.00  0.00  0.00  0.00
  0.00  0.00  0.00  0.00  0.00  0.00  0.00  0.00  0.00  0.00  0.00  0.00  0.00  0.00  0.00  0.00  0.00  0.00  0.00  0.00  0.00  0.00  0.00  0.00  0.00  0.00  0.00  0.00  0.00  0.00  0.00  0.00  0.00  0.00  0.00  0.00  0.00  0.00  0.00  0.00  0.00  0.00  0.00  0.00  0.00  0.00  0.00  0.00  0.00  0.00  0.00  0.00  0.00  0.00  0.00  0.00  0.00  0.00  0.00  0.00  0.00  0.00  0.00  0.00
  0.00  0.00  0.00  0.00  0.00  0.00  0.00  0.00  0.00  0.00  0.00  0.00  0.00  0.00  0.00  0.00  0.00  0.00  0.00  0.00  0.00  0.00  0.00  0.00  0.00  0.00  0.00  0.00  0.00  0.00  0.00  0.00  0.00  0.00  0.00  0.00  0.00  0.00  0.00  0.00  0.00  0.00  0.00  0.00  0.00  0.00  0.00  0.00  0.00  0.00  0.00  0.00  0.00  0.00  0.00  0.00  0.00  0.00  0.00  0.00  0.00  0.00  0.00  0.00
  0.00  0.00  0.00  0.00  0.00  0.00  0.00  0.00  0.00  0.00  0.00  0.00  0.00  0.00  0.00  0.00  0.00  0.00  0.00  0.00  0.00  0.00  0.00  0.00  0.00  0.00  0.00  0.00  0.00  0.00  0.00  0.00  0.00  0.00  0.00  0.00  0.00  0.00  0.00  0.00  0.00  0.00  0.00  0.00  0.00  0.00  0.00  0.00  0.00  0.00  0.00  0.00  0.00  0.00  0.00  0.00  0.00  0.00  0.00  0.00  0.00  0.00  0.00  0.00
  0.00  0.00  0.00  0.00  0.00  0.00  0.00  0.00  0.00  0.00  0.00  0.00  0.00  0.00  0.00  0.00  0.00  0.00  0.00  0.00  0.00  0.00  0.00  0.00  0.00  0.00  0.00  0.00  0.00  0.00  0.00  0.00  0.00  0.00  0.00  0.00  0.00  0.00  0.00  0.00  0.00  0.00  0.00  0.00  0.00  0.00  0.00  0.00  0.00  0.00  0.00  0.00  0.00  0.00  0.00  0.00  0.00  0.00  0.00  0.00  0.00  0.00  0.00  0.00
  0.00  0.00  0.00  0.00  0.00  0.00  0.00  0.00  0.00  0.00  0.00  0.00  0.00  0.00  0.00  0.00  0.00  0.00  0.00  0.00  0.00  0.00  0.00  0.00  0.00  0.00  0.00  0.00  0.00  0.00  0.00  0.00  0.00  0.00  0.00  0.00  0.00  0.00  0.00  0.00  0.00  0.00  0.00  0.00  0.00  0.00  0.00  0.00  0.00  0.00  0.00  0.00  0.00  0.00  0.00  0.00  0.00  0.00  0.00  0.00  0.00  0.00  0.00  0.00
  0.00  0.00  0.00  0.00  0.00  0.00  0.00  0.00  0.00  0.00  0.00  0.00  0.00  0.00  0.00  0.00  0.00  0.00  0.00  0.00  0.00  0.00  0.00  0.00  0.00  0.00  0.00  0.00  0.00  0.00  0.00  0.00  0.00  0.00  0.00  0.00  0.00  0.00  0.00  0.00  0.00  0.00  0.00  0.00  0.00  0.00  0.00  0.00  0.00  0.00  0.00  0.00  0.00  0.00  0.00  0.00  0.00  0.00  0.00  0.00  0.00  0.00  0.00  0.00
  0.00  0.00  0.00  0.00  0.00  0.00  0.00  0.00  0.00  0.00  0.00  0.00  0.00  0.00  0.00  0.00  0.00  0.00  0.00  0.00  0.00  0.00  0.00  0.00  0.00  0.00  0.00  0.00  0.00  0.00  0.00  0.00  0.00  0.00  0.00  0.00  0.00  0.00  0.00  0.00  0.00  0.00  0.00  0.00  0.00  0.00  0.00  0.00  0.00  0.00  0.00  0.00  0.00  0.00  0.00  0.00  0.00  0.00  0.00  0.00  0.00  0.00  0.00  0.00
  0.00  0.00  0.00  0.00  0.00  0.00  0.00  0.00  0.00  0.00  0.00  0.00  0.00  0.00  0.00  0.00  0.00  0.00  0.00  0.00  0.00  0.00  0.00  0.00  0.00  0.00  0.00  0.00  0.00  0.00  0.00  0.00  0.00  0.00  0.00  0.00  0.00  0.00  0.00  0.00  0.00  0.00  0.00  0.00  0.00  0.00  0.00  0.00  0.00  0.00  0.00  0.00  0.00  0.00  0.00  0.00  0.00  0.00  0.00  0.00  0.00  0.00  0.00  0.00
  0.00  0.00  0.00  0.00  0.00  0.00  0.00  0.00  0.00  0.00  0.00  0.00  0.00  0.00  0.00  0.00  0.00  0.00  0.00  0.00  0.00  0.00  0.00  0.00  0.00  0.00  0.00  0.00  0.00  0.00  0.00  0.00  0.00  0.00  0.00  0.00  0.00  0.00  0.00  0.00  0.00  0.00  0.00  0.00  0.00  0.00  0.00  0.00  0.00  0.00  0.00  0.00  0.00  0.00  0.00  0.00  0.00  0.00  0.00  0.00  0.00  0.00  0.00  0.00
  0.00  0.00  0.00  0.00  0.00  0.00  0.00  0.00  0.00  0.00  0.00  0.00  0.00  0.00  0.00  0.00  0.00  0.00  0.00  0.00  0.00  0.00  0.00  0.00  0.00  0.00  0.00  0.00  0.00  0.00  0.00  0.00  0.00  0.00  0.00  0.00  0.00  0.00  0.00  0.00  0.00  0.00  0.00  0.00  0.00  0.00  0.00  0.00  0.00  0.00  0.00  0.00  0.00  0.00  0.00  0.00  0.00  0.00  0.00  0.00  0.00  0.00  0.00  0.00
  0.00  0.00  0.00  0.00  0.00  0.00  0.00  0.00  0.00  0.00  0.00  0.00  0.00  0.00  0.00  0.00  0.00  0.00  0.00  0.00  0.00  0.00  0.00  0.00  0.00  0.00  0.00  0.00  0.00  0.00  0.00  0.00  0.00  0.00  0.00  0.00  0.00  0.00  0.00  0.00  0.00  0.00  0.00  0.00  0.00  0.00  0.00  0.00  0.00  0.00  0.00  0.00  0.00  0.00  0.00  0.00  0.00  0.00  0.00  0.00  0.00  0.00  0.00  0.00
  0.00  0.00  0.00  0.00  0.00  0.00  0.00  0.00  0.00  0.00  0.00  0.00  0.00  0.00  0.00  0.00  0.00  0.00  0.00  0.00  0.00  0.00  0.00  0.00  0.00  0.00  0.00  0.00  0.00  0.00  0.00  0.00  0.00  0.00  0.00  0.00  0.00  0.00  0.00  0.00  0.00  0.00  0.00  0.00  0.00  0.00  0.00  0.00  0.00  0.00  0.00  0.00  0.00  0.00  0.00  0.00  0.00  0.00  0.00  0.00  0.00  0.00  0.00  0.00
  0.00  0.00  0.00  0.00  0.00  0.00  0.00  0.00  0.00  0.00  0.00  0.00  0.00  0.00  0.00  0.00  0.00  0.00  0.00  0.00  0.00  0.00  0.00  0.00  0.00  0.00  0.00  0.00  0.00  0.00  0.00  0.00  0.00  0.00  0.00  0.00  0.00  0.00  0.00  0.00  0.00  0.00  0.00  0.00  0.00  0.00  0.00  0.00  0.00  0.00  0.00  0.00  0.00  0.00  0.00  0.00  0.00  0.00  0.00  0.00  0.00  0.00  0.00  0.00
  0.00  0.00  0.00  0.00  0.00  0.00  0.00  0.00  0.00  0.00  0.00  0.00  0.00  0.00  0.00  0.00  0.00  0.00  0.00  0.00  0.00  0.00  0.00  0.00  0.00  0.00  0.00  0.00  0.00  0.00  0.00  0.00  0.00  0.00  0.00  0.00  0.00  0.00  0.00  0.00  0.00  0.00  0.00  0.00  0.00  0.00  0.00  0.00  0.00  0.00  0.00  0.00  0.00  0.00  0.00  0.00  0.00  0.00  0.00  0.00  0.00  0.00  0.00  0.00
  0.00  0.00  0.00  0.00  0.00  0.00  0.00  0.00  0.00  0.00  0.00  0.00  0.00  0.00  0.00  0.00  0.00  0.00  0.00  0.00  0.00  0.00  0.00  0.00  0.00  0.00  0.00  0.00  0.00  0.00  0.00  0.00  0.00  0.00  0.00  0.00  0.00  0.00  0.00  0.00  0.00  0.00  0.00  0.00  0.00  0.00  0.00  0.00  0.00  0.00  0.00  0.00  0.00  0.00  0.00  0.00  0.00  0.00  0.00  0.00  0.00  0.00  0.00  0.00

 density range (Hz): 0.000000 6.220000