Array Size: 64  64
  0.00  0.00  0.00  0.00  0.00  0.23  0.17  0.15  0.13  0.14  0.00  0.00  0.00  0.00  0.00  0.00  0.00  0.00  0.00  0.00  0.00  0.00  0.00  0.00  0.00  0.00  0.00  0.00  0.00  0.00  0.00  0.00  0.00  0.00  0.00  0.00  0.00  0.00  0.00  0.00  0.00  0.00  0.00  0.00  0.00  0.00  0.00  0.00  0.00  0.00  0.00  0.00  0.00  0.00  0.00  0.00  0.00  0.00  0.00  0.00  0.00  0.00  0.00  0.00
  0.00  0.00  0.00  0.43  0.29  0.39  0.30  0.13  0.11  0.11  0.00  0.00  0.00  0.00  0.00  0.00  0.00  0.00  0.00  0.00  0.06  0.05  0.05  0.04  0.04  0.00  0.00  0.00  0.00  0.00  0.00  0.00  0.00  0.00  0.00  0.00  0.00  0.00  0.00  0.00  0.00  0.00  0.00  0.00  0.00  0.00  0.00  0.00  0.00  0.00  0.00  0.00  0.00  0.00  0.00  0.00  0.00  0.00  0.00  0.00  0.00  0.00  0.00  0.00
  0.00  0.00  0.00  0.00  0.00  0.61  0.49  0.19  0.00  0.08  0.00  0.00  0.00  0.00  0.00  0.00  0.00  0.00  0.05  0.05  0.09  0.08  0.07  0.04  0.04  0.04  0.04  0.04  0.04  0.05  0.00  0.00  0.00  0.00  0.00  0.00  0.00  0.00  0.00  0.00  0.00  0.00  0.00  0.00  0.00  0.00  0.00  0.00  0.00  0.00  0.00  0.00  0.00  0.00  0.00  0.00  0.00  0.00  0.00  0.00  0.00  0.00  0.00  0.00
  0.00  0.00  0.00  0.00  0.88  0.92  0.90  0.61  0.00  0.35  0.21  0.18  0.00  0.00  0.00  0.00  0.00  0.00  0.04  0.04  0.08  0.07  0.07  0.10  0.10  0.11  0.12  0.12  0.04  0.05  0.00  0.00  0.05  0.05  0.05  0.06  0.07  0.00  0.00  0.00  0.00  0.00  0.00  0.00  0.00  0.00  0.00  0.00  0.00  0.00  0.00  0.00  0.00  0.00  0.00  0.00  0.00  0.00  0.00  0.00  0.00  0.00  0.00  0.00
  0.00  1.45  2.66  2.27  1.39  1.34  0.79  0.55  0.44  0.34  0.20  0.17  0.00  0.00  0.00  0.00  0.00  0.03  0.07  0.13  0.20  0.19  0.16  0.20  0.16  0.13  0.15  0.15  0.05  0.05  0.00  0.00  0.05  0.05  0.06  0.06  0.08  0.00  0.00  0.00  0.00  0.00  0.00  0.00  0.00  0.00  0.00  0.00  0.00  0.00  0.00  0.00  0.00  0.00  0.00  0.00  0.00  0.00  0.00  0.00  0.00  0.00  0.00  0.00
  0.00  1.10  2.00  2.02  1.36  1.10  0.57  0.59  0.47  0.37  0.31  0.27  0.00  0.00  0.00  0.00  0.00  0.04  0.08  0.15  0.24  0.24  0.30  0.43  0.37  0.33  0.42  0.30  0.11  0.11  0.05  0.00  0.05  0.06  0.06  0.07  0.09  0.00  0.00  0.00  0.00  0.00  0.00  0.00  0.00  0.00  0.00  0.00  0.00  0.00  0.00  0.00  0.00  0.00  0.00  0.00  0.00  0.00  0.00  0.00  0.00  0.00  0.00  0.00
  0.46  1.19  1.52  1.89  1.16  1.51  0.84  0.83  0.78  0.74  0.44  0.42  0.12  0.10  0.04  0.04  0.04  0.08  0.09  0.15  0.21  0.22  0.44  0.85  0.77  0.81  0.91  0.69  0.24  0.23  0.11  0.05  0.05  0.06  0.06  0.07  0.09  0.00  0.00  0.00  0.00  0.00  0.00  0.00  0.00  0.00  0.00  0.00  0.00  0.00  0.00  0.00  0.00  0.00  0.00  0.00  0.00  0.00  0.00  0.00  0.00  0.00  0.00  0.00
  0.40  1.10  1.10  0.00  0.97  1.35  0.79  0.93  0.88  0.92  0.61  0.53  0.20  0.12  0.05  0.04  0.12  0.16  0.29  0.38  0.48  0.44  0.71  0.99  0.88  0.86  0.91  0.66  0.25  0.25  0.18  0.11  0.12  0.06  0.07  0.07  0.08  0.00  0.00  0.00  0.00  0.00  0.00  0.00  0.00  0.00  0.00  0.00  0.00  0.00  0.00  0.00  0.00  0.00  0.00  0.00  0.00  0.00  0.00  0.00  0.00  0.00  0.00  0.00
  0.31  0.82  0.83  0.00  1.05  1.40  0.91  0.90  0.87  0.79  0.51  0.43  0.21  0.13  0.10  0.09  0.17  0.30  0.47  0.57  0.74  0.77  1.16  1.46  1.47  1.47  1.44  0.97  0.50  0.30  0.17  0.11  0.06  0.00  0.00  0.00  0.00  0.00  0.00  0.00  0.00  0.00  0.00  0.00  0.00  0.00  0.00  0.00  0.00  0.00  0.00  0.00  0.00  0.00  0.00  0.00  0.00  0.00  0.00  0.00  0.00  0.00  0.00  0.00
  0.32  0.25  0.38  0.00  0.66  1.14  1.10  1.08  0.98  0.94  0.62  0.49  0.27  0.20  0.12  0.10  0.18  0.27  0.50  0.53  0.74  0.79  1.30  1.60  1.89  1.91  1.92  1.60  1.14  0.73  0.47  0.41  0.18  0.06  0.00  0.00  0.00  0.00  0.00  0.00  0.00  0.00  0.00  0.00  0.00  0.00  0.00  0.00  0.00  0.00  0.00  0.00  0.00  0.00  0.00  0.00  0.00  0.00  0.00  0.00  0.00  0.00  0.00  0.00
  0.32  0.44  0.52  0.81  0.79  1.11  1.01  0.86  0.76  0.71  0.45  0.33  0.26  0.18  0.11  0.10  0.27  0.36  0.63  0.66  0.98  1.41  1.83  2.17  2.51  2.40  1.98  2.05  1.46  0.98  0.73  0.69  0.17  0.06  0.00  0.00  0.00  0.00  0.00  0.00  0.00  0.00  0.00  0.00  0.00  0.00  0.00  0.00  0.00  0.00  0.00  0.00  0.00  0.00  0.00  0.00  0.00  0.00  0.00  0.00  0.00  0.00  0.00  0.00
  0.34  0.38  0.47  0.68  0.75  0.69  0.66  0.56  0.42  0.34  0.29  0.19  0.12  0.06  0.05  0.05  0.21  0.28  0.62  0.70  1.00  1.46  1.76  1.82  2.16  1.85  1.41  1.47  1.20  0.77  0.68  0.62  0.18  0.06  0.00  0.00  0.00  0.00  0.00  0.00  0.00  0.00  0.00  0.00  0.00  0.00  0.00  0.00  0.00  0.00  0.00  0.00  0.00  0.00  0.00  0.00  0.00  0.00  0.00  0.00  0.00  0.00  0.00  0.00
  0.00  0.35  0.42  0.51  0.59  0.56  0.52  0.44  0.30  0.23  0.17  0.11  0.06  0.05  0.05  0.05  0.14  0.22  0.47  0.55  0.82  1.36  1.71  1.88  2.04  1.81  1.42  1.42  1.10  0.70  0.57  0.52  0.11  0.06  0.00  0.00  0.00  0.00  0.00  0.00  0.00  0.00  0.00  0.00  0.00  0.00  0.00  0.00  0.00  0.00  0.00  0.00  0.00  0.00  0.00  0.00  0.00  0.00  0.00  0.00  0.00  0.00  0.00  0.00
  0.00  0.00  0.29  0.43  0.37  0.35  0.30  0.26  0.12  0.15  0.10  0.05  0.05  0.05  0.00  0.00  0.10  0.10  0.30  0.38  0.63  1.08  1.23  1.28  1.33  1.22  0.85  1.02  0.87  0.66  0.56  0.53  0.12  0.06  0.00  0.00  0.00  0.00  0.00  0.00  0.00  0.00  0.00  0.00  0.00  0.00  0.00  0.00  0.00  0.00  0.00  0.00  0.00  0.00  0.00  0.00  0.00  0.00  0.00  0.00  0.00  0.00  0.00  0.00
  0.00  0.00  0.27  0.32  0.30  0.18  0.08  0.06  0.00  0.00  0.00  0.00  0.00  0.00  0.00  0.00  0.10  0.10  0.26  0.34  0.47  0.87  0.94  0.95  0.88  0.82  0.47  0.58  0.46  0.36  0.29  0.26  0.00  0.00  0.00  0.00  0.00  0.00  0.00  0.00  0.00  0.00  0.00  0.00  0.00  0.00  0.00  0.00  0.00  0.00  0.00  0.00  0.00  0.00  0.00  0.00  0.00  0.00  0.00  0.00  0.00  0.00  0.00  0.00
  0.00  0.00  0.13  0.11  0.10  0.00  0.00  0.00  0.00  0.00  0.00  0.00  0.00  0.00  0.00  0.00  0.00  0.00  0.11  0.18  0.17  0.25  0.29  0.23  0.27  0.34  0.31  0.28  0.26  0.14  0.05  0.00  0.00  0.00  0.00  0.00  0.00  0.00  0.00  0.00  0.00  0.00  0.00  0.00  0.00  0.00  0.00  0.00  0.00  0.00  0.00  0.00  0.00  0.00  0.00  0.00  0.00  0.00  0.00  0.00  0.00  0.00  0.00  0.00
  0.00  0.00  0.00  0.00  0.00  0.00  0.00  0.00  0.00  0.06  0.06  0.06  0.05  0.06  0.00  0.00  0.00  0.00  0.07  0.07  0.06  0.10  0.14  0.13  0.19  0.28  0.26  0.23  0.20  0.11  0.10  0.10  0.10  0.11  0.13  0.00  0.00  0.00  0.00  0.00  0.00  0.00  0.00  0.00  0.00  0.00  0.00  0.00  0.00  0.00  0.00  0.00  0.00  0.00  0.00  0.00  0.00  0.00  0.00  0.00  0.00  0.00  0.00  0.00
  0.00  0.00  0.00  0.00  0.00  0.00  0.00  0.00  0.00  0.06  0.06  0.11  0.11  0.12  0.07  0.07  0.00  0.00  0.00  0.00  0.00  0.00  0.00  0.00  0.00  0.04  0.05  0.05  0.06  0.11  0.15  0.15  0.15  0.15  0.12  0.00  0.00  0.00  0.00  0.00  0.00  0.00  0.00  0.00  0.00  0.00  0.00  0.00  0.00  0.00  0.00  0.00  0.00  0.00  0.00  0.00  0.00  0.00  0.00  0.00  0.00  0.00  0.00  0.00
  0.00  0.00  0.00  0.00  0.00  0.00  0.00  0.00  0.14  0.29  0.35  0.40  0.41  0.31  0.15  0.07  0.00  0.00  0.00  0.00  0.00  0.00  0.00  0.00  0.00  0.00  0.00  0.00  0.00  0.06  0.16  0.16  0.15  0.16  0.11  0.00  0.00  0.00  0.00  0.00  0.00  0.00  0.00  0.00  0.00  0.00  0.00  0.00  0.00  0.00  0.00  0.00  0.00  0.00  0.00  0.00  0.00  0.00  0.00  0.00  0.00  0.00  0.00  0.00
  0.00  0.00  0.15  0.12  0.23  0.19  0.32  0.21  0.46  0.60  0.82  0.78  0.84  0.65  0.40  0.08  0.00  0.00  0.00  0.00  0.00  0.00  0.00  0.00  0.00  0.00  0.00  0.00  0.00  0.06  0.16  0.16  0.15  0.16  0.12  0.00  0.00  0.00  0.00  0.00  0.00  0.00  0.00  0.00  0.00  0.00  0.00  0.00  0.00  0.00  0.00  0.00  0.00  0.00  0.00  0.00  0.00  0.00  0.00  0.00  0.00  0.00  0.00  0.00
  0.00  0.00  0.16  0.13  0.23  0.18  0.29  0.19  0.53  0.71  0.92  0.95  1.13  0.87  0.51  0.17  0.08  0.00  0.00  0.00  0.00  0.00  0.00  0.00  0.00  0.00  0.00  0.05  0.05  0.09  0.19  0.19  0.14  0.16  0.12  0.00  0.00  0.00  0.00  0.00  0.00  0.00  0.00  0.00  0.00  0.00  0.00  0.00  0.00  0.00  0.00  0.00  0.00  0.00  0.00  0.00  0.00  0.00  0.00  0.00  0.00  0.00  0.00  0.00
  0.00  0.00  0.19  0.15  0.24  0.18  0.29  0.31  0.62  0.78  1.16  1.30  1.43  1.20  1.09  0.46  0.22  0.13  0.12  0.00  0.00  0.00  0.00  0.00  0.00  0.00  0.00  0.05  0.04  0.08  0.08  0.09  0.05  0.06  0.00  0.00  0.00  0.00  0.00  0.00  0.00  0.00  0.00  0.00  0.00  0.00  0.00  0.00  0.00  0.00  0.00  0.00  0.00  0.00  0.00  0.00  0.00  0.00  0.00  0.00  0.00  0.00  0.00  0.00
  0.00  0.00  0.16  0.12  0.20  0.42  0.61  0.76  1.04  1.34  1.68  1.75  1.74  1.49  1.21  0.46  0.23  0.14  0.13  0.00  0.00  0.00  0.00  0.00  0.00  0.00  0.00  0.04  0.04  0.04  0.04  0.04  0.00  0.00  0.00  0.00  0.00  0.00  0.00  0.00  0.00  0.00  0.00  0.00  0.00  0.00  0.00  0.00  0.00  0.00  0.00  0.00  0.00  0.00  0.00  0.00  0.00  0.00  0.00  0.00  0.00  0.00  0.00  0.00
  0.00  0.00  0.14  0.11  0.18  0.56  0.83  1.03  1.22  1.45  1.93  2.12  2.07  1.86  1.68  0.86  0.42  0.14  0.14  0.00  0.00  0.00  0.00  0.00  0.05  0.05  0.08  0.19  0.22  0.19  0.20  0.16  0.05  0.00  0.00  0.00  0.00  0.00  0.00  0.00  0.00  0.00  0.00  0.00  0.00  0.00  0.00  0.00  0.00  0.00  0.00  0.00  0.00  0.00  0.00  0.00  0.00  0.00  0.00  0.00  0.00  0.00  0.00  0.00
  0.00  0.00  0.00  0.00  0.17  0.69  0.96  1.30  1.46  1.98  2.38  2.51  2.37  2.16  1.64  0.93  0.52  0.21  0.14  0.00  0.00  0.00  0.00  0.00  0.10  0.14  0.18  0.28  0.35  0.28  0.25  0.21  0.09  0.00  0.00  0.00  0.00  0.00  0.00  0.00  0.00  0.00  0.00  0.00  0.00  0.00  0.00  0.00  0.00  0.00  0.00  0.00  0.00  0.00  0.00  0.00  0.00  0.00  0.00  0.00  0.00  0.00  0.00  0.00
  0.00  0.00  0.00  0.00  0.16  0.77  1.21  1.75  2.03  2.66  2.97  2.85  2.45  2.17  1.62  0.88  0.48  0.23  0.15  0.00  0.00  0.00  0.05  0.05  0.13  0.17  0.24  0.26  0.37  0.32  0.29  0.22  0.14  0.00  0.00  0.00  0.00  0.00  0.00  0.00  0.00  0.00  0.00  0.00  0.00  0.00  0.00  0.00  0.00  0.00  0.00  0.00  0.00  0.00  0.00  0.00  0.00  0.00  0.00  0.00  0.00  0.00  0.00  0.00
  0.00  0.00  0.00  0.00  0.16  0.72  1.29  1.74  2.06  2.92  3.12  2.81  2.45  2.16  1.24  0.67  0.35  0.08  0.00  0.00  0.00  0.00  0.05  0.04  0.20  0.27  0.53  0.69  0.82  0.70  0.66  0.50  0.26  0.09  0.09  0.09  0.00  0.00  0.00  0.00  0.00  0.00  0.00  0.00  0.00  0.00  0.00  0.00  0.00  0.00  0.00  0.00  0.00  0.00  0.00  0.00  0.00  0.00  0.00  0.00  0.00  0.00  0.00  0.00
  0.00  0.00  0.00  0.00  0.15  0.46  0.89  1.17  1.48  2.30  2.65  2.52  2.46  2.17  1.14  0.67  0.40  0.07  0.00  0.00  0.00  0.00  0.05  0.05  0.23  0.31  0.62  0.82  0.91  0.73  0.68  0.55  0.33  0.19  0.13  0.09  0.00  0.00  0.00  0.00  0.00  0.00  0.00  0.00  0.00  0.00  0.00  0.00  0.00  0.00  0.00  0.00  0.00  0.00  0.00  0.00  0.00  0.00  0.00  0.00  0.00  0.00  0.00  0.00
  0.00  0.00  0.00  0.00  0.16  0.32  0.66  0.88  1.16  1.92  2.00  1.77  1.80  1.57  0.54  0.35  0.30  0.08  0.00  0.00  0.00  0.00  0.05  0.05  0.24  0.48  0.85  0.99  1.06  0.88  0.77  0.60  0.46  0.33  0.26  0.15  0.00  0.00  0.00  0.00  0.00  0.00  0.00  0.00  0.00  0.00  0.00  0.00  0.00  0.00  0.00  0.00  0.00  0.00  0.00  0.00  0.00  0.00  0.00  0.00  0.00  0.00  0.00  0.00
  0.00  0.00  0.00  0.00  0.00  0.06  0.30  0.48  0.68  1.13  1.26  1.09  1.13  0.95  0.37  0.17  0.18  0.00  0.00  0.00  0.00  0.00  0.05  0.04  0.26  0.46  0.77  0.94  1.04  0.85  0.82  0.66  0.54  0.46  0.42  0.22  0.06  0.06  0.00  0.00  0.00  0.00  0.00  0.00  0.00  0.00  0.00  0.00  0.00  0.00  0.00  0.00  0.00  0.00  0.00  0.00  0.00  0.00  0.00  0.00  0.00  0.00  0.00  0.00
  0.41  0.29  0.25  0.20  0.00  0.00  0.13  0.11  0.11  0.30  0.42  0.32  0.51  0.57  0.28  0.16  0.16  0.00  0.00  0.00  0.00  0.00  0.00  0.00  0.22  0.45  0.92  1.20  1.21  0.96  0.94  0.68  0.54  0.52  0.63  0.40  0.25  0.21  0.15  0.00  0.00  0.00  0.00  0.00  0.00  0.00  0.00  0.00  0.00  0.00  0.00  0.00  0.00  0.00  0.00  0.00  0.00  0.00  0.00  0.00  0.00  0.00  0.00  0.00
  1.20  0.88  0.78  0.30  0.00  0.00  0.00  0.00  0.00  0.00  0.11  0.12  0.25  0.28  0.26  0.15  0.15  0.00  0.00  0.00  0.00  0.00  0.00  0.00  0.15  0.36  0.67  0.74  0.79  0.65  0.70  0.53  0.54  0.56  0.68  0.37  0.33  0.27  0.13  0.00  0.00  0.08  0.09  0.10  0.12  0.16  0.00  0.00  0.00  0.00  0.00  0.00  0.00  0.00  0.00  0.00  0.00  0.00  0.00  0.00  0.00  0.00  0.00  0.00
  1.12  0.82  0.71  0.28  0.00  0.00  0.00  0.00  0.00  0.00  0.11  0.11  0.17  0.18  0.18  0.07  0.07  0.00  0.00  0.00  0.00  0.00  0.00  0.00  0.16  0.38  0.68  0.79  0.85  0.73  0.77  0.60  0.60  0.61  0.73  0.42  0.35  0.27  0.12  0.00  0.00  0.08  0.09  0.11  0.13  0.16  0.00  0.00  0.00  0.00  0.00  0.00  0.00  0.00  0.00  0.00  0.00  0.00  0.00  0.00  0.00  0.00  0.00  0.00
  1.86  1.59  1.35  0.93  0.17  0.08  0.00  0.00  0.00  0.00  0.11  0.11  0.11  0.11  0.11  0.00  0.00  0.00  0.00  0.00  0.00  0.00  0.00  0.00  0.11  0.19  0.37  0.49  0.56  0.47  0.57  0.49  0.49  0.52  0.77  0.51  0.41  0.33  0.15  0.00  0.00  0.10  0.10  0.11  0.13  0.17  0.00  0.00  0.00  0.00  0.00  0.00  0.00  0.00  0.00  0.00  0.00  0.00  0.00  0.00  0.00  0.00  0.00  0.00
  2.61  2.33  1.95  1.21  0.28  0.18  0.00  0.00  0.00  0.00  0.00  0.00  0.00  0.00  0.00  0.00  0.00  0.00  0.00  0.00  0.00  0.00  0.00  0.00  0.00  0.06  0.29  0.40  0.44  0.50  0.57  0.48  0.46  0.50  0.59  0.48  0.38  0.29  0.18  0.00  0.00  0.11  0.11  0.12  0.15  0.18  0.00  0.00  0.00  0.00  0.00  0.00  0.00  0.00  0.00  0.00  0.00  0.00  0.00  0.00  0.00  0.00  0.00  0.00
  3.06  2.69  2.13  1.17  0.30  0.18  0.00  0.00  0.00  0.00  0.00  0.00  0.00  0.00  0.00  0.00  0.00  0.00  0.00  0.00  0.00  0.00  0.00  0.00  0.00  0.00  0.00  0.05  0.14  0.26  0.33  0.40  0.43  0.45  0.28  0.21  0.11  0.11  0.00  0.00  0.00  0.11  0.11  0.12  0.14  0.00  0.00  0.00  0.00  0.00  0.00  0.00  0.00  0.00  0.00  0.00  0.00  0.00  0.00  0.00  0.00  0.00  0.00  0.00
  2.81  2.54  1.94  1.25  0.32  0.21  0.00  0.00  0.00  0.00  0.00  0.00  0.00  0.00  0.00  0.00  0.00  0.00  0.00  0.00  0.00  0.00  0.00  0.00  0.00  0.00  0.00  0.06  0.11  0.26  0.27  0.34  0.37  0.38  0.18  0.20  0.11  0.00  0.00  0.00  0.00  0.00  0.00  0.00  0.00  0.00  0.00  0.00  0.00  0.00  0.00  0.00  0.00  0.00  0.00  0.00  0.00  0.00  0.00  0.00  0.00  0.00  0.00  0.00
  3.49  3.15  2.45  1.61  0.53  0.25  0.00  0.00  0.00  0.00  0.00  0.00  0.00  0.05  0.04  0.12  0.20  0.24  0.28  0.33  0.18  0.00  0.00  0.00  0.00  0.00  0.00  0.00  0.00  0.12  0.13  0.20  0.26  0.29  0.17  0.18  0.10  0.00  0.00  0.00  0.00  0.00  0.00  0.00  0.00  0.00  0.00  0.00  0.00  0.00  0.00  0.00  0.00  0.00  0.00  0.00  0.00  0.00  0.00  0.00  0.00  0.00  0.00  0.00
  2.67  2.27  1.72  0.76  0.43  0.25  0.00  0.00  0.00  0.00  0.00  0.00  0.00  0.04  0.09  0.21  0.29  0.34  0.45  0.43  0.19  0.00  0.00  0.00  0.00  0.00  0.00  0.00  0.00  0.14  0.15  0.14  0.20  0.21  0.08  0.08  0.10  0.00  0.00  0.00  0.00  0.00  0.00  0.00  0.00  0.00  0.00  0.00  0.00  0.00  0.00  0.00  0.00  0.00  0.00  0.00  0.00  0.00  0.00  0.00  0.00  0.00  0.00  0.00
  1.54  1.25  0.97  0.51  0.37  0.22  0.11  0.10  0.00  0.00  0.00  0.00  0.00  0.10  0.15  0.30  0.40  0.46  0.51  0.50  0.21  0.00  0.00  0.00  0.00  0.00  0.00  0.00  0.13  0.13  0.13  0.13  0.19  0.07  0.08  0.08  0.10  0.00  0.00  0.00  0.00  0.00  0.00  0.00  0.00  0.00  0.00  0.00  0.00  0.00  0.00  0.00  0.00  0.00  0.00  0.00  0.00  0.00  0.00  0.00  0.00  0.00  0.00  0.00
  1.61  1.45  1.16  0.82  0.49  0.34  0.12  0.11  0.00  0.00  0.00  0.00  0.00  0.14  0.27  0.45  0.64  0.69  0.84  0.82  0.58  0.28  0.29  0.00  0.00  0.00  0.00  0.00  0.16  0.23  0.22  0.21  0.27  0.14  0.08  0.08  0.09  0.00  0.16  0.32  0.00  0.26  0.21  0.11  0.00  0.00  0.00  0.00  0.00  0.00  0.00  0.00  0.00  0.00  0.00  0.00  0.00  0.00  0.00  0.00  0.00  0.00  0.00  0.00
  1.12  1.05  0.84  0.65  0.46  0.35  0.13  0.12  0.00  0.00  0.00  0.00  0.08  0.23  0.37  0.62  0.85  0.94  1.04  1.08  0.81  0.45  0.33  0.00  0.00  0.00  0.00  0.00  0.19  0.27  0.27  0.25  0.26  0.08  0.00  0.00  0.00  0.00  0.17  0.34  0.31  0.00  0.24  0.12  0.00  0.00  0.00  0.00  0.00  0.00  0.00  0.00  0.00  0.00  0.00  0.00  0.00  0.00  0.00  0.00  0.00  0.00  0.00  0.00
  0.61  0.73  0.60  0.53  0.36  0.38  0.14  0.13  0.00  0.00  0.00  0.00  0.08  0.16  0.33  0.47  0.62  0.71  0.85  0.74  0.60  0.42  0.00  0.00  0.00  0.00  0.00  0.00  0.21  0.28  0.28  0.25  0.28  0.08  0.00  0.00  0.00  0.00  0.14  0.28  0.30  0.30  0.27  0.14  0.00  0.00  0.00  0.00  0.00  0.00  0.00  0.00  0.00  0.00  0.00  0.00  0.00  0.00  0.00  0.00  0.00  0.00  0.00  0.00
  0.58  0.60  0.50  0.46  0.27  0.27  0.14  0.13  0.00  0.00  0.00  0.00  0.09  0.18  0.27  0.35  0.52  0.51  0.62  0.52  0.49  0.36  0.31  0.00  0.00  0.00  0.00  0.00  0.23  0.31  0.29  0.28  0.32  0.09  0.10  0.18  0.25  0.00  0.66  0.68  0.66  0.74  0.34  0.19  0.00  0.00  0.00  0.00  0.00  0.00  0.00  0.00  0.00  0.00  0.00  0.00  0.00  0.00  0.00  0.00  0.00  0.00  0.00  0.00
  0.48  0.56  0.47  0.49  0.20  0.22  0.00  0.00  0.00  0.00  0.00  0.00  0.10  0.11  0.21  0.32  0.52  0.53  0.76  0.62  0.59  0.43  0.38  0.00  0.00  0.00  0.00  0.00  0.00  0.16  0.15  0.14  0.16  0.11  0.12  0.21  0.28  0.45  0.72  0.74  0.70  0.78  0.00  0.23  0.00  0.00  0.00  0.00  0.00  0.00  0.00  0.00  0.00  0.00  0.00  0.00  0.00  0.00  0.00  0.00  0.00  0.00  0.00  0.00
  0.00  0.00  0.00  0.00  0.00  0.00  0.00  0.00  0.00  0.00  0.00  0.00  0.13  0.14  0.14  0.29  0.44  0.44  0.50  0.43  0.34  0.25  0.14  0.00  0.00  0.00  0.00  0.00  0.00  0.00  0.00  0.00  0.00  0.00  0.14  0.26  0.33  0.53  0.79  0.69  0.63  0.00  0.00  0.00  0.00  0.00  0.00  0.00  0.00  0.00  0.00  0.00  0.00  0.00  0.00  0.00  0.00  0.00  0.00  0.00  0.00  0.00  0.00  0.00
  0.00  0.00  0.00  0.00  0.00  0.00  0.00  0.00  0.00  0.00  0.00  0.00  0.00  0.00  0.00  0.00  0.00  0.00  0.00  0.00  0.00  0.00  0.00  0.00  0.00  0.00  0.00  0.00  0.00  0.00  0.00  0.00  0.00  0.00  0.00  0.00  0.00  0.00  0.00  0.00  0.00  0.00  0.00  0.00  0.00  0.00  0.00  0.00  0.00  0.00  0.00  0.00  0.00  0.00  0.00  0.00  0.00  0.00  0.00  0.00  0.00  0.00  0.00  0.00
  0.00  0.00  0.00  0.00  0.00  0.00  0.00  0.00  0.00  0.00  0.00  0.00  0.00  0.00  0.00  0.00  0.00  0.00  0.00  0.00  0.00  0.00  0.00  0.00  0.00  0.00  0.00  0.00  0.00  0.00  0.00  0.00  0.00  0.00  0.00  0.00  0.00  0.00  0.00  0.00  0.00  0.00  0.00  0.00  0.00  0.00  0.00  0.00  0.00  0.00  0.00  0.00  0.00  0.00  0.00  0.00  0.00  0.00  0.00  0.00  0.00  0.00  0.00  0.00
  0.00  0.00  0.00  0.00  0.00  0.00  0.00  0.00  0.00  0.00  0.00  0.00  0.00  0.00  0.00  0.00  0.00  0.00  0.00  0.00  0.00  0.00  0.00  0.00  0.00  0.00  0.00  0.00  0.00  0.00  0.00  0.00  0.00  0.00  0.00  0.00  0.00  0.00  0.00  0.00  0.00  0.00  0.00  0.00  0.00  0.00  0.00  0.00  0.00  0.00  0.00  0.00  0.00  0.00  0.00  0.00  0.00  0.00  0.00  0.00  0.00  0.00  0.00  0.00
  0.00  0.00  0.00  0.00  0.00  0.00  0.00  0.00  0.00  0.00  0.00  0.00  0.00  0.00  0.00  0.00  0.00  0.00  0.00  0.00  0.00  0.00  0.00  0.00  0.00  0.00  0.00  0.00  0.00  0.00  0.00  0.00  0.00  0.00  0.00  0.00  0.00  0.00  0.00  0.00  0.00  0.00  0.00  0.00  0.00  0.00  0.00  0.00  0.00  0.00  0.00  0.00  0.00  0.00  0.00  0.00  0.00  0.00  0.00  0.00  0.00  0.00  0.00  0.00
  0.00  0.00  0.00  0.00  0.00  0.00  0.00  0.00  0.00  0.00  0.00  0.00  0.00  0.00  0.00  0.00  0.00  0.00  0.00  0.00  0.00  0.00  0.00  0.00  0.00  0.00  0.00  0.00  0.00  0.00  0.00  0.00  0.00  0.00  0.00  0.00  0.00  0.00  0.00  0.00  0.00  0.00  0.00  0.00  0.00  0.00  0.00  0.00  0.00  0.00  0.00  0.00  0.00  0.00  0.00  0.00  0.00  0.00  0.00  0.00  0.00  0.00  0.00  0.00
  0.00  0.00  0.00  0.00  0.00  0.00  0.00  0.00  0.00  0.00  0.00  0.00  0.00  0.00  0.00  0.00  0.00  0.00  0.00  0.00  0.00  0.00  0.00  0.00  0.00  0.00  0.00  0.00  0.00  0.00  0.00  0.00  0.00  0.00  0.00  0.00  0.00  0.00  0.00  0.00  0.00  0.00  0.00  0.00  0.00  0.00  0.00  0.00  0.00  0.00  0.00  0.00  0.00  0.00  0.00  0.00  0.00  0.00  0.00  0.00  0.00  0.00  0.00  0.00
  0.00  0.00  0.00  0.00  0.00  0.00  0.00  0.00  0.00  0.00  0.00  0.00  0.00  0.00  0.00  0.00  0.00  0.00  0.00  0.00  0.00  0.00  0.00  0.00  0.00  0.00  0.00  0.00  0.00  0.00  0.00  0.00  0.00  0.00  0.00  0.00  0.00  0.00  0.00  0.00  0.00  0.00  0.00  0.00  0.00  0.00  0.00  0.00  0.00  0.00  0.00  0.00  0.00  0.00  0.00  0.00  0.00  0.00  0.00  0.00  0.00  0.00  0.00  0.00
  0.00  0.00  0.00  0.00  0.00  0.00  0.00  0.00  0.00  0.00  0.00  0.00  0.00  0.00  0.00  0.00  0.00  0.00  0.00  0.00  0.00  0.00  0.00  0.00  0.00  0.00  0.00  0.00  0.00  0.00  0.00  0.00  0.00  0.00  0.00  0.00  0.00  0.00  0.00  0.00  0.00  0.00  0.00  0.00  0.00  0.00  0.00  0.00  0.00  0.00  0.00  0.00  0.00  0.00  0.00  0.00  0.00  0.00  0.00  0.00  0.00  0.00  0.00  0.00
  0.00  0.00  0.00  0.00  0.00  0.00  0.00  0.00  0.00  0.00  0.00  0.00  0.00  0.00  0.00  0.00  0.00  0.00  0.00  0.00  0.00  0.00  0.00  0.00  0.00  0.00  0.00  0.00  0.00  0.00  0.00  0.00  0.00  0.00  0.00  0.00  0.00  0.00  0.00  0.00  0.00  0.00  0.00  0.00  0.00  0.00  0.00  0.00  0.00  0.00  0.00  0.00  0.00  0.00  0.00  0.00  0.00  0.00  0.00  0.00  0.00  0.00  0.00  0.00
  0.00  0.00  0.00  0.00  0.00  0.00  0.00  0.00  0.00  0.00  0.00  0.00  0.00  0.00  0.00  0.00  0.00  0.00  0.00  0.00  0.00  0.00  0.00  0.00  0.00  0.00  0.00  0.00  0.00  0.00  0.00  0.00  0.00  0.00  0.00  0.00  0.00  0.00  0.00  0.00  0.00  0.00  0.00  0.00  0.00  0.00  0.00  0.00  0.00  0.00  0.00  0.00  0.00  0.00  0.00  0.00  0.00  0.00  0.00  0.00  0.00  0.00  0.00  0.00
  0.00  0.00  0.00  0.00  0.00  0.00  0.00  0.00  0.00  0.00  0.00  0.00  0.00  0.00  0.00  0.00  0.00  0.00  0.00  0.00  0.00  0.00  0.00  0.00  0.00  0.00  0.00  0.00  0.00  0.00  0.00  0.00  0.00  0.00  0.00  0.00  0.00  0.00  0.00  0.00  0.00  0.00  0.00  0.00  0.00  0.00  0.00  0.00  0.00  0.00  0.00  0.00  0.00  0.00  0.00  0.00  0.00  0.00  0.00  0.00  0.00  0.00  0.00  0.00
  0.00  0.00  0.00  0.00  0.00  0.00  0.00  0.00  0.00  0.00  0.00  0.00  0.00  0.00  0.00  0.00  0.00  0.00  0.00  0.00  0.00  0.00  0.00  0.00  0.00  0.00  0.00  0.00  0.00  0.00  0.00  0.00  0.00  0.00  0.00  0.00  0.00  0.00  0.00  0.00  0.00  0.00  0.00  0.00  0.00  0.00  0.00  0.00  0.00  0.00  0.00  0.00  0.00  0.00  0.00  0.00  0.00  0.00  0.00  0.00  0.00  0.00  0.00  0.00
  0.00  0.00  0.00  0.00  0.00  0.00  0.00  0.00  0.00  0.00  0.00  0.00  0.00  0.00  0.00  0.00  0.00  0.00  0.00  0.00  0.00  0.00  0.00  0.00  0.00  0.00  0.00  0.00  0.00  0.00  0.00  0.00  0.00  0.00  0.00  0.00  0.00  0.00  0.00  0.00  0.00  0.00  0.00  0.00  0.00  0.00  0.00  0.00  0.00  0.00  0.00  0.00  0.00  0.00  0.00  0.00  0.00  0.00  0.00  0.00  0.00  0.00  0.00  0.00
  0.00  0.00  0.00  0.00  0.00  0.00  0.00  0.00  0.00  0.00  0.00  0.00  0.00  0.00  0.00  0.00  0.00  0.00  0.00  0.00  0.00  0.00  0.00  0.00  0.00  0.00  0.00  0.00  0.00  0.00  0.00  0.00  0.00  0.00  0.00  0.00  0.00  0.00  0.00  0.00  0.00  0.00  0.00  0.00  0.00  0.00  0.00  0.00  0.00  0.00  0.00  0.00  0.00  0.00  0.00  0.00  0.00  0.00  0.00  0.00  0.00  0.00  0.00  0.00
  0.00  0.00  0.00  0.00  0.00  0.00  0.00  0.00  0.00  0.00  0.00  0.00  0.00  0.00  0.00  0.00  0.00  0.00  0.00  0.00  0.00  0.00  0.00  0.00  0.00  0.00  0.00  0.00  0.00  0.00  0.00  0.00  0.00  0.00  0.00  0.00  0.00  0.00  0.00  0.00  0.00  0.00  0.00  0.00  0.00  0.00  0.00  0.00  0.00  0.00  0.00  0.00  0.00  0.00  0.00  0.00  0.00  0.00  0.00  0.00  0.00  0.00  0.00  0.00
  0.00  0.00  0.00  0.00  0.00  0.00  0.00  0.00  0.00  0.00  0.00  0.00  0.00  0.00  0.00  0.00  0.00  0.00  0.00  0.00  0.00  0.00  0.00  0.00  0.00  0.00  0.00  0.00  0.00  0.00  0.00  0.00  0.00  0.00  0.00  0.00  0.00  0.00  0.00  0.00  0.00  0.00  0.00  0.00  0.00  0.00  0.00  0.00  0.00  0.00  0.00  0.00  0.00  0.00  0.00  0.00  0.00  0.00  0.00  0.00  0.00  0.00  0.00  0.00
  0.00  0.00  0.00  0.00  0.00  0.00  0.00  0.00  0.00  0.00  0.00  0.00  0.00  0.00  0.00  0.00  0.00  0.00  0.00  0.00  0.00  0.00  0.00  0.00  0.00  0.00  0.00  0.00  0.00  0.00  0.00  0.00  0.00  0.00  0.00  0.00  0.00  0.00  0.00  0.00  0.00  0.00  0.00  0.00  0.00  0.00  0.00  0.00  0.00  0.00  0.00  0.00  0.00  0.00  0.00  0.00  0.00  0.00  0.00  0.00  0.00  0.00  0.00  0.00
  0.00  0.00  0.00  0.00  0.00  0.00  0.00  0.00  0.00  0.00  0.00  0.00  0.00  0.00  0.00  0.00  0.00  0.00  0.00  0.00  0.00  0.00  0.00  0.00  0.00  0.00  0.00  0.00  0.00  0.00  0.00  0.00  0.00  0.00  0.00  0.00  0.00  0.00  0.00  0.00  0.00  0.00  0.00  0.00  0.00  0.00  0.00  0.00  0.00  0.00  0.00  0.00  0.00  0.00  0.00  0.00  0.00  0.00  0.00  0.00  0.00  0.00  0.00  0.00

 density range (Hz): 0.000000 3.488372