Array Size: 64  64
  0.00  0.46  0.44  0.32  0.22  2.52  3.02  0.80  0.78  1.24  0.56  0.48  0.44  0.80  0.32  0.16  0.62  0.80  3.68  0.54  0.50  0.32  0.18  0.72  0.26  0.44  0.26  0.16  0.12  0.08  0.74  1.14  0.58  0.82  0.62  0.26  0.28  0.36  0.00  0.00  0.00  0.10  0.14  0.18  0.26  0.00  0.00  0.00  0.00  0.00  0.00  0.00  0.00  0.00  0.00  0.00  0.00  0.00  0.00  0.00  0.00  0.00  0.00  0.00
  0.00  0.22  0.08  0.24  0.94  0.26  1.18  0.80  0.88  0.86  0.42  0.52  0.58  0.86  0.68  0.78  0.70  0.86  0.76  0.56  0.88  0.38  0.22  0.28  0.60  0.62  0.74  1.12  0.44  0.68  0.56  1.24  0.64  0.26  0.58  0.60  0.56  0.80  0.78  0.76  0.64  1.08  1.06  0.44  0.52  0.48  0.00  0.00  0.00  0.00  0.00  0.00  0.00  0.00  0.00  0.00  0.00  0.00  0.00  0.00  0.00  0.00  0.00  0.00
  0.00  0.08  0.46  0.70  0.20  0.32  1.10  0.74  0.82  0.78  0.88  0.72  0.78  0.68  0.44  0.54  0.56  0.62  0.40  0.72  1.40  0.50  0.80  0.52  0.68  0.80  0.90  0.66  0.80  0.96  0.92  1.22  1.48  0.50  0.42  1.02  0.38  0.54  0.54  0.30  0.40  0.48  0.86  1.12  0.40  0.02  0.00  0.00  0.00  0.00  0.00  0.00  0.00  0.00  0.00  0.00  0.00  0.00  0.00  0.00  0.00  0.00  0.00  0.00
  0.64  0.14  0.46  0.42  0.30  0.40  0.46  0.60  0.34  0.80  0.86  0.44  0.62  0.40  0.30  0.40  0.54  1.02  1.04  0.34  0.62  0.94  0.80  0.82  0.76  0.60  0.50  0.32  0.22  0.62  0.82  1.38  0.34  1.36  0.52  0.30  0.52  0.36  0.22  0.36  0.48  0.46  0.14  0.22  0.76  0.24  0.00  0.00  0.00  0.00  0.00  0.00  0.00  0.00  0.00  0.00  0.00  0.00  0.00  0.00  0.00  0.00  0.00  0.00
  1.08  0.22  0.42  0.24  0.24  0.30  0.38  0.70  0.98  1.08  1.04  0.78  0.28  0.08  0.36  0.46  0.76  0.58  0.80  1.02  0.92  0.54  0.30  0.70  0.92  0.68  0.28  0.26  0.24  0.28  0.70  0.38  0.26  0.26  0.36  0.50  0.24  0.08  0.08  0.18  0.12  0.32  0.08  0.22  1.10  0.32  0.00  0.00  0.00  0.00  0.00  0.00  0.00  0.00  0.00  0.00  0.00  0.00  0.00  0.00  0.00  0.00  0.00  0.00
  0.16  0.12  0.24  0.38  0.24  0.46  0.52  0.48  0.38  0.20  0.62  0.68  0.40  0.76  0.44  0.50  0.70  0.58  0.60  0.54  1.58  0.60  0.92  0.36  0.70  0.50  0.42  0.66  0.48  0.46  0.62  0.82  0.84  0.60  0.48  0.64  0.60  0.38  0.26  0.36  0.22  0.36  0.18  0.16  0.42  0.00  0.00  0.00  0.00  0.00  0.00  0.00  0.00  0.00  0.00  0.00  0.00  0.00  0.00  0.00  0.00  0.00  0.00  0.00
  0.00  0.38  0.24  0.36  0.50  0.34  0.56  1.00  0.52  0.24  0.38  0.36  0.88  0.66  0.52  0.46  0.58  0.90  0.64  0.50  0.88  0.46  0.54  0.42  0.66  0.38  0.16  0.34  0.60  0.44  0.92  1.06  0.56  0.48  0.38  0.22  0.56  0.64  0.66  0.42  0.32  0.18  0.16  0.44  0.44  0.00  0.00  0.00  0.00  0.00  0.00  0.00  0.00  0.00  0.00  0.00  0.00  0.00  0.00  0.00  0.00  0.00  0.00  0.00
  0.00  0.28  0.42  0.62  0.40  0.20  0.96  1.16  0.42  0.28  0.22  0.12  0.46  0.18  0.16  0.56  0.32  0.48  0.58  0.48  0.10  0.44  0.58  0.56  0.18  0.32  0.22  0.94  0.18  0.40  0.40  0.82  0.70  0.56  0.48  0.68  0.50  0.92  0.88  0.78  0.40  0.44  0.42  1.24  0.46  0.00  0.00  0.00  0.00  0.00  0.00  0.00  0.00  0.00  0.00  0.00  0.00  0.00  0.00  0.00  0.00  0.00  0.00  0.00
  0.00  0.50  0.34  0.04  0.38  0.30  0.40  0.82  0.54  0.42  0.04  0.10  0.40  0.24  0.18  0.10  0.24  0.28  0.04  0.26  0.14  0.48  0.32  0.26  0.44  0.74  0.42  0.24  0.20  0.30  0.34  0.04  0.30  0.24  0.30  0.56  0.42  0.54  0.66  0.86  0.24  0.10  0.72  1.16  0.18  0.00  0.00  0.00  0.00  0.00  0.00  0.00  0.00  0.00  0.00  0.00  0.00  0.00  0.00  0.00  0.00  0.00  0.00  0.00
  0.40  0.18  0.76  0.18  0.46  0.46  0.22  0.36  0.38  1.06  1.14  0.36  0.46  0.56  0.40  0.40  0.46  0.36  0.66  0.36  0.48  0.28  0.42  0.52  0.56  0.34  0.30  0.28  0.42  0.38  0.42  0.26  0.28  0.28  0.06  0.30  0.26  0.56  0.28  0.72  0.94  0.44  0.84  0.96  0.44  0.00  0.00  0.00  0.00  0.00  0.00  0.00  0.00  0.00  0.00  0.00  0.00  0.00  0.00  0.00  0.00  0.00  0.00  0.00
  0.70  0.14  0.66  0.42  0.36  0.42  0.26  0.24  0.36  0.44  0.84  1.00  1.24  0.70  0.36  0.18  0.22  0.16  0.36  0.18  0.38  0.28  0.70  0.58  0.14  0.24  0.26  0.22  0.30  0.54  0.28  0.24  0.32  0.46  0.20  0.32  0.34  0.28  0.54  0.48  0.78  0.50  1.40  1.90  1.42  0.00  0.00  0.00  0.00  0.00  0.00  0.00  0.00  0.00  0.00  0.00  0.00  0.00  0.00  0.00  0.00  0.00  0.00  0.00
  0.30  0.04  0.42  0.26  0.32  0.50  0.26  0.36  0.86  0.42  0.68  0.46  0.50  0.28  0.18  0.32  0.16  0.20  0.36  0.22  0.26  0.16  0.96  0.30  0.48  0.44  0.22  0.38  0.44  0.54  0.44  0.10  0.38  0.18  0.26  0.06  0.14  0.12  0.22  0.24  0.80  1.50  0.54  0.58  0.60  0.00  0.00  0.00  0.00  0.00  0.00  0.00  0.00  0.00  0.00  0.00  0.00  0.00  0.00  0.00  0.00  0.00  0.00  0.00
  0.20  0.10  0.24  0.16  0.60  0.64  0.28  0.52  0.38  0.28  0.64  0.14  0.22  0.62  0.50  0.30  0.46  0.20  0.38  0.30  0.38  1.60  1.04  0.34  0.30  0.42  0.52  0.28  0.28  0.00  0.20  0.22  0.28  0.40  0.46  0.12  0.04  0.12  0.34  0.20  0.82  0.74  0.80  0.50  0.52  0.00  0.00  0.00  0.00  0.00  0.00  0.00  0.00  0.00  0.00  0.00  0.00  0.00  0.00  0.00  0.00  0.00  0.00  0.00
  0.14  0.18  0.28  0.62  0.66  0.08  0.56  0.46  0.28  0.66  0.30  0.14  0.34  0.34  0.42  0.10  0.36  0.56  0.28  0.10  0.46  0.94  0.52  0.16  0.84  0.18  0.28  0.56  0.12  0.20  0.82  0.72  0.16  0.38  0.80  0.14  0.00  0.18  0.18  0.04  0.42  0.70  0.84  1.44  0.44  0.00  0.00  0.00  0.00  0.00  0.00  0.00  0.00  0.00  0.00  0.00  0.00  0.00  0.00  0.00  0.00  0.00  0.00  0.00
  0.28  0.44  0.60  0.58  0.64  0.60  0.54  0.58  0.66  0.38  0.58  0.26  0.32  0.28  0.48  0.40  0.54  0.88  0.42  0.30  0.82  0.84  0.86  0.46  1.30  0.86  0.48  0.82  0.64  0.30  0.22  0.92  0.10  0.64  0.58  0.98  0.88  0.16  0.12  0.12  0.52  0.72  1.08  0.92  0.58  0.00  0.00  0.00  0.00  0.00  0.00  0.00  0.00  0.00  0.00  0.00  0.00  0.00  0.00  0.00  0.00  0.00  0.00  0.00
  0.30  0.22  0.50  1.04  0.58  0.74  0.16  0.22  0.32  0.38  1.70  0.18  0.24  0.36  0.14  0.26  0.50  0.66  0.20  0.38  0.38  1.10  1.10  0.28  0.86  0.16  0.38  0.56  0.94  1.12  0.44  0.10  0.50  0.40  0.36  0.56  0.40  0.28  0.06  0.14  0.46  0.40  0.72  0.78  0.58  0.00  0.00  0.00  0.00  0.00  0.00  0.00  0.00  0.00  0.00  0.00  0.00  0.00  0.00  0.00  0.00  0.00  0.00  0.00
  0.22  0.26  0.34  0.58  0.14  0.46  0.98  0.26  0.60  0.76  2.56  0.62  0.44  0.26  0.34  0.14  0.38  0.30  0.58  0.40  0.24  0.18  0.98  0.78  0.74  0.78  0.46  0.50  0.72  0.92  0.62  1.18  2.80  0.78  0.94  0.92  0.06  0.14  0.16  0.22  0.22  0.42  0.88  1.18  0.66  0.00  0.00  0.00  0.00  0.00  0.00  0.00  0.00  0.00  0.00  0.00  0.00  0.00  0.00  0.00  0.00  0.00  0.00  0.00
  0.18  0.32  0.40  0.50  0.66  0.74  0.30  0.72  0.46  0.72  1.48  0.52  0.32  0.22  0.76  0.32  0.28  0.00  0.08  0.68  0.38  0.28  0.52  1.34  1.12  1.18  1.68  1.60  0.36  0.12  0.80  0.06  0.20  0.86  0.64  1.98  1.38  0.14  0.18  0.12  0.26  0.74  0.84  1.58  0.90  0.00  0.00  0.00  0.00  0.00  0.00  0.00  0.00  0.00  0.00  0.00  0.00  0.00  0.00  0.00  0.00  0.00  0.00  0.00
  1.30  0.34  1.66  0.72  0.82  0.90  0.46  0.44  0.78  0.48  0.00  0.84  0.06  0.42  0.66  0.10  0.16  0.32  0.28  0.44  0.26  0.46  0.26  0.66  0.64  0.92  1.10  0.44  1.16  0.48  1.02  0.52  0.36  0.30  1.22  1.80  1.60  1.28  0.18  0.08  0.28  0.76  1.30  2.04  1.16  0.00  0.00  0.00  0.00  0.00  0.00  0.00  0.00  0.00  0.00  0.00  0.00  0.00  0.00  0.00  0.00  0.00  0.00  0.00
  0.00  0.66  1.54  1.42  0.68  2.36  7.50  1.96  2.94  0.92  0.40  2.72  0.90  0.84  1.00  1.10  1.00  0.62  0.70  0.90  1.46  1.96  1.08  1.02  1.04  1.40  2.22  2.02  2.18  4.76  4.28  0.66  1.00  0.96  1.88  2.56  0.90  0.48  0.24  0.80  0.58  1.32  1.64  1.00  0.96  0.00  0.00  0.00  0.00  0.00  0.00  0.00  0.00  0.00  0.00  0.00  0.00  0.00  0.00  0.00  0.00  0.00  0.00  0.00
  0.00  0.00  0.00  0.00  0.00  0.00  0.00  0.00  0.00  0.00  0.00  0.00  0.00  0.00  0.00  0.00  0.00  0.00  0.00  0.02  0.08  0.40  0.36  0.26  0.30  0.28  2.24  0.74  0.48  1.36  2.82  4.02  1.12  1.98  1.86  4.54  0.98  0.52  0.92  0.78  0.40  0.40  1.08  1.16  1.38  0.04  0.00  0.00  0.00  0.00  0.00  0.00  0.00  0.00  0.00  0.00  0.00  0.00  0.00  0.00  0.00  0.00  0.00  0.00
  0.00  0.18  0.16  0.18  0.00  0.00  0.00  0.00  0.00  0.00  0.00  0.00  0.00  0.00  0.00  0.00  0.00  0.00  0.00  0.00  0.00  0.00  0.00  0.00  0.00  0.00  0.00  0.00  0.00  0.00  0.00  0.02  0.16  0.14  0.36  0.82  1.14  0.64  0.56  0.36  0.36  0.54  0.84  0.60  0.66  0.00  0.00  0.00  0.00  0.00  0.00  0.00  0.00  0.00  0.00  0.00  0.00  0.00  0.00  0.00  0.00  0.00  0.00  0.00
  1.42  1.50  1.12  2.94  3.20  1.16  1.96  1.46  1.50  1.46  0.96  1.10  0.84  1.08  1.32  1.32  1.48  0.34  0.40  0.46  1.02  1.72  0.70  0.32  0.04  0.00  0.10  0.38  0.24  0.20  0.06  0.06  0.00  0.06  0.86  0.66  2.32  0.74  0.52  0.70  0.38  0.74  1.82  1.32  0.74  0.00  0.00  0.00  0.00  0.00  0.00  0.00  0.00  0.00  0.00  0.00  0.00  0.00  0.00  0.00  0.00  0.00  0.00  0.00
  2.44  1.06  1.18  0.44  0.50  0.60  0.78  0.26  0.36  0.62  1.28  0.74  0.26  0.40  0.38  0.26  0.54  0.24  0.04  0.22  0.66  0.48  0.12  0.22  0.22  0.28  0.32  0.32  0.16  0.48  0.08  0.16  0.46  0.34  0.56  2.68  4.24  2.28  1.82  0.76  0.38  0.44  0.48  1.10  1.30  0.00  0.00  0.00  0.00  0.00  0.00  0.00  0.00  0.00  0.00  0.00  0.00  0.00  0.00  0.00  0.00  0.00  0.00  0.00
  0.14  0.52  0.42  0.34  0.94  0.98  2.12  0.42  0.18  0.34  0.60  0.86  0.22  0.24  0.18  0.32  1.24  0.62  0.20  0.28  0.34  0.44  0.16  0.12  0.46  0.16  0.04  0.10  0.30  0.24  0.26  0.16  0.34  0.98  0.80  1.26  2.32  1.64  2.00  1.34  0.14  0.56  0.48  0.56  0.96  0.12  0.00  0.00  0.00  0.00  0.00  0.00  0.00  0.00  0.00  0.00  0.00  0.00  0.00  0.00  0.00  0.00  0.00  0.00
  0.72  1.28  0.56  0.44  0.76  1.54  1.62  0.58  0.14  0.60  0.92  0.96  0.20  0.36  0.52  0.78  0.08  0.32  0.20  0.34  0.20  0.66  0.52  0.50  1.12  0.86  0.18  0.14  0.32  0.30  0.26  0.14  0.20  0.90  0.66  1.92  2.36  1.16  0.44  1.22  0.58  0.92  0.58  0.18  0.92  0.50  0.00  0.00  0.00  0.00  0.00  0.00  0.00  0.00  0.00  0.00  0.00  0.00  0.00  0.00  0.00  0.00  0.00  0.00
  1.02  1.08  1.78  0.54  1.10  0.88  0.80  2.06  0.54  0.42  0.84  0.68  0.34  0.84  0.54  0.42  0.22  0.26  0.06  0.48  0.76  0.80  0.46  0.74  1.10  1.24  0.50  0.60  1.02  0.98  0.32  0.62  0.88  2.02  1.16  2.16  1.70  0.86  1.42  0.88  0.20  1.04  0.94  0.36  0.82  0.08  0.00  0.00  0.00  0.00  0.00  0.00  0.00  0.00  0.00  0.00  0.00  0.00  0.00  0.00  0.00  0.00  0.00  0.00
  0.62  0.52  1.56  0.32  0.30  0.76  1.54  0.58  0.68  1.22  0.22  0.40  0.04  0.18  0.80  0.36  0.46  0.32  0.30  0.28  0.54  0.52  2.02  0.30  0.12  1.24  0.70  0.84  1.08  0.72  0.56  0.58  2.76  1.10  1.26  2.68  1.40  0.94  1.42  1.28  0.72  1.42  0.88  0.60  0.58  0.00  0.00  0.00  0.00  0.00  0.00  0.00  0.00  0.00  0.00  0.00  0.00  0.00  0.00  0.00  0.00  0.00  0.00  0.00
  0.92  0.30  0.24  0.10  0.48  0.36  0.66  0.62  0.44  0.28  0.38  0.26  0.30  0.16  0.52  0.16  0.18  0.24  0.14  0.12  0.40  0.38  1.40  1.44  0.44  0.16  0.36  0.94  1.24  0.64  0.68  0.62  1.10  1.12  1.22  3.08  1.56  0.36  0.52  0.28  0.38  0.84  0.96  0.74  0.68  0.00  0.00  0.00  0.00  0.00  0.00  0.00  0.00  0.00  0.00  0.00  0.00  0.00  0.00  0.00  0.00  0.00  0.00  0.00
  0.50  0.32  0.18  0.16  0.34  0.28  0.12  0.36  0.44  0.32  0.16  0.32  0.08  0.22  0.30  0.12  0.10  0.22  0.36  0.32  0.64  0.86  0.66  0.28  0.82  1.00  0.94  1.44  0.66  0.36  0.24  0.40  0.86  0.94  0.78  1.20  1.30  0.14  0.34  0.26  0.42  1.48  1.28  0.66  0.42  0.00  0.00  0.00  0.00  0.00  0.00  0.00  0.00  0.00  0.00  0.00  0.00  0.00  0.00  0.00  0.00  0.00  0.00  0.00
  1.14  0.50  0.46  0.12  0.20  0.28  0.16  0.34  0.22  0.20  0.26  0.68  0.84  0.76  0.44  0.42  0.38  0.42  0.96  0.48  0.08  0.34  0.60  0.46  0.32  0.78  0.16  0.76  0.98  0.42  0.24  0.42  0.44  0.62  0.60  1.32  1.38  0.32  0.96  0.72  0.80  1.06  0.94  0.54  0.48  0.02  0.00  0.00  0.00  0.00  0.00  0.00  0.00  0.00  0.00  0.00  0.00  0.00  0.00  0.00  0.00  0.00  0.00  0.00
  1.64  1.12  0.74  0.66  0.28  0.54  0.34  0.22  0.24  0.04  0.52  0.22  0.44  0.60  0.14  0.30  0.28  0.46  0.86  0.28  0.30  0.22  0.24  0.38  0.56  0.22  0.32  0.40  0.22  0.76  0.22  0.18  0.46  0.74  0.24  0.32  0.36  0.26  0.36  0.82  0.74  1.16  0.80  0.42  0.56  0.02  0.00  0.00  0.00  0.00  0.00  0.00  0.00  0.00  0.00  0.00  0.00  0.00  0.00  0.00  0.00  0.00  0.00  0.00
  0.42  0.14  0.70  0.64  0.26  0.42  0.46  0.18  0.18  0.28  1.12  0.66  0.12  0.50  0.52  0.52  1.32  0.84  1.00  0.66  0.50  0.86  0.94  0.88  1.36  0.58  1.02  1.06  0.52  0.78  0.14  0.42  0.12  0.06  0.28  0.16  0.48  0.30  0.68  0.32  0.94  1.08  0.76  0.48  0.58  0.04  0.00  0.00  0.00  0.00  0.00  0.00  0.00  0.00  0.00  0.00  0.00  0.00  0.00  0.00  0.00  0.00  0.00  0.00
  0.22  0.38  0.38  0.60  0.38  1.04  0.38  0.16  0.44  0.42  0.36  0.58  0.34  0.32  0.96  0.30  1.56  0.44  1.00  0.72  0.88  1.14  1.80  0.68  0.40  0.86  0.64  1.14  0.20  0.56  0.26  0.44  0.40  0.40  0.52  0.66  0.50  0.60  0.68  0.36  0.52  1.18  0.92  0.24  0.08  0.04  0.00  0.00  0.00  0.00  0.00  0.00  0.00  0.00  0.00  0.00  0.00  0.00  0.00  0.00  0.00  0.00  0.00  0.00
  0.32  0.32  0.20  0.52  0.38  0.60  0.66  0.32  0.32  0.48  0.34  0.34  0.34  0.62  1.34  0.78  0.50  0.46  0.76  0.16  0.38  1.82  2.60  1.66  0.56  0.58  0.36  0.72  0.78  0.34  0.50  0.84  0.14  0.04  0.16  0.32  0.44  0.54  0.38  0.52  0.60  0.80  0.78  0.50  0.08  0.04  0.00  0.00  0.00  0.00  0.00  0.00  0.00  0.00  0.00  0.00  0.00  0.00  0.00  0.00  0.00  0.00  0.00  0.00
  0.40  0.26  0.60  0.74  0.42  0.18  0.40  0.36  0.36  0.44  0.24  0.32  0.42  0.42  1.06  0.42  0.46  0.48  0.78  1.20  0.92  0.96  0.86  1.10  1.30  0.16  0.44  0.64  0.44  0.52  0.56  0.80  0.36  0.16  0.10  0.40  0.96  1.24  0.32  0.72  0.62  0.66  0.80  0.64  0.70  0.18  0.00  0.00  0.00  0.00  0.00  0.00  0.00  0.00  0.00  0.00  0.00  0.00  0.00  0.00  0.00  0.00  0.00  0.00
  0.82  0.62  0.80  0.60  0.88  0.70  0.86  0.44  0.56  0.64  0.82  0.26  0.36  0.26  0.68  0.28  0.42  0.50  0.96  1.02  0.18  0.72  1.62  1.10  0.78  0.74  0.48  0.38  0.68  1.42  0.28  0.40  0.62  0.26  0.26  0.60  0.40  0.88  0.68  0.54  0.98  0.38  0.16  0.66  0.50  0.06  0.00  0.00  0.00  0.00  0.00  0.00  0.00  0.00  0.00  0.00  0.00  0.00  0.00  0.00  0.00  0.00  0.00  0.00
  0.78  0.00  1.04  0.38  0.62  0.64  0.82  1.22  0.76  0.62  0.14  0.42  0.22  0.14  0.54  0.62  0.64  0.74  0.26  0.80  1.42  0.64  0.70  1.04  0.98  1.58  0.78  0.42  0.16  0.30  0.26  0.18  0.26  0.52  0.94  0.64  0.64  0.64  0.78  0.78  0.64  0.44  0.28  0.22  1.26  0.42  0.00  0.00  0.00  0.00  0.00  0.00  0.00  0.00  0.00  0.00  0.00  0.00  0.00  0.00  0.00  0.00  0.00  0.00
  0.82  0.12  0.26  0.28  0.44  0.60  0.50  0.88  0.60  0.52  0.10  0.14  0.04  0.14  0.46  0.54  0.64  0.16  0.58  0.90  0.48  0.64  0.72  0.90  1.26  0.64  0.16  0.52  0.68  0.44  0.44  0.68  0.40  0.58  0.26  1.04  0.50  0.60  0.24  0.62  0.36  0.76  0.62  0.78  1.02  0.00  0.00  0.00  0.00  0.00  0.00  0.00  0.00  0.00  0.00  0.00  0.00  0.00  0.00  0.00  0.00  0.00  0.00  0.00
  0.64  0.04  0.34  0.46  0.36  0.18  0.40  0.86  0.48  0.60  0.30  0.40  0.32  0.16  0.70  0.28  0.42  0.48  0.34  0.42  0.34  0.38  1.00  0.56  1.10  0.22  0.28  0.28  0.74  0.40  0.32  0.62  0.34  0.70  0.58  0.72  0.60  0.74  0.50  0.68  0.44  0.76  0.30  0.24  0.68  0.34  0.00  0.00  0.00  0.00  0.00  0.00  0.00  0.00  0.00  0.00  0.00  0.00  0.00  0.00  0.00  0.00  0.00  0.00
  1.54  0.04  0.24  0.48  0.34  0.24  0.36  0.66  0.24  0.34  0.60  0.84  0.48  0.20  0.70  0.14  0.26  0.40  0.64  0.32  0.26  0.30  0.58  0.84  0.94  0.64  0.40  0.76  1.82  0.42  0.46  0.38  0.90  0.84  0.36  0.46  0.26  0.70  0.50  0.42  0.58  0.30  0.40  0.32  0.42  0.06  0.00  0.00  0.00  0.00  0.00  0.00  0.00  0.00  0.00  0.00  0.00  0.00  0.00  0.00  0.00  0.00  0.00  0.00
  0.40  0.26  0.20  0.24  0.30  0.54  0.88  0.90  1.26  0.68  1.22  0.34  0.00  0.20  0.46  0.32  0.42  0.32  0.62  0.50  0.56  0.46  0.62  0.46  0.62  0.52  0.76  0.42  0.88  0.58  0.40  0.30  0.52  1.18  0.92  0.44  0.40  0.60  0.40  0.60  0.76  0.32  0.00  0.04  0.68  0.00  0.00  0.00  0.00  0.00  0.00  0.00  0.00  0.00  0.00  0.00  0.00  0.00  0.00  0.00  0.00  0.00  0.00  0.00
  0.36  0.32  0.22  0.28  0.92  1.14  1.08  1.22  0.54  0.42  0.28  0.20  0.20  0.20  0.12  0.42  0.28  0.12  0.12  0.14  0.64  0.50  0.56  0.34  0.98  0.40  0.64  0.72  1.04  0.68  0.56  0.58  0.68  0.90  0.80  0.40  0.42  0.18  1.18  0.58  0.92  0.30  0.28  0.46  0.92  0.06  0.00  0.00  0.00  0.00  0.00  0.00  0.00  0.00  0.00  0.00  0.00  0.00  0.00  0.00  0.00  0.00  0.00  0.00
  0.52  0.32  0.50  0.64  0.70  1.60  0.74  0.56  0.96  0.24  0.26  0.32  0.40  0.34  0.52  0.70  0.20  0.22  0.32  0.30  0.46  0.58  0.76  0.70  0.32  0.34  0.38  0.58  0.82  0.60  0.48  0.44  0.36  0.50  0.72  0.34  0.28  0.40  0.16  0.26  0.36  0.70  0.30  0.24  0.62  1.12  0.00  0.00  0.00  0.00  0.00  0.00  0.00  0.00  0.00  0.00  0.00  0.00  0.00  0.00  0.00  0.00  0.00  0.00
  0.94  0.82  0.36  0.46  1.00  0.64  0.50  0.58  1.00  0.32  0.64  0.50  0.20  0.20  0.48  1.58  1.92  0.26  0.38  0.26  0.28  0.70  0.44  0.44  0.62  0.28  0.32  0.20  0.10  0.08  0.42  0.32  0.28  0.26  1.34  0.26  0.22  0.12  0.12  0.10  0.36  0.54  0.12  0.06  0.16  0.54  0.00  0.00  0.00  0.00  0.00  0.00  0.00  0.00  0.00  0.00  0.00  0.00  0.00  0.00  0.00  0.00  0.00  0.00
  0.74  0.70  0.64  0.26  0.16  0.20  0.18  0.68  0.34  0.72  0.26  0.06  0.32  0.10  0.06  0.06  0.78  0.30  0.30  0.10  0.08  0.06  0.02  0.00  0.12  0.00  0.00  0.00  0.00  0.00  0.00  0.14  0.10  0.06  0.50  0.10  0.22  0.16  0.22  0.34  0.46  0.10  0.00  0.00  0.88  0.36  0.00  0.00  0.00  0.00  0.00  0.00  0.00  0.00  0.00  0.00  0.00  0.00  0.00  0.00  0.00  0.00  0.00  0.00
  0.00  0.00  0.00  0.00  0.00  0.00  0.00  0.00  0.00  0.00  0.00  0.00  0.00  0.00  0.00  0.00  0.00  0.00  0.00  0.00  0.00  0.00  0.00  0.00  0.00  0.00  0.00  0.00  0.00  0.00  0.00  0.00  0.00  0.00  0.00  0.00  0.00  0.00  0.00  0.00  0.00  0.00  0.00  0.00  0.00  0.00  0.00  0.00  0.00  0.00  0.00  0.00  0.00  0.00  0.00  0.00  0.00  0.00  0.00  0.00  0.00  0.00  0.00  0.00
  0.00  0.00  0.00  0.00  0.00  0.00  0.00  0.00  0.00  0.00  0.00  0.00  0.00  0.00  0.00  0.00  0.00  0.00  0.00  0.00  0.00  0.00  0.00  0.00  0.00  0.00  0.00  0.00  0.00  0.00  0.00  0.00  0.00  0.00  0.00  0.00  0.00  0.00  0.00  0.00  0.00  0.00  0.00  0.00  0.00  0.00  0.00  0.00  0.00  0.00  0.00  0.00  0.00  0.00  0.00  0.00  0.00  0.00  0.00  0.00  0.00  0.00  0.00  0.00
  0.00  0.00  0.00  0.00  0.00  0.00  0.00  0.00  0.00  0.00  0.00  0.00  0.00  0.00  0.00  0.00  0.00  0.00  0.00  0.00  0.00  0.00  0.00  0.00  0.00  0.00  0.00  0.00  0.00  0.00  0.00  0.00  0.00  0.00  0.00  0.00  0.00  0.00  0.00  0.00  0.00  0.00  0.00  0.00  0.00  0.00  0.00  0.00  0.00  0.00  0.00  0.00  0.00  0.00  0.00  0.00  0.00  0.00  0.00  0.00  0.00  0.00  0.00  0.00
  0.00  0.00  0.00  0.00  0.00  0.00  0.00  0.00  0.00  0.00  0.00  0.00  0.00  0.00  0.00  0.00  0.00  0.00  0.00  0.00  0.00  0.00  0.00  0.00  0.00  0.00  0.00  0.00  0.00  0.00  0.00  0.00  0.00  0.00  0.00  0.00  0.00  0.00  0.00  0.00  0.00  0.00  0.00  0.00  0.00  0.00  0.00  0.00  0.00  0.00  0.00  0.00  0.00  0.00  0.00  0.00  0.00  0.00  0.00  0.00  0.00  0.00  0.00  0.00
  0.00  0.00  0.00  0.00  0.00  0.00  0.00  0.00  0.00  0.00  0.00  0.00  0.00  0.00  0.00  0.00  0.00  0.00  0.00  0.00  0.00  0.00  0.00  0.00  0.00  0.00  0.00  0.00  0.00  0.00  0.00  0.00  0.00  0.00  0.00  0.00  0.00  0.00  0.00  0.00  0.00  0.00  0.00  0.00  0.00  0.00  0.00  0.00  0.00  0.00  0.00  0.00  0.00  0.00  0.00  0.00  0.00  0.00  0.00  0.00  0.00  0.00  0.00  0.00
  0.00  0.00  0.00  0.00  0.00  0.00  0.00  0.00  0.00  0.00  0.00  0.00  0.00  0.00  0.00  0.00  0.00  0.00  0.00  0.00  0.00  0.00  0.00  0.00  0.00  0.00  0.00  0.00  0.00  0.00  0.00  0.00  0.00  0.00  0.00  0.00  0.00  0.00  0.00  0.00  0.00  0.00  0.00  0.00  0.00  0.00  0.00  0.00  0.00  0.00  0.00  0.00  0.00  0.00  0.00  0.00  0.00  0.00  0.00  0.00  0.00  0.00  0.00  0.00
  0.00  0.00  0.00  0.00  0.00  0.00  0.00  0.00  0.00  0.00  0.00  0.00  0.00  0.00  0.00  0.00  0.00  0.00  0.00  0.00  0.00  0.00  0.00  0.00  0.00  0.00  0.00  0.00  0.00  0.00  0.00  0.00  0.00  0.00  0.00  0.00  0.00  0.00  0.00  0.00  0.00  0.00  0.00  0.00  0.00  0.00  0.00  0.00  0.00  0.00  0.00  0.00  0.00  0.00  0.00  0.00  0.00  0.00  0.00  0.00  0.00  0.00  0.00  0.00
  0.00  0.00  0.00  0.00  0.00  0.00  0.00  0.00  0.00  0.00  0.00  0.00  0.00  0.00  0.00  0.00  0.00  0.00  0.00  0.00  0.00  0.00  0.00  0.00  0.00  0.00  0.00  0.00  0.00  0.00  0.00  0.00  0.00  0.00  0.00  0.00  0.00  0.00  0.00  0.00  0.00  0.00  0.00  0.00  0.00  0.00  0.00  0.00  0.00  0.00  0.00  0.00  0.00  0.00  0.00  0.00  0.00  0.00  0.00  0.00  0.00  0.00  0.00  0.00
  0.00  0.00  0.00  0.00  0.00  0.00  0.00  0.00  0.00  0.00  0.00  0.00  0.00  0.00  0.00  0.00  0.00  0.00  0.00  0.00  0.00  0.00  0.00  0.00  0.00  0.00  0.00  0.00  0.00  0.00  0.00  0.00  0.00  0.00  0.00  0.00  0.00  0.00  0.00  0.00  0.00  0.00  0.00  0.00  0.00  0.00  0.00  0.00  0.00  0.00  0.00  0.00  0.00  0.00  0.00  0.00  0.00  0.00  0.00  0.00  0.00  0.00  0.00  0.00
  0.00  0.00  0.00  0.00  0.00  0.00  0.00  0.00  0.00  0.00  0.00  0.00  0.00  0.00  0.00  0.00  0.00  0.00  0.00  0.00  0.00  0.00  0.00  0.00  0.00  0.00  0.00  0.00  0.00  0.00  0.00  0.00  0.00  0.00  0.00  0.00  0.00  0.00  0.00  0.00  0.00  0.00  0.00  0.00  0.00  0.00  0.00  0.00  0.00  0.00  0.00  0.00  0.00  0.00  0.00  0.00  0.00  0.00  0.00  0.00  0.00  0.00  0.00  0.00
  0.00  0.00  0.00  0.00  0.00  0.00  0.00  0.00  0.00  0.00  0.00  0.00  0.00  0.00  0.00  0.00  0.00  0.00  0.00  0.00  0.00  0.00  0.00  0.00  0.00  0.00  0.00  0.00  0.00  0.00  0.00  0.00  0.00  0.00  0.00  0.00  0.00  0.00  0.00  0.00  0.00  0.00  0.00  0.00  0.00  0.00  0.00  0.00  0.00  0.00  0.00  0.00  0.00  0.00  0.00  0.00  0.00  0.00  0.00  0.00  0.00  0.00  0.00  0.00
  0.00  0.00  0.00  0.00  0.00  0.00  0.00  0.00  0.00  0.00  0.00  0.00  0.00  0.00  0.00  0.00  0.00  0.00  0.00  0.00  0.00  0.00  0.00  0.00  0.00  0.00  0.00  0.00  0.00  0.00  0.00  0.00  0.00  0.00  0.00  0.00  0.00  0.00  0.00  0.00  0.00  0.00  0.00  0.00  0.00  0.00  0.00  0.00  0.00  0.00  0.00  0.00  0.00  0.00  0.00  0.00  0.00  0.00  0.00  0.00  0.00  0.00  0.00  0.00
  0.00  0.00  0.00  0.00  0.00  0.00  0.00  0.00  0.00  0.00  0.00  0.00  0.00  0.00  0.00  0.00  0.00  0.00  0.00  0.00  0.00  0.00  0.00  0.00  0.00  0.00  0.00  0.00  0.00  0.00  0.00  0.00  0.00  0.00  0.00  0.00  0.00  0.00  0.00  0.00  0.00  0.00  0.00  0.00  0.00  0.00  0.00  0.00  0.00  0.00  0.00  0.00  0.00  0.00  0.00  0.00  0.00  0.00  0.00  0.00  0.00  0.00  0.00  0.00
  0.00  0.00  0.00  0.00  0.00  0.00  0.00  0.00  0.00  0.00  0.00  0.00  0.00  0.00  0.00  0.00  0.00  0.00  0.00  0.00  0.00  0.00  0.00  0.00  0.00  0.00  0.00  0.00  0.00  0.00  0.00  0.00  0.00  0.00  0.00  0.00  0.00  0.00  0.00  0.00  0.00  0.00  0.00  0.00  0.00  0.00  0.00  0.00  0.00  0.00  0.00  0.00  0.00  0.00  0.00  0.00  0.00  0.00  0.00  0.00  0.00  0.00  0.00  0.00
  0.00  0.00  0.00  0.00  0.00  0.00  0.00  0.00  0.00  0.00  0.00  0.00  0.00  0.00  0.00  0.00  0.00  0.00  0.00  0.00  0.00  0.00  0.00  0.00  0.00  0.00  0.00  0.00  0.00  0.00  0.00  0.00  0.00  0.00  0.00  0.00  0.00  0.00  0.00  0.00  0.00  0.00  0.00  0.00  0.00  0.00  0.00  0.00  0.00  0.00  0.00  0.00  0.00  0.00  0.00  0.00  0.00  0.00  0.00  0.00  0.00  0.00  0.00  0.00
  0.00  0.00  0.00  0.00  0.00  0.00  0.00  0.00  0.00  0.00  0.00  0.00  0.00  0.00  0.00  0.00  0.00  0.00  0.00  0.00  0.00  0.00  0.00  0.00  0.00  0.00  0.00  0.00  0.00  0.00  0.00  0.00  0.00  0.00  0.00  0.00  0.00  0.00  0.00  0.00  0.00  0.00  0.00  0.00  0.00  0.00  0.00  0.00  0.00  0.00  0.00  0.00  0.00  0.00  0.00  0.00  0.00  0.00  0.00  0.00  0.00  0.00  0.00  0.00
  0.00  0.00  0.00  0.00  0.00  0.00  0.00  0.00  0.00  0.00  0.00  0.00  0.00  0.00  0.00  0.00  0.00  0.00  0.00  0.00  0.00  0.00  0.00  0.00  0.00  0.00  0.00  0.00  0.00  0.00  0.00  0.00  0.00  0.00  0.00  0.00  0.00  0.00  0.00  0.00  0.00  0.00  0.00  0.00  0.00  0.00  0.00  0.00  0.00  0.00  0.00  0.00  0.00  0.00  0.00  0.00  0.00  0.00  0.00  0.00  0.00  0.00  0.00  0.00
  0.00  0.00  0.00  0.00  0.00  0.00  0.00  0.00  0.00  0.00  0.00  0.00  0.00  0.00  0.00  0.00  0.00  0.00  0.00  0.00  0.00  0.00  0.00  0.00  0.00  0.00  0.00  0.00  0.00  0.00  0.00  0.00  0.00  0.00  0.00  0.00  0.00  0.00  0.00  0.00  0.00  0.00  0.00  0.00  0.00  0.00  0.00  0.00  0.00  0.00  0.00  0.00  0.00  0.00  0.00  0.00  0.00  0.00  0.00  0.00  0.00  0.00  0.00  0.00

 density range (Hz): 0.000000 7.500000