Array Size: 64  64
  0.00  0.30  0.50  5.28  0.84  1.14  1.16  0.40  0.70  1.54  0.90  1.96  1.22  0.86  0.56  0.52  0.60  0.94  0.60  0.42  0.70  0.34  0.88  0.74  0.90  0.84  1.28  0.98  1.00  0.42  0.42  1.16  2.32  1.34  0.00  0.00  0.00  0.00  0.00  0.00  0.00  0.00  0.00  0.00  0.00  0.00  0.00  0.00  0.00  0.00  0.00  0.00  0.00  0.00  0.00  0.00  0.00  0.00  0.00  0.00  0.00  0.00  0.00  0.00
  0.00  0.72  0.58  0.74  1.16  1.76  0.64  0.56  0.70  0.64  0.72  0.78  1.46  1.30  0.66  0.58  0.98  0.50  1.38  1.12  0.86  0.78  0.52  0.74  1.56  1.78  0.80  0.78  1.10  1.96  1.12  0.80  2.66  0.14  0.00  0.00  0.00  0.00  0.00  0.00  0.00  0.00  0.00  0.00  0.00  0.00  0.00  0.00  0.00  0.00  0.00  0.00  0.00  0.00  0.00  0.00  0.00  0.00  0.00  0.00  0.00  0.00  0.00  0.00
  0.00  0.44  0.12  0.52  1.02  0.54  0.34  0.76  0.90  0.86  0.56  0.60  1.06  0.46  0.40  0.40  1.48  0.44  1.10  1.34  0.86  0.40  0.44  0.36  1.08  0.36  0.54  0.40  0.98  0.88  1.20  1.28  1.80  0.00  0.00  0.00  0.00  0.00  0.00  0.00  0.00  0.00  0.00  0.00  0.00  0.00  0.00  0.00  0.00  0.00  0.00  0.00  0.00  0.00  0.00  0.00  0.00  0.00  0.00  0.00  0.00  0.00  0.00  0.00
  0.00  0.64  0.42  1.04  1.08  0.12  0.00  0.20  0.48  1.10  0.70  0.80  0.98  1.44  0.84  0.70  0.54  0.84  0.90  0.72  1.06  0.94  0.54  0.84  1.00  0.52  0.34  1.66  0.86  0.46  0.38  0.80  0.92  0.00  0.00  0.00  0.00  0.00  0.00  0.00  0.00  0.00  0.00  0.00  0.00  0.00  0.00  0.00  0.00  0.00  0.00  0.00  0.00  0.00  0.00  0.00  0.00  0.00  0.00  0.00  0.00  0.00  0.00  0.00
  0.00  0.40  0.26  0.98  1.16  0.30  0.10  0.12  0.26  0.62  0.14  0.30  0.72  0.86  1.12  1.16  1.24  1.26  0.52  0.46  0.64  0.80  0.56  0.52  1.78  0.76  1.02  0.84  0.80  0.42  0.18  0.46  1.02  0.00  0.00  0.00  0.00  0.00  0.00  0.00  0.00  0.00  0.00  0.00  0.00  0.00  0.00  0.00  0.00  0.00  0.00  0.00  0.00  0.00  0.00  0.00  0.00  0.00  0.00  0.00  0.00  0.00  0.00  0.00
  0.00  0.28  0.42  0.20  1.00  1.08  0.64  0.36  0.40  0.72  0.52  0.52  0.70  0.34  0.36  0.40  0.50  0.44  0.94  0.70  0.36  0.22  0.40  0.54  1.16  0.88  0.92  0.58  0.56  0.62  0.64  0.34  1.80  0.00  0.00  0.00  0.00  0.00  0.00  0.00  0.00  0.00  0.00  0.00  0.00  0.00  0.00  0.00  0.00  0.00  0.00  0.00  0.00  0.00  0.00  0.00  0.00  0.00  0.00  0.00  0.00  0.00  0.00  0.00
  0.00  0.30  0.56  0.54  0.52  0.74  0.82  0.62  0.62  0.38  0.78  0.84  0.58  0.28  0.42  0.54  0.40  0.38  0.72  0.52  0.68  0.94  0.72  0.96  2.64  1.94  1.00  1.08  1.48  0.70  0.60  0.56  1.46  0.00  0.00  0.00  0.00  0.00  0.00  0.00  0.00  0.00  0.00  0.00  0.00  0.00  0.00  0.00  0.00  0.00  0.00  0.00  0.00  0.00  0.00  0.00  0.00  0.00  0.00  0.00  0.00  0.00  0.00  0.00
  0.00  0.04  0.38  0.34  0.30  0.40  0.38  0.84  0.78  0.38  0.86  0.34  0.42  0.38  0.24  0.46  0.52  0.36  0.54  0.54  0.56  0.22  0.86  0.50  0.26  0.94  0.60  0.66  1.08  1.62  0.56  0.96  0.76  0.00  0.00  0.00  0.00  0.00  0.00  0.00  0.00  0.00  0.00  0.00  0.00  0.00  0.00  0.00  0.00  0.00  0.00  0.00  0.00  0.00  0.00  0.00  0.00  0.00  0.00  0.00  0.00  0.00  0.00  0.00
  0.00  0.00  0.38  0.32  0.50  0.30  0.56  0.86  0.56  0.50  0.66  0.44  0.28  0.38  0.62  0.30  0.18  0.36  0.16  0.44  1.02  0.28  0.50  0.58  0.40  0.96  0.98  1.20  1.22  1.10  0.68  0.78  0.72  0.00  0.00  0.00  0.00  0.00  0.00  0.00  0.00  0.00  0.00  0.00  0.00  0.00  0.00  0.00  0.00  0.00  0.00  0.00  0.00  0.00  0.00  0.00  0.00  0.00  0.00  0.00  0.00  0.00  0.00  0.00
  0.00  0.00  0.18  0.82  0.42  0.18  0.32  0.66  0.52  0.46  0.68  0.52  0.60  1.04  0.86  0.38  0.24  0.40  0.70  0.66  0.58  0.72  0.14  1.30  0.90  1.20  1.30  0.82  0.36  0.50  0.60  0.80  0.66  0.00  0.00  0.00  0.00  0.00  0.00  0.00  0.00  0.00  0.00  0.00  0.00  0.00  0.00  0.00  0.00  0.00  0.00  0.00  0.00  0.00  0.00  0.00  0.00  0.00  0.00  0.00  0.00  0.00  0.00  0.00
  0.00  0.96  0.50  1.44  0.66  0.88  0.68  0.48  0.30  0.52  0.58  0.36  0.54  1.16  0.60  0.56  0.30  0.22  0.10  0.24  0.32  0.60  0.52  1.84  0.96  0.96  0.86  1.06  1.62  1.22  0.74  1.20  1.00  0.00  0.00  0.00  0.00  0.00  0.00  0.00  0.00  0.00  0.00  0.00  0.00  0.00  0.00  0.00  0.00  0.00  0.00  0.00  0.00  0.00  0.00  0.00  0.00  0.00  0.00  0.00  0.00  0.00  0.00  0.00
  0.00  0.40  0.40  0.80  0.86  0.96  0.56  0.70  0.58  0.98  0.78  0.48  0.28  0.70  0.26  0.18  0.48  0.14  0.02  0.26  0.74  0.32  0.74  0.84  0.66  0.64  0.86  1.40  1.64  1.44  0.78  1.14  1.76  0.70  0.00  0.00  0.00  0.00  0.00  0.00  0.00  0.00  0.00  0.00  0.00  0.00  0.00  0.00  0.00  0.00  0.00  0.00  0.00  0.00  0.00  0.00  0.00  0.00  0.00  0.00  0.00  0.00  0.00  0.00
  0.00  0.24  0.28  1.08  1.48  0.52  0.06  0.22  0.78  0.68  0.08  0.36  0.34  0.26  0.44  0.46  0.54  0.22  0.04  0.62  0.62  0.30  0.90  0.52  0.92  0.72  0.54  0.90  1.24  0.98  1.02  1.06  1.72  0.12  0.00  0.00  0.00  0.00  0.00  0.00  0.00  0.00  0.00  0.00  0.00  0.00  0.00  0.00  0.00  0.00  0.00  0.00  0.00  0.00  0.00  0.00  0.00  0.00  0.00  0.00  0.00  0.00  0.00  0.00
  0.00  0.10  0.52  1.46  1.08  0.48  0.12  0.78  0.12  0.18  0.52  0.68  0.86  0.40  1.30  0.48  0.20  0.40  0.38  0.06  0.30  0.62  0.84  0.78  0.92  0.58  0.92  0.84  1.06  2.10  1.68  0.84  0.84  0.06  0.00  0.00  0.00  0.00  0.00  0.00  0.00  0.00  0.00  0.00  0.00  0.00  0.00  0.00  0.00  0.00  0.00  0.00  0.00  0.00  0.00  0.00  0.00  0.00  0.00  0.00  0.00  0.00  0.00  0.00
  0.00  0.42  0.58  1.62  0.46  0.56  0.82  0.62  0.32  0.08  0.82  1.78  1.14  0.54  0.72  0.54  0.54  0.74  0.54  0.16  1.30  0.48  0.58  0.34  0.28  0.36  1.76  0.64  1.02  1.64  1.50  1.54  0.80  0.06  0.00  0.00  0.00  0.00  0.00  0.00  0.00  0.00  0.00  0.00  0.00  0.00  0.00  0.00  0.00  0.00  0.00  0.00  0.00  0.00  0.00  0.00  0.00  0.00  0.00  0.00  0.00  0.00  0.00  0.00
  0.00  0.12  0.80  1.06  0.70  0.44  0.64  0.44  0.38  0.22  0.62  1.98  0.74  1.66  0.58  0.34  1.04  1.28  0.86  0.38  0.80  0.48  1.70  0.64  0.22  0.32  1.22  1.08  0.72  0.76  1.40  0.96  2.32  0.00  0.00  0.00  0.00  0.00  0.00  0.00  0.00  0.00  0.00  0.00  0.00  0.00  0.00  0.00  0.00  0.00  0.00  0.00  0.00  0.00  0.00  0.00  0.00  0.00  0.00  0.00  0.00  0.00  0.00  0.00
  0.00  0.56  0.84  0.92  0.78  0.78  0.10  0.30  0.12  0.86  0.74  0.70  1.70  1.24  1.04  0.48  0.24  0.02  1.62  0.42  0.28  0.30  0.26  0.32  0.34  0.42  0.96  1.70  0.90  0.54  0.78  1.00  1.52  0.00  0.00  0.00  0.00  0.00  0.00  0.00  0.00  0.00  0.00  0.00  0.00  0.00  0.00  0.00  0.00  0.00  0.00  0.00  0.00  0.00  0.00  0.00  0.00  0.00  0.00  0.00  0.00  0.00  0.00  0.00
  0.00  0.28  0.84  1.14  0.10  0.18  0.72  0.58  0.88  1.70  1.28  0.66  0.92  0.62  1.00  0.98  0.54  0.22  1.36  0.58  0.20  0.14  0.52  0.48  0.88  0.74  1.34  1.56  1.62  0.90  1.88  1.08  0.44  0.00  0.00  0.00  0.00  0.00  0.00  0.00  0.00  0.00  0.00  0.00  0.00  0.00  0.00  0.00  0.00  0.00  0.00  0.00  0.00  0.00  0.00  0.00  0.00  0.00  0.00  0.00  0.00  0.00  0.00  0.00
  0.00  0.28  0.56  0.78  1.34  0.94  0.84  0.98  0.74  1.60  0.94  1.30  1.62  0.88  0.60  0.44  0.78  0.24  0.34  1.20  0.90  0.60  0.70  0.46  0.98  0.56  1.10  2.66  1.70  0.98  0.54  0.82  0.40  0.00  0.00  0.00  0.00  0.00  0.00  0.00  0.00  0.00  0.00  0.00  0.00  0.00  0.00  0.00  0.00  0.00  0.00  0.00  0.00  0.00  0.00  0.00  0.00  0.00  0.00  0.00  0.00  0.00  0.00  0.00
  0.00  0.64  0.70  1.02  1.16  0.44  1.58  1.12  0.30  0.84  0.50  1.42  0.48  0.34  1.16  0.40  0.68  0.94  0.70  0.74  2.44  1.20  0.56  0.46  1.38  1.96  1.00  1.12  2.08  0.96  0.98  0.78  0.72  0.00  0.00  0.00  0.00  0.00  0.00  0.00  0.00  0.00  0.00  0.00  0.00  0.00  0.00  0.00  0.00  0.00  0.00  0.00  0.00  0.00  0.00  0.00  0.00  0.00  0.00  0.00  0.00  0.00  0.00  0.00
  0.00  1.72  1.36  1.16  1.72  0.98  0.62  1.14  1.42  0.74  0.68  0.64  0.48  0.78  0.96  0.60  0.60  1.02  0.92  0.80  0.88  0.68  0.88  0.54  0.60  0.72  0.76  1.16  1.28  1.38  1.38  0.94  0.50  0.00  0.00  0.00  0.00  0.00  0.00  0.00  0.00  0.00  0.00  0.00  0.00  0.00  0.00  0.00  0.00  0.00  0.00  0.00  0.00  0.00  0.00  0.00  0.00  0.00  0.00  0.00  0.00  0.00  0.00  0.00
  0.00  0.34  0.94  1.14  1.48  0.82  0.96  1.08  1.28  1.68  0.46  0.94  0.74  1.02  0.52  0.32  0.44  0.26  0.26  0.64  1.20  1.04  0.68  0.46  0.32  1.00  1.16  1.24  3.16  0.88  1.04  0.94  0.72  0.00  0.00  0.00  0.00  0.00  0.00  0.00  0.00  0.00  0.00  0.00  0.00  0.00  0.00  0.00  0.00  0.00  0.00  0.00  0.00  0.00  0.00  0.00  0.00  0.00  0.00  0.00  0.00  0.00  0.00  0.00
  0.00  0.26  0.56  1.12  1.30  2.00  1.52  0.94  1.40  1.88  1.48  0.76  2.02  0.58  0.64  0.82  0.66  0.30  0.32  1.22  0.80  1.56  0.78  1.12  0.90  1.56  1.18  1.08  0.68  1.10  0.52  0.74  0.78  0.00  0.00  0.00  0.00  0.00  0.00  0.00  0.00  0.00  0.00  0.00  0.00  0.00  0.00  0.00  0.00  0.00  0.00  0.00  0.00  0.00  0.00  0.00  0.00  0.00  0.00  0.00  0.00  0.00  0.00  0.00
  0.00  0.70  0.48  1.06  0.92  1.16  1.12  0.44  0.72  0.80  0.96  1.02  2.02  0.84  0.64  0.66  0.72  1.16  1.08  1.02  0.86  1.12  0.84  1.04  1.04  1.34  1.52  1.50  0.90  0.50  0.38  0.68  1.46  0.10  0.00  0.00  0.00  0.00  0.00  0.00  0.00  0.00  0.00  0.00  0.00  0.00  0.00  0.00  0.00  0.00  0.00  0.00  0.00  0.00  0.00  0.00  0.00  0.00  0.00  0.00  0.00  0.00  0.00  0.00
  0.00  0.54  0.26  1.20  0.64  1.04  1.34  1.82  0.84  0.78  0.78  1.18  1.50  1.76  1.34  0.94  1.96  0.76  0.64  0.84  2.52  0.62  1.14  1.46  0.92  0.60  1.40  1.20  1.40  1.32  0.66  0.90  0.68  0.00  0.00  0.00  0.00  0.00  0.00  0.00  0.00  0.00  0.00  0.00  0.00  0.00  0.00  0.00  0.00  0.00  0.00  0.00  0.00  0.00  0.00  0.00  0.00  0.00  0.00  0.00  0.00  0.00  0.00  0.00
  0.02  0.82  0.18  1.20  0.58  0.98  0.96  1.14  1.32  0.84  0.76  1.14  1.66  1.28  0.74  0.68  0.78  0.74  0.66  0.88  1.86  1.22  1.16  0.80  1.14  1.06  0.86  0.92  1.02  0.88  0.82  0.82  0.38  0.00  0.00  0.00  0.00  0.00  0.00  0.00  0.00  0.00  0.00  0.00  0.00  0.00  0.00  0.00  0.00  0.00  0.00  0.00  0.00  0.00  0.00  0.00  0.00  0.00  0.00  0.00  0.00  0.00  0.00  0.00
  0.26  0.14  0.36  1.60  1.18  0.94  1.68  0.70  1.18  0.86  1.12  1.70  2.44  1.56  0.94  0.72  1.04  0.68  0.70  0.60  0.74  1.02  1.64  0.70  1.30  1.02  0.60  0.36  0.48  1.06  0.46  0.76  0.36  0.00  0.00  0.00  0.00  0.00  0.00  0.00  0.00  0.00  0.00  0.00  0.00  0.00  0.00  0.00  0.00  0.00  0.00  0.00  0.00  0.00  0.00  0.00  0.00  0.00  0.00  0.00  0.00  0.00  0.00  0.00
  0.06  0.24  0.06  1.18  1.14  0.72  0.96  0.78  1.48  1.84  0.84  1.74  1.10  1.74  0.62  0.66  0.70  0.76  0.70  1.14  1.24  1.56  1.34  0.76  1.10  0.32  0.86  0.36  0.76  0.60  0.80  0.34  0.52  0.00  0.00  0.00  0.00  0.00  0.00  0.00  0.00  0.00  0.00  0.00  0.00  0.00  0.00  0.00  0.00  0.00  0.00  0.00  0.00  0.00  0.00  0.00  0.00  0.00  0.00  0.00  0.00  0.00  0.00  0.00
  0.00  0.20  0.44  0.98  0.84  1.12  1.26  1.28  1.26  1.24  1.48  1.66  1.68  0.76  0.94  0.70  1.24  0.64  0.68  0.50  1.28  0.90  1.16  1.12  0.96  0.68  0.60  0.60  0.80  0.64  0.14  0.50  1.02  0.00  0.00  0.00  0.00  0.00  0.00  0.00  0.00  0.00  0.00  0.00  0.00  0.00  0.00  0.00  0.00  0.00  0.00  0.00  0.00  0.00  0.00  0.00  0.00  0.00  0.00  0.00  0.00  0.00  0.00  0.00
  0.00  0.20  0.60  0.86  1.78  1.36  1.28  1.08  0.74  1.16  0.68  0.62  0.96  1.54  1.46  0.94  0.36  0.28  0.44  0.40  0.58  0.80  0.56  0.78  1.00  1.00  0.46  0.66  1.06  0.98  0.24  0.56  2.06  0.00  0.00  0.00  0.00  0.00  0.00  0.00  0.00  0.00  0.00  0.00  0.00  0.00  0.00  0.00  0.00  0.00  0.00  0.00  0.00  0.00  0.00  0.00  0.00  0.00  0.00  0.00  0.00  0.00  0.00  0.00
  0.00  0.32  0.30  1.12  0.84  0.88  1.04  1.12  1.00  1.38  0.42  0.60  1.76  0.60  1.26  0.94  0.78  0.28  0.82  0.38  0.58  1.10  0.88  1.14  1.02  1.48  0.42  1.06  1.48  0.42  0.18  0.48  1.34  0.00  0.00  0.00  0.00  0.00  0.00  0.00  0.00  0.00  0.00  0.00  0.00  0.00  0.00  0.00  0.00  0.00  0.00  0.00  0.00  0.00  0.00  0.00  0.00  0.00  0.00  0.00  0.00  0.00  0.00  0.00
  0.46  0.08  0.50  0.76  1.46  1.42  1.44  1.42  1.62  1.16  0.52  0.60  1.20  0.80  1.16  0.74  1.16  0.98  1.08  1.04  1.18  1.16  1.68  0.70  1.88  0.72  1.66  1.26  1.18  0.76  0.14  0.20  1.24  0.00  0.00  0.00  0.00  0.00  0.00  0.00  0.00  0.00  0.00  0.00  0.00  0.00  0.00  0.00  0.00  0.00  0.00  0.00  0.00  0.00  0.00  0.00  0.00  0.00  0.00  0.00  0.00  0.00  0.00  0.00
  0.78  0.16  1.24  0.52  0.80  1.06  1.38  1.04  0.82  1.10  1.04  0.82  0.64  0.86  1.28  1.28  0.82  0.66  0.98  1.10  1.00  1.70  1.60  0.86  1.92  0.96  1.32  1.04  0.70  1.18  0.32  0.56  0.88  0.00  0.00  0.00  0.00  0.00  0.00  0.00  0.00  0.00  0.00  0.00  0.00  0.00  0.00  0.00  0.00  0.00  0.00  0.00  0.00  0.00  0.00  0.00  0.00  0.00  0.00  0.00  0.00  0.00  0.00  0.00
  0.08  0.68  0.38  0.58  0.72  0.48  0.70  1.16  0.80  1.00  1.28  0.94  0.60  0.78  0.66  0.98  2.42  0.76  0.74  0.76  0.88  0.60  1.38  0.58  0.36  0.72  1.06  0.60  1.28  1.52  0.56  0.96  0.84  0.00  0.00  0.00  0.00  0.00  0.00  0.00  0.00  0.00  0.00  0.00  0.00  0.00  0.00  0.00  0.00  0.00  0.00  0.00  0.00  0.00  0.00  0.00  0.00  0.00  0.00  0.00  0.00  0.00  0.00  0.00
  0.00  0.18  0.80  0.54  0.40  0.42  0.62  0.88  0.82  0.96  0.96  0.68  0.92  0.72  0.64  1.02  0.36  0.86  0.74  1.20  1.30  0.90  0.94  0.96  0.60  0.82  1.90  0.96  0.98  0.42  0.20  0.96  0.24  0.00  0.00  0.00  0.00  0.00  0.00  0.00  0.00  0.00  0.00  0.00  0.00  0.00  0.00  0.00  0.00  0.00  0.00  0.00  0.00  0.00  0.00  0.00  0.00  0.00  0.00  0.00  0.00  0.00  0.00  0.00
  0.00  0.20  0.32  0.22  0.58  0.88  0.50  0.92  0.80  1.06  0.98  1.06  1.18  1.28  0.94  1.20  1.22  0.96  0.84  0.98  0.82  0.96  0.80  0.54  0.28  0.50  0.44  0.42  0.82  0.98  1.16  0.28  0.18  0.00  0.00  0.00  0.00  0.00  0.00  0.00  0.00  0.00  0.00  0.00  0.00  0.00  0.00  0.00  0.00  0.00  0.00  0.00  0.00  0.00  0.00  0.00  0.00  0.00  0.00  0.00  0.00  0.00  0.00  0.00
  0.00  0.18  0.22  0.38  0.62  0.82  1.14  1.44  0.64  1.42  1.00  1.40  0.96  0.84  1.08  1.16  1.92  1.16  0.50  1.00  0.84  1.22  0.68  0.72  0.64  0.44  0.30  0.18  0.54  0.42  0.26  0.20  0.14  0.00  0.00  0.00  0.00  0.00  0.00  0.00  0.00  0.00  0.00  0.00  0.00  0.00  0.00  0.00  0.00  0.00  0.00  0.00  0.00  0.00  0.00  0.00  0.00  0.00  0.00  0.00  0.00  0.00  0.00  0.00
  0.00  0.24  0.14  0.42  0.62  0.96  0.82  1.54  1.06  1.86  2.12  0.64  0.72  1.00  1.66  1.60  1.14  1.08  0.24  0.80  0.48  0.38  1.36  0.80  0.78  0.38  0.54  0.68  0.62  0.20  0.26  0.34  0.14  0.00  0.00  0.00  0.00  0.00  0.00  0.00  0.00  0.00  0.00  0.00  0.00  0.00  0.00  0.00  0.00  0.00  0.00  0.00  0.00  0.00  0.00  0.00  0.00  0.00  0.00  0.00  0.00  0.00  0.00  0.00
  0.00  0.34  0.34  0.10  0.26  0.92  0.70  0.80  0.84  1.32  1.92  1.70  1.02  1.04  1.80  1.60  1.08  1.00  0.98  1.54  1.88  0.42  1.10  0.62  0.26  0.22  0.16  0.34  0.64  0.18  0.10  0.24  0.34  0.00  0.00  0.00  0.00  0.00  0.00  0.00  0.00  0.00  0.00  0.00  0.00  0.00  0.00  0.00  0.00  0.00  0.00  0.00  0.00  0.00  0.00  0.00  0.00  0.00  0.00  0.00  0.00  0.00  0.00  0.00
  0.00  0.28  0.22  0.26  0.24  1.24  1.56  0.56  0.54  0.62  1.56  0.82  1.70  1.14  1.36  1.50  1.18  0.52  3.00  2.24  1.00  0.28  1.76  0.48  0.14  0.48  1.06  0.74  0.38  0.00  0.02  0.08  0.26  0.00  0.00  0.00  0.00  0.00  0.00  0.00  0.00  0.00  0.00  0.00  0.00  0.00  0.00  0.00  0.00  0.00  0.00  0.00  0.00  0.00  0.00  0.00  0.00  0.00  0.00  0.00  0.00  0.00  0.00  0.00
  0.02  0.34  0.26  0.30  0.42  0.60  0.96  0.56  1.04  1.38  0.92  2.46  1.04  1.36  1.46  0.56  0.62  1.02  0.80  1.02  0.40  0.18  1.78  0.58  0.34  0.84  0.50  0.74  0.34  0.04  0.04  0.28  0.88  0.00  0.00  0.00  0.00  0.00  0.00  0.00  0.00  0.00  0.00  0.00  0.00  0.00  0.00  0.00  0.00  0.00  0.00  0.00  0.00  0.00  0.00  0.00  0.00  0.00  0.00  0.00  0.00  0.00  0.00  0.00
  0.10  0.36  0.10  0.10  0.44  0.36  0.62  0.38  0.18  0.38  1.02  1.04  1.06  1.06  2.22  0.60  0.30  0.60  0.28  0.74  0.60  0.90  2.14  0.54  1.06  0.50  1.04  0.68  0.16  0.46  0.24  0.24  0.12  0.00  0.00  0.00  0.00  0.00  0.00  0.00  0.00  0.00  0.00  0.00  0.00  0.00  0.00  0.00  0.00  0.00  0.00  0.00  0.00  0.00  0.00  0.00  0.00  0.00  0.00  0.00  0.00  0.00  0.00  0.00
  1.44  0.38  0.06  0.10  0.40  0.60  0.18  0.42  0.36  0.60  0.56  1.10  1.34  1.30  0.80  1.54  0.54  0.26  0.36  0.46  1.28  0.68  2.70  0.46  0.62  2.18  1.16  1.24  0.56  0.24  0.12  0.20  0.12  0.00  0.00  0.00  0.00  0.00  0.00  0.00  0.00  0.00  0.00  0.00  0.00  0.00  0.00  0.00  0.00  0.00  0.00  0.00  0.00  0.00  0.00  0.00  0.00  0.00  0.00  0.00  0.00  0.00  0.00  0.00
  0.06  0.16  0.42  0.86  0.86  0.48  0.68  1.02  0.36  0.86  0.76  0.58  0.56  0.76  1.06  1.00  1.02  0.40  0.44  0.56  1.66  0.48  0.40  0.70  1.28  1.56  1.10  0.30  0.62  0.34  0.36  0.00  0.22  0.00  0.00  0.00  0.00  0.00  0.00  0.00  0.00  0.00  0.00  0.00  0.00  0.00  0.00  0.00  0.00  0.00  0.00  0.00  0.00  0.00  0.00  0.00  0.00  0.00  0.00  0.00  0.00  0.00  0.00  0.00
  0.16  0.00  0.20  0.66  0.86  0.52  0.36  0.70  0.66  0.42  1.14  0.38  0.22  0.54  0.56  0.54  1.02  0.62  0.76  0.28  0.58  0.36  0.72  0.64  0.58  0.46  0.68  1.14  1.80  0.50  0.18  0.22  0.26  0.00  0.00  0.00  0.00  0.00  0.00  0.00  0.00  0.00  0.00  0.00  0.00  0.00  0.00  0.00  0.00  0.00  0.00  0.00  0.00  0.00  0.00  0.00  0.00  0.00  0.00  0.00  0.00  0.00  0.00  0.00
  1.18  0.52  0.32  0.30  0.00  0.60  0.44  0.56  0.68  0.38  0.58  1.36  0.64  0.76  1.46  1.78  1.38  1.10  0.72  0.52  0.22  0.36  0.42  0.58  0.54  1.48  2.14  0.40  0.56  0.48  0.28  0.06  0.60  0.00  0.00  0.00  0.00  0.00  0.00  0.00  0.00  0.00  0.00  0.00  0.00  0.00  0.00  0.00  0.00  0.00  0.00  0.00  0.00  0.00  0.00  0.00  0.00  0.00  0.00  0.00  0.00  0.00  0.00  0.00
  0.00  0.00  0.00  0.00  0.00  0.00  0.00  0.00  0.00  0.00  0.00  0.00  0.00  0.00  1.26  0.00  0.00  0.00  0.00  0.00  0.00  0.00  0.00  0.00  0.00  0.00  0.00  0.00  0.00  0.00  0.00  0.00  0.00  0.00  0.00  0.00  0.00  0.00  0.00  0.00  0.00  0.00  0.00  0.00  0.00  0.00  0.00  0.00  0.00  0.00  0.00  0.00  0.00  0.00  0.00  0.00  0.00  0.00  0.00  0.00  0.00  0.00  0.00  0.00
  0.00  0.00  0.00  0.00  0.00  0.00  0.00  0.00  0.00  0.00  0.00  0.00  0.00  0.00  0.00  0.00  0.00  0.00  0.00  0.00  0.00  0.00  0.00  0.00  0.00  0.00  0.00  0.00  0.00  0.00  0.00  0.00  0.00  0.00  0.00  0.00  0.00  0.00  0.00  0.00  0.00  0.00  0.00  0.00  0.00  0.00  0.00  0.00  0.00  0.00  0.00  0.00  0.00  0.00  0.00  0.00  0.00  0.00  0.00  0.00  0.00  0.00  0.00  0.00
  0.00  0.00  0.00  0.00  0.00  0.00  0.00  0.00  0.00  0.00  0.00  0.00  0.00  0.00  0.00  0.00  0.00  0.00  0.00  0.00  0.00  0.00  0.00  0.00  0.00  0.00  0.00  0.00  0.00  0.00  0.00  0.00  0.00  0.00  0.00  0.00  0.00  0.00  0.00  0.00  0.00  0.00  0.00  0.00  0.00  0.00  0.00  0.00  0.00  0.00  0.00  0.00  0.00  0.00  0.00  0.00  0.00  0.00  0.00  0.00  0.00  0.00  0.00  0.00
  0.00  0.00  0.00  0.00  0.00  0.00  0.00  0.00  0.00  0.00  0.00  0.00  0.00  0.00  0.00  0.00  0.00  0.00  0.00  0.00  0.00  0.00  0.00  0.00  0.00  0.00  0.00  0.00  0.00  0.00  0.00  0.00  0.00  0.00  0.00  0.00  0.00  0.00  0.00  0.00  0.00  0.00  0.00  0.00  0.00  0.00  0.00  0.00  0.00  0.00  0.00  0.00  0.00  0.00  0.00  0.00  0.00  0.00  0.00  0.00  0.00  0.00  0.00  0.00
  0.00  0.00  0.00  0.00  0.00  0.00  0.00  0.00  0.00  0.00  0.00  0.00  0.00  0.00  0.00  0.00  0.00  0.00  0.00  0.00  0.00  0.00  0.00  0.00  0.00  0.00  0.00  0.00  0.00  0.00  0.00  0.00  0.00  0.00  0.00  0.00  0.00  0.00  0.00  0.00  0.00  0.00  0.00  0.00  0.00  0.00  0.00  0.00  0.00  0.00  0.00  0.00  0.00  0.00  0.00  0.00  0.00  0.00  0.00  0.00  0.00  0.00  0.00  0.00
  0.00  0.00  0.00  0.00  0.00  0.00  0.00  0.00  0.00  0.00  0.00  0.00  0.00  0.00  0.00  0.00  0.00  0.00  0.00  0.00  0.00  0.00  0.00  0.00  0.00  0.00  0.00  0.00  0.00  0.00  0.00  0.00  0.00  0.00  0.00  0.00  0.00  0.00  0.00  0.00  0.00  0.00  0.00  0.00  0.00  0.00  0.00  0.00  0.00  0.00  0.00  0.00  0.00  0.00  0.00  0.00  0.00  0.00  0.00  0.00  0.00  0.00  0.00  0.00
  0.00  0.00  0.00  0.00  0.00  0.00  0.00  0.00  0.00  0.00  0.00  0.00  0.00  0.00  0.00  0.00  0.00  0.00  0.00  0.00  0.00  0.00  0.00  0.00  0.00  0.00  0.00  0.00  0.00  0.00  0.00  0.00  0.00  0.00  0.00  0.00  0.00  0.00  0.00  0.00  0.00  0.00  0.00  0.00  0.00  0.00  0.00  0.00  0.00  0.00  0.00  0.00  0.00  0.00  0.00  0.00  0.00  0.00  0.00  0.00  0.00  0.00  0.00  0.00
  0.00  0.00  0.00  0.00  0.00  0.00  0.00  0.00  0.00  0.00  0.00  0.00  0.00  0.00  0.00  0.00  0.00  0.00  0.00  0.00  0.00  0.00  0.00  0.00  0.00  0.00  0.00  0.00  0.00  0.00  0.00  0.00  0.00  0.00  0.00  0.00  0.00  0.00  0.00  0.00  0.00  0.00  0.00  0.00  0.00  0.00  0.00  0.00  0.00  0.00  0.00  0.00  0.00  0.00  0.00  0.00  0.00  0.00  0.00  0.00  0.00  0.00  0.00  0.00
  0.00  0.00  0.00  0.00  0.00  0.00  0.00  0.00  0.00  0.00  0.00  0.00  0.00  0.00  0.00  0.00  0.00  0.00  0.00  0.00  0.00  0.00  0.00  0.00  0.00  0.00  0.00  0.00  0.00  0.00  0.00  0.00  0.00  0.00  0.00  0.00  0.00  0.00  0.00  0.00  0.00  0.00  0.00  0.00  0.00  0.00  0.00  0.00  0.00  0.00  0.00  0.00  0.00  0.00  0.00  0.00  0.00  0.00  0.00  0.00  0.00  0.00  0.00  0.00
  0.00  0.00  0.00  0.00  0.00  0.00  0.00  0.00  0.00  0.00  0.00  0.00  0.00  0.00  0.00  0.00  0.00  0.00  0.00  0.00  0.00  0.00  0.00  0.00  0.00  0.00  0.00  0.00  0.00  0.00  0.00  0.00  0.00  0.00  0.00  0.00  0.00  0.00  0.00  0.00  0.00  0.00  0.00  0.00  0.00  0.00  0.00  0.00  0.00  0.00  0.00  0.00  0.00  0.00  0.00  0.00  0.00  0.00  0.00  0.00  0.00  0.00  0.00  0.00
  0.00  0.00  0.00  0.00  0.00  0.00  0.00  0.00  0.00  0.00  0.00  0.00  0.00  0.00  0.00  0.00  0.00  0.00  0.00  0.00  0.00  0.00  0.00  0.00  0.00  0.00  0.00  0.00  0.00  0.00  0.00  0.00  0.00  0.00  0.00  0.00  0.00  0.00  0.00  0.00  0.00  0.00  0.00  0.00  0.00  0.00  0.00  0.00  0.00  0.00  0.00  0.00  0.00  0.00  0.00  0.00  0.00  0.00  0.00  0.00  0.00  0.00  0.00  0.00
  0.00  0.00  0.00  0.00  0.00  0.00  0.00  0.00  0.00  0.00  0.00  0.00  0.00  0.00  0.00  0.00  0.00  0.00  0.00  0.00  0.00  0.00  0.00  0.00  0.00  0.00  0.00  0.00  0.00  0.00  0.00  0.00  0.00  0.00  0.00  0.00  0.00  0.00  0.00  0.00  0.00  0.00  0.00  0.00  0.00  0.00  0.00  0.00  0.00  0.00  0.00  0.00  0.00  0.00  0.00  0.00  0.00  0.00  0.00  0.00  0.00  0.00  0.00  0.00
  0.00  0.00  0.00  0.00  0.00  0.00  0.00  0.00  0.00  0.00  0.00  0.00  0.00  0.00  0.00  0.00  0.00  0.00  0.00  0.00  0.00  0.00  0.00  0.00  0.00  0.00  0.00  0.00  0.00  0.00  0.00  0.00  0.00  0.00  0.00  0.00  0.00  0.00  0.00  0.00  0.00  0.00  0.00  0.00  0.00  0.00  0.00  0.00  0.00  0.00  0.00  0.00  0.00  0.00  0.00  0.00  0.00  0.00  0.00  0.00  0.00  0.00  0.00  0.00
  0.00  0.00  0.00  0.00  0.00  0.00  0.00  0.00  0.00  0.00  0.00  0.00  0.00  0.00  0.00  0.00  0.00  0.00  0.00  0.00  0.00  0.00  0.00  0.00  0.00  0.00  0.00  0.00  0.00  0.00  0.00  0.00  0.00  0.00  0.00  0.00  0.00  0.00  0.00  0.00  0.00  0.00  0.00  0.00  0.00  0.00  0.00  0.00  0.00  0.00  0.00  0.00  0.00  0.00  0.00  0.00  0.00  0.00  0.00  0.00  0.00  0.00  0.00  0.00
  0.00  0.00  0.00  0.00  0.00  0.00  0.00  0.00  0.00  0.00  0.00  0.00  0.00  0.00  0.00  0.00  0.00  0.00  0.00  0.00  0.00  0.00  0.00  0.00  0.00  0.00  0.00  0.00  0.00  0.00  0.00  0.00  0.00  0.00  0.00  0.00  0.00  0.00  0.00  0.00  0.00  0.00  0.00  0.00  0.00  0.00  0.00  0.00  0.00  0.00  0.00  0.00  0.00  0.00  0.00  0.00  0.00  0.00  0.00  0.00  0.00  0.00  0.00  0.00
  0.00  0.00  0.00  0.00  0.00  0.00  0.00  0.00  0.00  0.00  0.00  0.00  0.00  0.00  0.00  0.00  0.00  0.00  0.00  0.00  0.00  0.00  0.00  0.00  0.00  0.00  0.00  0.00  0.00  0.00  0.00  0.00  0.00  0.00  0.00  0.00  0.00  0.00  0.00  0.00  0.00  0.00  0.00  0.00  0.00  0.00  0.00  0.00  0.00  0.00  0.00  0.00  0.00  0.00  0.00  0.00  0.00  0.00  0.00  0.00  0.00  0.00  0.00  0.00
  0.00  0.00  0.00  0.00  0.00  0.00  0.00  0.00  0.00  0.00  0.00  0.00  0.00  0.00  0.00  0.00  0.00  0.00  0.00  0.00  0.00  0.00  0.00  0.00  0.00  0.00  0.00  0.00  0.00  0.00  0.00  0.00  0.00  0.00  0.00  0.00  0.00  0.00  0.00  0.00  0.00  0.00  0.00  0.00  0.00  0.00  0.00  0.00  0.00  0.00  0.00  0.00  0.00  0.00  0.00  0.00  0.00  0.00  0.00  0.00  0.00  0.00  0.00  0.00
  0.00  0.00  0.00  0.00  0.00  0.00  0.00  0.00  0.00  0.00  0.00  0.00  0.00  0.00  0.00  0.00  0.00  0.00  0.00  0.00  0.00  0.00  0.00  0.00  0.00  0.00  0.00  0.00  0.00  0.00  0.00  0.00  0.00  0.00  0.00  0.00  0.00  0.00  0.00  0.00  0.00  0.00  0.00  0.00  0.00  0.00  0.00  0.00  0.00  0.00  0.00  0.00  0.00  0.00  0.00  0.00  0.00  0.00  0.00  0.00  0.00  0.00  0.00  0.00

 density range (Hz): 0.000000 5.280000