Array Size: 64  64
  0.00  0.00  0.30  0.24  0.23  0.20  0.18  0.00  0.00  0.00  0.08  0.40  0.93  1.39  1.61  1.80  1.83  2.06  1.75  1.69  1.74  1.23  0.42  0.29  0.14  0.13  0.13  0.27  0.48  0.42  0.45  0.42  0.35  0.21  0.22  0.08  0.09  0.20  0.17  0.16  0.15  0.24  0.09  0.00  0.00  0.00  0.00  0.00  0.00  0.00  0.00  0.00  0.00  0.00  0.00  0.00  0.00  0.00  0.00  0.00  0.00  0.00  0.00  0.00
  0.00  0.33  0.44  0.37  0.19  0.17  0.16  0.00  0.14  0.13  0.18  0.43  0.88  1.17  1.37  1.66  1.86  2.09  1.87  1.84  1.72  0.96  0.32  0.20  0.19  0.18  0.19  0.29  0.52  0.42  0.49  0.58  0.52  0.40  0.41  0.28  0.15  0.25  0.15  0.14  0.12  0.18  0.07  0.09  0.15  0.00  0.00  0.00  0.00  0.00  0.00  0.00  0.00  0.00  0.00  0.00  0.00  0.00  0.00  0.00  0.00  0.00  0.00  0.00
  0.00  0.27  0.34  0.29  0.15  0.13  0.13  0.00  0.12  0.11  0.16  0.38  0.79  1.05  1.20  1.43  1.62  1.91  1.80  1.80  1.70  1.10  0.34  0.16  0.15  0.13  0.21  0.28  0.47  0.40  0.49  0.54  0.63  0.61  0.63  0.53  0.42  0.34  0.12  0.11  0.11  0.16  0.05  0.07  0.11  0.00  0.00  0.00  0.00  0.00  0.00  0.00  0.00  0.00  0.00  0.00  0.00  0.00  0.00  0.00  0.00  0.00  0.00  0.00
  0.00  0.25  0.25  0.28  0.14  0.13  0.14  0.07  0.15  0.14  0.21  0.40  0.96  1.21  1.48  1.54  1.76  1.90  1.84  1.76  1.70  1.13  0.42  0.22  0.19  0.18  0.24  0.19  0.37  0.37  0.56  0.64  0.82  0.83  0.81  0.69  0.54  0.38  0.15  0.13  0.06  0.11  0.05  0.06  0.09  0.00  0.00  0.00  0.00  0.00  0.00  0.00  0.00  0.00  0.00  0.00  0.00  0.00  0.00  0.00  0.00  0.00  0.00  0.00
  0.32  0.20  0.20  0.26  0.19  0.20  0.21  0.14  0.21  0.13  0.13  0.26  0.51  0.61  0.87  1.09  1.31  1.52  1.51  1.46  1.32  0.86  0.50  0.24  0.22  0.20  0.27  0.20  0.41  0.43  0.59  0.84  1.11  1.08  1.12  1.14  0.98  0.87  0.62  0.46  0.35  0.20  0.06  0.07  0.10  0.00  0.00  0.00  0.00  0.00  0.00  0.00  0.00  0.00  0.00  0.00  0.00  0.00  0.00  0.00  0.00  0.00  0.00  0.00
  0.30  0.30  0.19  0.23  0.28  0.29  0.23  0.27  0.34  0.13  0.14  0.14  0.27  0.27  0.54  0.73  1.07  1.27  1.30  1.20  1.07  0.62  0.37  0.19  0.25  0.15  0.29  0.22  0.44  0.62  0.81  0.99  1.41  1.42  1.33  1.61  1.41  1.36  1.00  0.76  0.54  0.37  0.07  0.07  0.10  0.00  0.00  0.00  0.00  0.00  0.00  0.00  0.00  0.00  0.00  0.00  0.00  0.00  0.00  0.00  0.00  0.00  0.00  0.00
  0.00  0.10  0.13  0.27  0.39  0.45  0.38  0.39  0.30  0.13  0.14  0.15  0.27  0.34  0.59  0.60  0.78  0.97  0.99  0.83  0.84  0.65  0.38  0.20  0.18  0.08  0.23  0.16  0.39  0.62  0.90  0.96  1.42  1.43  1.40  1.55  1.57  1.48  1.14  0.93  0.74  0.51  0.15  0.08  0.11  0.00  0.00  0.00  0.00  0.00  0.00  0.00  0.00  0.00  0.00  0.00  0.00  0.00  0.00  0.00  0.00  0.00  0.00  0.00
  0.31  0.42  0.33  0.55  0.68  0.68  0.54  0.57  0.42  0.19  0.14  0.14  0.26  0.32  0.60  0.56  0.76  0.78  0.73  0.48  0.53  0.30  0.29  0.21  0.18  0.09  0.17  0.09  0.33  0.59  0.80  0.85  1.07  0.91  0.85  1.11  1.34  1.56  1.31  1.04  0.78  0.54  0.16  0.08  0.11  0.00  0.00  0.00  0.00  0.00  0.00  0.00  0.00  0.00  0.00  0.00  0.00  0.00  0.00  0.00  0.00  0.00  0.00  0.00
  0.00  0.53  0.50  0.83  0.92  0.91  0.73  0.71  0.53  0.33  0.30  0.32  0.31  0.15  0.29  0.21  0.24  0.34  0.40  0.26  0.27  0.27  0.18  0.10  0.09  0.00  0.09  0.09  0.34  0.54  0.69  0.74  0.83  0.67  0.72  0.00  1.39  1.74  1.44  1.06  0.84  0.46  0.16  0.08  0.10  0.00  0.00  0.00  0.00  0.00  0.00  0.00  0.00  0.00  0.00  0.00  0.00  0.00  0.00  0.00  0.00  0.00  0.00  0.00
  0.00  0.78  0.84  1.08  1.06  0.99  0.88  0.78  0.59  0.48  0.49  0.31  0.26  0.13  0.13  0.06  0.08  0.19  0.19  0.19  0.10  0.10  0.00  0.00  0.00  0.00  0.08  0.08  0.24  0.40  0.53  0.51  0.67  0.71  0.72  0.93  1.27  1.41  1.04  0.70  0.52  0.24  0.07  0.00  0.00  0.00  0.00  0.00  0.00  0.00  0.00  0.00  0.00  0.00  0.00  0.00  0.00  0.00  0.00  0.00  0.00  0.00  0.00  0.00
  0.00  0.91  0.00  1.76  1.52  1.40  1.44  1.30  1.04  0.99  1.03  0.56  0.34  0.19  0.19  0.06  0.07  0.09  0.09  0.17  0.19  0.17  0.08  0.07  0.06  0.06  0.07  0.07  0.14  0.08  0.37  0.48  0.55  0.64  0.81  0.68  0.95  0.99  0.73  0.46  0.36  0.08  0.07  0.00  0.00  0.00  0.00  0.00  0.00  0.00  0.00  0.00  0.00  0.00  0.00  0.00  0.00  0.00  0.00  0.00  0.00  0.00  0.00  0.00
  0.00  1.43  1.86  2.19  1.92  1.62  1.71  1.53  1.11  0.94  0.93  0.41  0.21  0.13  0.13  0.06  0.07  0.08  0.08  0.17  0.18  0.16  0.08  0.07  0.06  0.06  0.06  0.06  0.07  0.00  0.24  0.35  0.49  0.58  0.68  0.60  0.00  0.67  0.53  0.30  0.20  0.00  0.00  0.00  0.00  0.00  0.00  0.00  0.00  0.00  0.00  0.00  0.00  0.00  0.00  0.00  0.00  0.00  0.00  0.00  0.00  0.00  0.00  0.00
  0.00  1.62  2.50  2.74  2.34  2.14  2.27  1.87  1.38  1.17  0.99  0.37  0.20  0.12  0.11  0.05  0.06  0.07  0.07  0.14  0.16  0.21  0.36  0.30  0.30  0.27  0.23  0.11  0.13  0.07  0.39  0.51  0.56  0.65  0.72  0.54  0.00  0.62  0.66  0.43  0.32  0.09  0.07  0.00  0.00  0.00  0.00  0.00  0.00  0.00  0.00  0.00  0.00  0.00  0.00  0.00  0.00  0.00  0.00  0.00  0.00  0.00  0.00  0.00
  0.00  0.00  3.37  3.10  2.58  2.32  2.43  1.79  1.35  1.08  0.75  0.18  0.05  0.05  0.05  0.05  0.16  0.18  0.20  0.48  0.55  0.53  0.66  0.54  0.37  0.34  0.29  0.18  0.19  0.14  0.43  0.41  0.46  0.54  0.54  0.32  0.35  0.22  0.25  0.30  0.31  0.19  0.15  0.08  0.00  0.00  0.00  0.00  0.00  0.00  0.00  0.00  0.00  0.00  0.00  0.00  0.00  0.00  0.00  0.00  0.00  0.00  0.00  0.00
  0.00  3.07  3.35  2.99  2.64  2.48  2.31  1.82  1.52  1.17  0.83  0.43  0.13  0.06  0.06  0.06  0.17  0.17  0.19  0.52  0.69  0.77  0.93  0.98  0.74  0.62  0.65  0.49  0.33  0.29  0.64  0.37  0.37  0.37  0.41  0.18  0.24  0.19  0.34  0.33  0.34  0.22  0.17  0.09  0.00  0.00  0.00  0.00  0.00  0.00  0.00  0.00  0.00  0.00  0.00  0.00  0.00  0.00  0.00  0.00  0.00  0.00  0.00  0.00
  0.00  3.74  3.27  3.15  2.94  2.62  2.17  1.64  1.07  0.81  0.54  0.29  0.13  0.06  0.00  0.00  0.11  0.17  0.19  0.46  0.60  0.88  1.14  1.42  1.29  1.11  1.04  0.77  0.42  0.44  0.61  0.28  0.30  0.31  0.23  0.12  0.22  0.17  0.28  0.29  0.30  0.19  0.15  0.08  0.00  0.00  0.00  0.00  0.00  0.00  0.00  0.00  0.00  0.00  0.00  0.00  0.00  0.00  0.00  0.00  0.00  0.00  0.00  0.00
  0.00  3.24  2.85  2.80  2.72  2.63  2.21  1.79  1.22  1.00  0.58  0.34  0.23  0.16  0.11  0.11  0.16  0.16  0.25  0.57  0.88  1.26  1.62  1.86  1.86  1.65  1.71  1.40  0.96  0.92  0.90  0.36  0.28  0.31  0.12  0.11  0.21  0.30  0.45  0.56  0.48  0.39  0.34  0.22  0.09  0.12  0.00  0.00  0.00  0.00  0.00  0.00  0.00  0.00  0.00  0.00  0.00  0.00  0.00  0.00  0.00  0.00  0.00  0.00
  2.73  3.05  2.23  2.15  2.02  1.81  1.45  1.28  0.85  0.85  0.55  0.41  0.30  0.23  0.11  0.11  0.17  0.19  0.28  0.72  1.08  1.39  1.50  1.94  1.84  1.71  2.09  1.79  1.18  1.11  0.97  0.23  0.25  0.28  0.11  0.22  0.40  0.48  0.55  0.77  0.79  0.95  0.96  0.98  0.86  0.89  0.00  0.00  0.00  0.00  0.00  0.00  0.00  0.00  0.00  0.00  0.00  0.00  0.00  0.00  0.00  0.00  0.00  0.00
  0.00  2.34  1.44  1.57  1.57  1.39  1.10  1.21  0.79  0.74  0.55  0.48  0.34  0.25  0.24  0.23  0.18  0.13  0.22  0.36  0.88  1.21  1.52  2.09  2.22  1.90  2.27  1.87  1.26  1.21  1.02  0.30  0.33  0.36  0.12  0.31  0.49  0.65  0.85  1.24  1.38  1.53  1.42  1.51  1.30  1.22  0.00  0.00  0.00  0.00  0.00  0.00  0.00  0.00  0.00  0.00  0.00  0.00  0.00  0.00  0.00  0.00  0.00  0.00
  0.00  1.86  1.06  1.43  1.40  1.22  1.01  1.04  0.53  0.51  0.34  0.28  0.34  0.26  0.24  0.25  0.29  0.25  0.34  0.55  0.91  1.15  1.33  1.77  2.03  1.80  1.88  1.69  1.18  1.04  0.80  0.27  0.28  0.29  0.05  0.21  0.37  0.52  0.82  1.46  1.68  2.12  1.94  2.02  1.76  1.75  0.00  0.00  0.00  0.00  0.00  0.00  0.00  0.00  0.00  0.00  0.00  0.00  0.00  0.00  0.00  0.00  0.00  0.00
  0.00  0.72  0.37  0.48  0.43  0.50  0.38  0.42  0.33  0.33  0.19  0.21  0.34  0.31  0.35  0.41  0.49  0.39  0.42  0.65  0.98  1.04  1.29  2.01  2.24  1.94  2.10  1.98  1.20  0.98  0.72  0.19  0.18  0.22  0.09  0.28  0.50  0.67  1.06  1.98  2.38  2.94  2.52  2.56  2.14  2.10  0.00  0.00  0.00  0.00  0.00  0.00  0.00  0.00  0.00  0.00  0.00  0.00  0.00  0.00  0.00  0.00  0.00  0.00
  0.00  0.79  0.39  0.33  0.27  0.20  0.06  0.06  0.12  0.11  0.13  0.14  0.22  0.20  0.25  0.31  0.46  0.40  0.41  0.58  0.82  0.83  1.04  1.66  1.79  1.56  1.66  1.57  0.83  0.59  0.45  0.19  0.22  0.25  0.21  0.38  0.47  0.62  0.95  1.70  2.21  3.49  3.16  3.36  3.18  0.00  0.00  0.00  0.00  0.00  0.00  0.00  0.00  0.00  0.00  0.00  0.00  0.00  0.00  0.00  0.00  0.00  0.00  0.00
  0.00  0.66  0.37  0.31  0.24  0.30  0.16  0.15  0.19  0.19  0.11  0.13  0.21  0.20  0.26  0.37  0.49  0.40  0.43  0.53  0.71  0.71  0.96  1.44  1.50  1.20  1.12  1.00  0.39  0.24  0.21  0.20  0.18  0.21  0.17  0.29  0.42  0.56  0.87  1.55  1.95  2.64  2.55  2.89  2.52  0.00  0.00  0.00  0.00  0.00  0.00  0.00  0.00  0.00  0.00  0.00  0.00  0.00  0.00  0.00  0.00  0.00  0.00  0.00
  0.00  0.00  0.13  0.11  0.09  0.19  0.11  0.10  0.14  0.19  0.16  0.20  0.28  0.27  0.20  0.25  0.38  0.30  0.32  0.49  0.52  0.52  0.69  1.12  1.09  0.97  0.84  0.76  0.26  0.12  0.11  0.16  0.24  0.25  0.24  0.32  0.44  0.41  0.66  1.08  1.20  1.85  2.20  2.40  2.46  0.00  0.00  0.00  0.00  0.00  0.00  0.00  0.00  0.00  0.00  0.00  0.00  0.00  0.00  0.00  0.00  0.00  0.00  0.00
  0.00  0.00  0.00  0.11  0.09  0.19  0.16  0.14  0.19  0.22  0.26  0.32  0.40  0.33  0.51  0.46  0.48  0.40  0.43  0.28  0.32  0.28  0.51  0.89  0.89  0.78  0.78  0.60  0.18  0.19  0.23  0.29  0.39  0.40  0.34  0.34  0.39  0.39  0.53  0.71  0.82  0.95  1.28  1.33  1.39  0.00  0.00  0.00  0.00  0.00  0.00  0.00  0.00  0.00  0.00  0.00  0.00  0.00  0.00  0.00  0.00  0.00  0.00  0.00
  0.00  0.00  0.13  0.20  0.17  0.26  0.29  0.27  0.37  0.50  0.56  0.57  0.60  0.40  0.44  0.34  0.33  0.26  0.33  0.12  0.13  0.14  0.21  0.14  0.19  0.28  0.26  0.25  0.25  0.27  0.23  0.35  0.41  0.36  0.34  0.29  0.29  0.26  0.38  0.37  0.46  0.53  0.88  0.95  1.27  0.00  0.00  0.00  0.00  0.00  0.00  0.00  0.00  0.00  0.00  0.00  0.00  0.00  0.00  0.00  0.00  0.00  0.00  0.00
  0.00  0.00  0.12  0.36  0.32  0.42  0.45  0.42  0.64  1.04  1.05  1.09  1.14  0.74  0.43  0.35  0.35  0.28  0.29  0.06  0.00  0.00  0.00  0.07  0.06  0.21  0.19  0.22  0.18  0.25  0.21  0.27  0.35  0.32  0.31  0.21  0.28  0.24  0.37  0.37  0.55  0.60  0.79  0.82  1.04  1.07  0.00  0.00  0.00  0.00  0.00  0.00  0.00  0.00  0.00  0.00  0.00  0.00  0.00  0.00  0.00  0.00  0.00  0.00
  0.00  0.00  0.13  0.38  0.55  0.52  0.56  0.90  1.23  1.51  1.65  1.62  1.52  1.12  0.77  0.52  0.55  0.37  0.26  0.00  0.06  0.06  0.06  0.11  0.10  0.20  0.24  0.32  0.27  0.36  0.32  0.32  0.34  0.31  0.29  0.20  0.16  0.12  0.23  0.24  0.38  0.55  0.73  0.75  0.92  0.00  0.00  0.00  0.00  0.00  0.00  0.00  0.00  0.00  0.00  0.00  0.00  0.00  0.00  0.00  0.00  0.00  0.00  0.00
  0.00  0.00  0.12  0.40  0.71  0.72  0.77  1.28  1.59  1.89  1.99  1.94  1.74  1.49  1.05  0.80  0.69  0.52  0.26  0.00  0.06  0.06  0.06  0.11  0.09  0.14  0.19  0.28  0.26  0.39  0.41  0.42  0.33  0.32  0.25  0.15  0.11  0.17  0.14  0.15  0.29  0.32  0.37  0.42  0.46  0.00  0.00  0.00  0.00  0.00  0.00  0.00  0.00  0.00  0.00  0.00  0.00  0.00  0.00  0.00  0.00  0.00  0.00  0.00
  0.00  0.00  0.12  0.41  0.93  0.99  1.21  1.70  1.76  2.18  2.28  2.17  2.21  2.13  1.43  1.14  0.86  0.37  0.00  0.00  0.06  0.06  0.05  0.10  0.09  0.13  0.18  0.27  0.44  0.56  0.54  0.54  0.42  0.25  0.23  0.19  0.16  0.18  0.08  0.10  0.22  0.26  0.39  0.45  0.47  0.00  0.00  0.00  0.00  0.00  0.00  0.00  0.00  0.00  0.00  0.00  0.00  0.00  0.00  0.00  0.00  0.00  0.00  0.00
  0.00  0.00  0.00  0.33  0.81  0.86  0.99  1.77  1.74  2.16  2.30  2.29  2.21  2.32  1.65  1.35  0.98  0.42  0.09  0.16  0.19  0.17  0.15  0.14  0.09  0.05  0.14  0.54  0.76  0.89  1.02  1.04  0.57  0.33  0.26  0.16  0.12  0.13  0.00  0.00  0.13  0.21  0.37  0.41  0.46  0.00  0.00  0.00  0.00  0.00  0.00  0.00  0.00  0.00  0.00  0.00  0.00  0.00  0.00  0.00  0.00  0.00  0.00  0.00
  0.00  0.00  0.00  0.11  0.64  0.64  0.88  1.95  2.44  2.70  2.88  2.73  2.38  2.23  1.69  1.28  0.89  0.42  0.17  0.22  0.23  0.21  0.33  0.27  0.34  0.38  0.46  0.81  1.03  0.99  1.10  1.10  0.56  0.27  0.22  0.11  0.11  0.12  0.00  0.00  0.00  0.00  0.09  0.10  0.11  0.00  0.00  0.00  0.00  0.00  0.00  0.00  0.00  0.00  0.00  0.00  0.00  0.00  0.00  0.00  0.00  0.00  0.00  0.00
  0.00  0.00  0.00  0.11  0.47  0.46  0.79  1.42  2.13  2.60  2.62  2.45  2.22  1.97  1.40  1.11  0.67  0.34  0.16  0.20  0.17  0.17  0.38  0.54  0.67  0.77  0.90  1.13  1.20  1.19  1.33  1.34  0.96  0.59  0.49  0.31  0.24  0.13  0.00  0.00  0.00  0.00  0.08  0.09  0.11  0.00  0.00  0.00  0.00  0.00  0.00  0.00  0.00  0.00  0.00  0.00  0.00  0.00  0.00  0.00  0.00  0.00  0.00  0.00
  0.00  0.00  0.00  0.09  0.33  0.38  0.66  1.16  1.83  2.44  2.42  2.30  2.22  1.82  1.13  0.86  0.52  0.16  0.14  0.17  0.15  0.15  0.45  0.68  0.88  0.98  1.13  1.37  1.38  1.34  1.70  1.69  1.31  0.95  0.93  0.52  0.40  0.28  0.19  0.09  0.09  0.09  0.07  0.08  0.10  0.00  0.00  0.00  0.00  0.00  0.00  0.00  0.00  0.00  0.00  0.00  0.00  0.00  0.00  0.00  0.00  0.00  0.00  0.00
  0.53  0.34  0.19  0.08  0.15  0.15  0.34  0.90  1.67  2.31  2.25  2.18  1.82  1.18  0.45  0.23  0.15  0.08  0.20  0.20  0.18  0.18  0.50  0.71  0.97  1.16  1.23  1.52  1.33  1.41  1.64  1.87  1.51  1.39  1.26  0.86  0.49  0.25  0.21  0.10  0.09  0.10  0.00  0.00  0.00  0.00  0.00  0.00  0.00  0.00  0.00  0.00  0.00  0.00  0.00  0.00  0.00  0.00  0.00  0.00  0.00  0.00  0.00  0.00
  0.52  0.35  0.20  0.08  0.15  0.14  0.27  0.52  1.51  2.05  2.06  1.87  1.61  0.85  0.28  0.07  0.07  0.07  0.12  0.13  0.17  0.17  0.50  0.77  1.06  1.26  1.39  1.50  1.31  1.47  1.58  1.72  1.55  1.40  1.22  0.98  0.66  0.26  0.21  0.10  0.09  0.09  0.00  0.00  0.00  0.00  0.00  0.00  0.00  0.00  0.00  0.00  0.00  0.00  0.00  0.00  0.00  0.00  0.00  0.00  0.00  0.00  0.00  0.00
  0.88  0.56  0.29  0.07  0.13  0.13  0.18  0.27  0.53  0.90  0.88  0.83  0.74  0.57  0.15  0.07  0.08  0.07  0.06  0.10  0.14  0.19  0.44  0.88  1.08  1.31  1.52  1.76  1.50  1.94  2.05  2.05  1.91  1.67  1.41  1.13  0.85  0.50  0.53  0.35  0.29  0.27  0.08  0.00  0.00  0.00  0.00  0.00  0.00  0.00  0.00  0.00  0.00  0.00  0.00  0.00  0.00  0.00  0.00  0.00  0.00  0.00  0.00  0.00
  1.00  0.50  0.28  0.07  0.07  0.06  0.06  0.14  0.31  0.58  0.65  0.68  0.59  0.41  0.15  0.00  0.00  0.00  0.13  0.16  0.21  0.31  0.53  0.73  0.00  1.27  1.22  1.53  1.37  1.84  1.86  2.01  1.79  1.63  1.27  0.99  0.73  0.47  0.49  0.34  0.29  0.29  0.09  0.00  0.00  0.00  0.00  0.00  0.00  0.00  0.00  0.00  0.00  0.00  0.00  0.00  0.00  0.00  0.00  0.00  0.00  0.00  0.00  0.00
  1.14  0.91  0.54  0.23  0.22  0.14  0.00  0.00  0.11  0.27  0.42  0.44  0.39  0.29  0.15  0.00  0.00  0.00  0.16  0.21  0.27  0.38  0.49  0.68  0.83  1.22  1.12  1.41  1.27  1.70  1.33  1.48  1.38  1.23  0.88  0.82  0.58  0.29  0.33  0.25  0.19  0.19  0.08  0.00  0.00  0.00  0.00  0.00  0.00  0.00  0.00  0.00  0.00  0.00  0.00  0.00  0.00  0.00  0.00  0.00  0.00  0.00  0.00  0.00
  0.38  0.51  0.35  0.18  0.16  0.15  0.00  0.00  0.12  0.21  0.29  0.28  0.25  0.15  0.08  0.00  0.00  0.00  0.09  0.17  0.22  0.41  0.44  0.75  0.86  1.19  1.14  1.35  1.14  1.33  0.97  0.85  0.94  0.87  0.67  0.67  0.58  0.34  0.39  0.30  0.25  0.32  0.22  0.08  0.11  0.00  0.00  0.00  0.00  0.00  0.00  0.00  0.00  0.00  0.00  0.00  0.00  0.00  0.00  0.00  0.00  0.00  0.00  0.00
  0.35  0.00  0.35  0.20  0.18  0.17  0.00  0.00  0.00  0.11  0.21  0.30  0.26  0.23  0.17  0.10  0.00  0.00  0.11  0.11  0.09  0.29  0.29  0.54  0.74  1.03  0.93  0.98  0.70  0.77  0.60  0.55  0.69  0.72  0.54  0.53  0.47  0.35  0.36  0.29  0.23  0.31  0.31  0.20  0.31  0.00  0.00  0.00  0.00  0.00  0.00  0.00  0.00  0.00  0.00  0.00  0.00  0.00  0.00  0.00  0.00  0.00  0.00  0.00
  0.00  0.36  0.28  0.25  0.22  0.20  0.12  0.12  0.14  0.12  0.23  0.30  0.27  0.31  0.32  0.36  0.30  0.41  0.45  0.41  0.28  0.32  0.25  0.23  0.34  0.49  0.30  0.29  0.18  0.34  0.20  0.26  0.34  0.40  0.19  0.22  0.16  0.16  0.16  0.16  0.17  0.25  0.26  0.22  0.34  0.00  0.00  0.00  0.00  0.00  0.00  0.00  0.00  0.00  0.00  0.00  0.00  0.00  0.00  0.00  0.00  0.00  0.00  0.00
  0.33  0.62  0.48  0.41  0.24  0.20  0.11  0.11  0.12  0.13  0.29  0.36  0.33  0.39  0.39  0.40  0.31  0.60  0.52  0.46  0.33  0.30  0.12  0.14  0.16  0.28  0.19  0.18  0.08  0.07  0.06  0.17  0.18  0.30  0.31  0.27  0.23  0.29  0.23  0.22  0.26  0.27  0.28  0.35  0.53  0.00  0.00  0.00  0.00  0.00  0.00  0.00  0.00  0.00  0.00  0.00  0.00  0.00  0.00  0.00  0.00  0.00  0.00  0.00
  0.00  0.26  0.20  0.14  0.00  0.00  0.10  0.10  0.12  0.14  0.34  0.42  0.38  0.46  0.47  0.53  0.44  0.73  0.64  0.54  0.33  0.31  0.12  0.07  0.08  0.18  0.09  0.09  0.08  0.07  0.07  0.17  0.18  0.28  0.29  0.24  0.22  0.34  0.34  0.34  0.40  0.44  0.57  0.63  0.84  1.02  0.00  0.00  0.00  0.00  0.00  0.00  0.00  0.00  0.00  0.00  0.00  0.00  0.00  0.00  0.00  0.00  0.00  0.00
  0.00  0.45  0.33  0.18  0.00  0.00  0.12  0.11  0.15  0.17  0.44  0.54  0.49  0.56  0.55  0.61  0.50  0.82  0.78  0.66  0.42  0.33  0.09  0.00  0.00  0.11  0.11  0.10  0.09  0.09  0.09  0.15  0.15  0.22  0.23  0.14  0.17  0.31  0.31  0.33  0.41  0.35  0.55  0.73  0.88  1.04  0.00  0.00  0.00  0.00  0.00  0.00  0.00  0.00  0.00  0.00  0.00  0.00  0.00  0.00  0.00  0.00  0.00  0.00
  0.00  0.00  0.00  0.00  0.00  0.00  0.15  0.14  0.18  0.00  0.00  0.00  0.50  0.62  0.59  0.66  0.56  0.92  0.91  0.82  0.57  0.50  0.13  0.00  0.00  0.15  0.13  0.13  0.11  0.10  0.11  0.18  0.18  0.25  0.28  0.16  0.20  0.37  0.40  0.43  0.58  0.52  0.58  0.69  0.79  0.89  0.00  0.00  0.00  0.00  0.00  0.00  0.00  0.00  0.00  0.00  0.00  0.00  0.00  0.00  0.00  0.00  0.00  0.00
  0.00  0.00  0.00  0.00  0.00  0.00  0.00  0.00  0.00  0.00  0.00  0.00  0.00  0.00  0.00  0.00  0.00  0.00  0.00  0.00  0.00  0.00  0.00  0.00  0.00  0.24  0.23  0.23  0.18  0.15  0.17  0.24  0.00  0.00  0.00  0.00  0.27  0.41  0.00  0.00  0.00  0.00  0.00  0.00  0.00  0.00  0.00  0.00  0.00  0.00  0.00  0.00  0.00  0.00  0.00  0.00  0.00  0.00  0.00  0.00  0.00  0.00  0.00  0.00
  0.00  0.00  0.00  0.00  0.00  0.00  0.00  0.00  0.00  0.00  0.00  0.00  0.00  0.00  0.00  0.00  0.00  0.00  0.00  0.00  0.00  0.00  0.00  0.00  0.00  0.00  0.00  0.00  0.00  0.00  0.00  0.00  0.00  0.00  0.00  0.00  0.00  0.00  0.00  0.00  0.00  0.00  0.00  0.00  0.00  0.00  0.00  0.00  0.00  0.00  0.00  0.00  0.00  0.00  0.00  0.00  0.00  0.00  0.00  0.00  0.00  0.00  0.00  0.00
  0.00  0.00  0.00  0.00  0.00  0.00  0.00  0.00  0.00  0.00  0.00  0.00  0.00  0.00  0.00  0.00  0.00  0.00  0.00  0.00  0.00  0.00  0.00  0.00  0.00  0.00  0.00  0.00  0.00  0.00  0.00  0.00  0.00  0.00  0.00  0.00  0.00  0.00  0.00  0.00  0.00  0.00  0.00  0.00  0.00  0.00  0.00  0.00  0.00  0.00  0.00  0.00  0.00  0.00  0.00  0.00  0.00  0.00  0.00  0.00  0.00  0.00  0.00  0.00
  0.00  0.00  0.00  0.00  0.00  0.00  0.00  0.00  0.00  0.00  0.00  0.00  0.00  0.00  0.00  0.00  0.00  0.00  0.00  0.00  0.00  0.00  0.00  0.00  0.00  0.00  0.00  0.00  0.00  0.00  0.00  0.00  0.00  0.00  0.00  0.00  0.00  0.00  0.00  0.00  0.00  0.00  0.00  0.00  0.00  0.00  0.00  0.00  0.00  0.00  0.00  0.00  0.00  0.00  0.00  0.00  0.00  0.00  0.00  0.00  0.00  0.00  0.00  0.00
  0.00  0.00  0.00  0.00  0.00  0.00  0.00  0.00  0.00  0.00  0.00  0.00  0.00  0.00  0.00  0.00  0.00  0.00  0.00  0.00  0.00  0.00  0.00  0.00  0.00  0.00  0.00  0.00  0.00  0.00  0.00  0.00  0.00  0.00  0.00  0.00  0.00  0.00  0.00  0.00  0.00  0.00  0.00  0.00  0.00  0.00  0.00  0.00  0.00  0.00  0.00  0.00  0.00  0.00  0.00  0.00  0.00  0.00  0.00  0.00  0.00  0.00  0.00  0.00
  0.00  0.00  0.00  0.00  0.00  0.00  0.00  0.00  0.00  0.00  0.00  0.00  0.00  0.00  0.00  0.00  0.00  0.00  0.00  0.00  0.00  0.00  0.00  0.00  0.00  0.00  0.00  0.00  0.00  0.00  0.00  0.00  0.00  0.00  0.00  0.00  0.00  0.00  0.00  0.00  0.00  0.00  0.00  0.00  0.00  0.00  0.00  0.00  0.00  0.00  0.00  0.00  0.00  0.00  0.00  0.00  0.00  0.00  0.00  0.00  0.00  0.00  0.00  0.00
  0.00  0.00  0.00  0.00  0.00  0.00  0.00  0.00  0.00  0.00  0.00  0.00  0.00  0.00  0.00  0.00  0.00  0.00  0.00  0.00  0.00  0.00  0.00  0.00  0.00  0.00  0.00  0.00  0.00  0.00  0.00  0.00  0.00  0.00  0.00  0.00  0.00  0.00  0.00  0.00  0.00  0.00  0.00  0.00  0.00  0.00  0.00  0.00  0.00  0.00  0.00  0.00  0.00  0.00  0.00  0.00  0.00  0.00  0.00  0.00  0.00  0.00  0.00  0.00
  0.00  0.00  0.00  0.00  0.00  0.00  0.00  0.00  0.00  0.00  0.00  0.00  0.00  0.00  0.00  0.00  0.00  0.00  0.00  0.00  0.00  0.00  0.00  0.00  0.00  0.00  0.00  0.00  0.00  0.00  0.00  0.00  0.00  0.00  0.00  0.00  0.00  0.00  0.00  0.00  0.00  0.00  0.00  0.00  0.00  0.00  0.00  0.00  0.00  0.00  0.00  0.00  0.00  0.00  0.00  0.00  0.00  0.00  0.00  0.00  0.00  0.00  0.00  0.00
  0.00  0.00  0.00  0.00  0.00  0.00  0.00  0.00  0.00  0.00  0.00  0.00  0.00  0.00  0.00  0.00  0.00  0.00  0.00  0.00  0.00  0.00  0.00  0.00  0.00  0.00  0.00  0.00  0.00  0.00  0.00  0.00  0.00  0.00  0.00  0.00  0.00  0.00  0.00  0.00  0.00  0.00  0.00  0.00  0.00  0.00  0.00  0.00  0.00  0.00  0.00  0.00  0.00  0.00  0.00  0.00  0.00  0.00  0.00  0.00  0.00  0.00  0.00  0.00
  0.00  0.00  0.00  0.00  0.00  0.00  0.00  0.00  0.00  0.00  0.00  0.00  0.00  0.00  0.00  0.00  0.00  0.00  0.00  0.00  0.00  0.00  0.00  0.00  0.00  0.00  0.00  0.00  0.00  0.00  0.00  0.00  0.00  0.00  0.00  0.00  0.00  0.00  0.00  0.00  0.00  0.00  0.00  0.00  0.00  0.00  0.00  0.00  0.00  0.00  0.00  0.00  0.00  0.00  0.00  0.00  0.00  0.00  0.00  0.00  0.00  0.00  0.00  0.00
  0.00  0.00  0.00  0.00  0.00  0.00  0.00  0.00  0.00  0.00  0.00  0.00  0.00  0.00  0.00  0.00  0.00  0.00  0.00  0.00  0.00  0.00  0.00  0.00  0.00  0.00  0.00  0.00  0.00  0.00  0.00  0.00  0.00  0.00  0.00  0.00  0.00  0.00  0.00  0.00  0.00  0.00  0.00  0.00  0.00  0.00  0.00  0.00  0.00  0.00  0.00  0.00  0.00  0.00  0.00  0.00  0.00  0.00  0.00  0.00  0.00  0.00  0.00  0.00
  0.00  0.00  0.00  0.00  0.00  0.00  0.00  0.00  0.00  0.00  0.00  0.00  0.00  0.00  0.00  0.00  0.00  0.00  0.00  0.00  0.00  0.00  0.00  0.00  0.00  0.00  0.00  0.00  0.00  0.00  0.00  0.00  0.00  0.00  0.00  0.00  0.00  0.00  0.00  0.00  0.00  0.00  0.00  0.00  0.00  0.00  0.00  0.00  0.00  0.00  0.00  0.00  0.00  0.00  0.00  0.00  0.00  0.00  0.00  0.00  0.00  0.00  0.00  0.00
  0.00  0.00  0.00  0.00  0.00  0.00  0.00  0.00  0.00  0.00  0.00  0.00  0.00  0.00  0.00  0.00  0.00  0.00  0.00  0.00  0.00  0.00  0.00  0.00  0.00  0.00  0.00  0.00  0.00  0.00  0.00  0.00  0.00  0.00  0.00  0.00  0.00  0.00  0.00  0.00  0.00  0.00  0.00  0.00  0.00  0.00  0.00  0.00  0.00  0.00  0.00  0.00  0.00  0.00  0.00  0.00  0.00  0.00  0.00  0.00  0.00  0.00  0.00  0.00
  0.00  0.00  0.00  0.00  0.00  0.00  0.00  0.00  0.00  0.00  0.00  0.00  0.00  0.00  0.00  0.00  0.00  0.00  0.00  0.00  0.00  0.00  0.00  0.00  0.00  0.00  0.00  0.00  0.00  0.00  0.00  0.00  0.00  0.00  0.00  0.00  0.00  0.00  0.00  0.00  0.00  0.00  0.00  0.00  0.00  0.00  0.00  0.00  0.00  0.00  0.00  0.00  0.00  0.00  0.00  0.00  0.00  0.00  0.00  0.00  0.00  0.00  0.00  0.00
  0.00  0.00  0.00  0.00  0.00  0.00  0.00  0.00  0.00  0.00  0.00  0.00  0.00  0.00  0.00  0.00  0.00  0.00  0.00  0.00  0.00  0.00  0.00  0.00  0.00  0.00  0.00  0.00  0.00  0.00  0.00  0.00  0.00  0.00  0.00  0.00  0.00  0.00  0.00  0.00  0.00  0.00  0.00  0.00  0.00  0.00  0.00  0.00  0.00  0.00  0.00  0.00  0.00  0.00  0.00  0.00  0.00  0.00  0.00  0.00  0.00  0.00  0.00  0.00
  0.00  0.00  0.00  0.00  0.00  0.00  0.00  0.00  0.00  0.00  0.00  0.00  0.00  0.00  0.00  0.00  0.00  0.00  0.00  0.00  0.00  0.00  0.00  0.00  0.00  0.00  0.00  0.00  0.00  0.00  0.00  0.00  0.00  0.00  0.00  0.00  0.00  0.00  0.00  0.00  0.00  0.00  0.00  0.00  0.00  0.00  0.00  0.00  0.00  0.00  0.00  0.00  0.00  0.00  0.00  0.00  0.00  0.00  0.00  0.00  0.00  0.00  0.00  0.00
  0.00  0.00  0.00  0.00  0.00  0.00  0.00  0.00  0.00  0.00  0.00  0.00  0.00  0.00  0.00  0.00  0.00  0.00  0.00  0.00  0.00  0.00  0.00  0.00  0.00  0.00  0.00  0.00  0.00  0.00  0.00  0.00  0.00  0.00  0.00  0.00  0.00  0.00  0.00  0.00  0.00  0.00  0.00  0.00  0.00  0.00  0.00  0.00  0.00  0.00  0.00  0.00  0.00  0.00  0.00  0.00  0.00  0.00  0.00  0.00  0.00  0.00  0.00  0.00
  0.00  0.00  0.00  0.00  0.00  0.00  0.00  0.00  0.00  0.00  0.00  0.00  0.00  0.00  0.00  0.00  0.00  0.00  0.00  0.00  0.00  0.00  0.00  0.00  0.00  0.00  0.00  0.00  0.00  0.00  0.00  0.00  0.00  0.00  0.00  0.00  0.00  0.00  0.00  0.00  0.00  0.00  0.00  0.00  0.00  0.00  0.00  0.00  0.00  0.00  0.00  0.00  0.00  0.00  0.00  0.00  0.00  0.00  0.00  0.00  0.00  0.00  0.00  0.00

 density range (Hz): 0.000000 3.744493