Array Size: 64  64
  9.96  2.14  1.86  0.90  0.84  1.18  1.08  1.10  2.30  2.24 12.14  8.84  2.48  1.28  1.92  1.28  2.00  1.02  0.36  1.28  1.20  0.44  0.50  0.48  0.70  0.50  0.64  0.54  0.38  0.08  0.28  0.00  0.00  0.00  0.00  0.00  0.00  0.00  0.00  0.00  0.00  0.00  0.00  0.00  0.00  0.00  0.00  0.00  0.00  0.00  0.00  0.00  0.00  0.00  0.00  0.00  0.00  0.00  0.00  0.00  0.00  0.00  0.00  0.00
  4.18  1.94  1.04  0.80  1.24  1.48  0.80  0.70  4.18  6.34  1.36  1.82  0.84  1.26  0.78  0.98  1.12  0.98  0.98  0.58  0.52  0.52  0.48  0.30  0.26  0.54  1.60  0.36  0.78  0.40  0.74  0.62  0.00  0.00  0.00  0.00  0.00  0.00  0.00  0.00  0.00  0.00  0.00  0.00  0.00  0.00  0.00  0.00  0.00  0.00  0.00  0.00  0.00  0.00  0.00  0.00  0.00  0.00  0.00  0.00  0.00  0.00  0.00  0.00
  0.42  0.92  1.10  0.82  0.98  0.74  1.16  0.28  0.18  1.30  1.48  1.10  1.02  0.78  0.80  0.90  0.94  0.94  0.12  0.60  0.40  0.36  0.40  1.00  1.66  1.12  1.44  1.44  1.62  1.48  0.62  0.48  0.04  0.00  0.00  0.00  0.00  0.00  0.00  0.00  0.00  0.00  0.00  0.00  0.00  0.00  0.00  0.00  0.00  0.00  0.00  0.00  0.00  0.00  0.00  0.00  0.00  0.00  0.00  0.00  0.00  0.00  0.00  0.00
  0.22  0.46  0.58  0.50  0.76  1.16  0.88  0.22  0.16  0.06  0.20  0.72  1.72  0.48  0.82  0.40  1.26  0.92  1.02  0.28  1.64  1.20  1.24  0.90  1.06  0.24  0.38  1.40  0.84  1.10  0.20  0.52  0.94  0.00  0.00  0.00  0.00  0.00  0.00  0.00  0.00  0.00  0.00  0.00  0.00  0.00  0.00  0.00  0.00  0.00  0.00  0.00  0.00  0.00  0.00  0.00  0.00  0.00  0.00  0.00  0.00  0.00  0.00  0.00
  0.06  0.34  1.30  0.24  0.56  1.06  0.44  0.98  0.24  0.20  0.14  0.42  1.02  0.56  1.08  0.94  0.30  0.64  0.70  0.58  0.30  0.42  3.02  1.42  0.46  0.80  0.64  1.92  1.06  1.24  0.36  0.24  0.46  0.00  0.00  0.00  0.00  0.00  0.00  0.00  0.00  0.00  0.00  0.00  0.00  0.00  0.00  0.00  0.00  0.00  0.00  0.00  0.00  0.00  0.00  0.00  0.00  0.00  0.00  0.00  0.00  0.00  0.00  0.00
  0.02  0.48  0.38  0.40  1.00  1.54  1.12  1.28  0.56  0.78  0.38  0.44  0.28  0.60  0.52  0.34  0.84  0.28  0.80  0.32  0.78  2.26  1.14  0.20  0.12  0.56  0.64  1.16  0.96  0.82  0.54  0.40  0.54  0.00  0.00  0.00  0.00  0.00  0.00  0.00  0.00  0.00  0.00  0.00  0.00  0.00  0.00  0.00  0.00  0.00  0.00  0.00  0.00  0.00  0.00  0.00  0.00  0.00  0.00  0.00  0.00  0.00  0.00  0.00
  0.12  0.30  0.44  0.20  1.22  1.10  1.42  1.04  0.96  3.98  0.56  0.54  0.40  0.38  1.10  0.26  0.36  0.56  0.58  0.26  0.54  0.40  0.22  0.44  0.12  0.98  1.16  0.36  0.68  0.96  1.04  0.80  0.18  0.00  0.00  0.00  0.00  0.00  0.00  0.00  0.00  0.00  0.00  0.00  0.00  0.00  0.00  0.00  0.00  0.00  0.00  0.00  0.00  0.00  0.00  0.00  0.00  0.00  0.00  0.00  0.00  0.00  0.00  0.00
  0.00  0.56  0.36  0.38  0.74  0.46  1.08  1.14  1.42  4.20  0.22  0.54  0.46  0.36  0.62  0.30  0.06  0.12  0.32  0.48  0.92  0.74  0.34  0.44  0.12  0.74  2.36  0.30  0.58  1.70  0.46  0.46  0.08  0.00  0.00  0.00  0.00  0.00  0.00  0.00  0.00  0.00  0.00  0.00  0.00  0.00  0.00  0.00  0.00  0.00  0.00  0.00  0.00  0.00  0.00  0.00  0.00  0.00  0.00  0.00  0.00  0.00  0.00  0.00
  0.04  0.64  0.86  0.80  1.02  0.36  0.60  2.02  0.36  4.54  0.50  0.56  0.58  0.36  0.18  0.48  0.20  0.44  0.66  0.34  0.80  0.68  0.70  1.40  0.50  1.10  1.16  0.98  1.28  3.32  1.60  0.24  0.06  0.00  0.00  0.00  0.00  0.00  0.00  0.00  0.00  0.00  0.00  0.00  0.00  0.00  0.00  0.00  0.00  0.00  0.00  0.00  0.00  0.00  0.00  0.00  0.00  0.00  0.00  0.00  0.00  0.00  0.00  0.00
  0.34  0.70  0.46  1.44  1.08  1.38  0.82  0.80  2.56  2.92  2.08  0.70  0.48  1.00  1.68  0.46  0.56  0.84  0.14  0.74  1.12  0.42  0.12  0.12  1.40  0.78  0.88  0.16  0.36  0.30  0.36  0.20  0.08  0.00  0.00  0.00  0.00  0.00  0.00  0.00  0.00  0.00  0.00  0.00  0.00  0.00  0.00  0.00  0.00  0.00  0.00  0.00  0.00  0.00  0.00  0.00  0.00  0.00  0.00  0.00  0.00  0.00  0.00  0.00
  0.72  0.24  1.32  1.00  1.28  1.78  1.32  1.64  2.10  2.26  0.86  1.42  0.62  0.88  1.88  1.54  0.58  0.34  0.24  0.60  0.88  0.20  0.70  0.46  0.78  0.78  0.20  0.86  0.34  0.38  0.48  0.18  0.08  0.00  0.00  0.00  0.00  0.00  0.00  0.00  0.00  0.00  0.00  0.00  0.00  0.00  0.00  0.00  0.00  0.00  0.00  0.00  0.00  0.00  0.00  0.00  0.00  0.00  0.00  0.00  0.00  0.00  0.00  0.00
  4.40  0.18  0.48  0.60  0.62  1.08  0.96  1.16  1.02  0.90  0.72  0.48  0.18  0.90  0.72  0.80  1.00  0.88  0.30  0.14  0.76  0.56  0.66  0.84  0.80  0.60  0.30  0.74  0.64  0.34  0.96  0.38  0.06  0.00  0.00  0.00  0.00  0.00  0.00  0.00  0.00  0.00  0.00  0.00  0.00  0.00  0.00  0.00  0.00  0.00  0.00  0.00  0.00  0.00  0.00  0.00  0.00  0.00  0.00  0.00  0.00  0.00  0.00  0.00
  0.28  0.28  0.40  0.52  0.68  0.72  2.04  0.94  0.14  0.38  0.40  0.30  1.78  0.48  0.18  0.18  0.70  0.26  0.52  0.62  1.08  0.44  0.38  0.76  1.12  0.46  0.50  0.90  0.80  0.32  0.60  0.22  0.10  0.00  0.00  0.00  0.00  0.00  0.00  0.00  0.00  0.00  0.00  0.00  0.00  0.00  0.00  0.00  0.00  0.00  0.00  0.00  0.00  0.00  0.00  0.00  0.00  0.00  0.00  0.00  0.00  0.00  0.00  0.00
  0.16  0.14  0.34  0.44  0.66  0.94  0.56  0.34  0.24  0.40  1.10  1.04  0.20  0.08  0.26  0.50  1.12  0.50  0.50  0.98  0.78  0.46  0.32  0.48  0.84  0.52  0.38  0.28  0.04  0.28  0.40  0.10  0.00  0.00  0.00  0.00  0.00  0.00  0.00  0.00  0.00  0.00  0.00  0.00  0.00  0.00  0.00  0.00  0.00  0.00  0.00  0.00  0.00  0.00  0.00  0.00  0.00  0.00  0.00  0.00  0.00  0.00  0.00  0.00
  0.14  0.16  0.26  0.84  0.90  0.66  1.36  0.42  0.78  1.66  1.10  0.88  0.70  0.12  0.24  0.58  0.60  0.36  1.40  0.96  0.82  1.68  0.16  0.24  1.46  0.40  0.26  0.20  0.36  0.24  0.24  0.08  0.00  0.00  0.00  0.00  0.00  0.00  0.00  0.00  0.00  0.00  0.00  0.00  0.00  0.00  0.00  0.00  0.00  0.00  0.00  0.00  0.00  0.00  0.00  0.00  0.00  0.00  0.00  0.00  0.00  0.00  0.00  0.00
  0.16  0.58  0.88  0.52  1.32  1.60  0.28  0.74  0.74  0.82  1.38  0.94  1.76  0.34  0.18  0.40  0.78  0.42  1.54  1.26  0.60  0.56  0.42  0.54  0.80  0.94  0.62  0.46  0.32  0.36  0.14  0.12  0.00  0.00  0.00  0.00  0.00  0.00  0.00  0.00  0.00  0.00  0.00  0.00  0.00  0.00  0.00  0.00  0.00  0.00  0.00  0.00  0.00  0.00  0.00  0.00  0.00  0.00  0.00  0.00  0.00  0.00  0.00  0.00
  1.26  0.18  1.36  0.30  0.94  1.52  1.46  0.68  0.92  0.62  0.74  1.06  1.04  0.26  0.50  0.34  0.16  0.28  0.72  0.60  0.48  0.60  0.50  1.02  0.68  1.92  0.60  0.76  0.18  0.22  0.22  0.14  0.00  0.00  0.00  0.00  0.00  0.00  0.00  0.00  0.00  0.00  0.00  0.00  0.00  0.00  0.00  0.00  0.00  0.00  0.00  0.00  0.00  0.00  0.00  0.00  0.00  0.00  0.00  0.00  0.00  0.00  0.00  0.00
  0.20  0.14  0.56  0.40  0.94  3.16  2.54  0.62  1.26  0.28  0.38  0.74  0.54  0.62  0.68  0.34  0.28  0.48  3.14  0.64  0.36  0.56  0.58  0.76  0.58  0.74  0.24  0.40  0.42  0.18  0.12  0.18  0.00  0.00  0.00  0.00  0.00  0.00  0.00  0.00  0.00  0.00  0.00  0.00  0.00  0.00  0.00  0.00  0.00  0.00  0.00  0.00  0.00  0.00  0.00  0.00  0.00  0.00  0.00  0.00  0.00  0.00  0.00  0.00
  0.22  0.00  0.52  0.94  1.14  1.30  3.10  2.66  1.20  1.36  0.56  0.78  0.30  0.50  0.80  0.28  0.12  1.26  1.60  4.72  0.50  0.66  0.78  0.64  0.34  0.72  0.32  0.60  0.18  0.08  0.04  0.34  0.06  0.00  0.00  0.00  0.00  0.00  0.00  0.00  0.00  0.00  0.00  0.00  0.00  0.00  0.00  0.00  0.00  0.00  0.00  0.00  0.00  0.00  0.00  0.00  0.00  0.00  0.00  0.00  0.00  0.00  0.00  0.00
  0.18  0.20  0.44  0.94  0.70  0.42  0.94  0.98  1.90  1.08  0.46  0.40  0.64  0.58  0.98  0.30  0.66  1.04  1.00  0.54  0.42  0.52  0.72  0.38  3.60  0.74  0.48  0.78  0.52  0.08  0.14  1.38  0.12  0.00  0.00  0.00  0.00  0.00  0.00  0.00  0.00  0.00  0.00  0.00  0.00  0.00  0.00  0.00  0.00  0.00  0.00  0.00  0.00  0.00  0.00  0.00  0.00  0.00  0.00  0.00  0.00  0.00  0.00  0.00
  0.00  0.00  0.36  0.76  0.32  0.90  0.88  1.52  1.16  2.66  0.78  1.08  0.82  1.56  1.34  0.38  0.68  0.54  0.64  0.62  1.12  0.66  0.66  0.62  1.90  1.54  0.70  0.38  1.48  0.12  0.06  0.32  0.84  0.00  0.00  0.00  0.00  0.00  0.00  0.00  0.00  0.00  0.00  0.00  0.00  0.00  0.00  0.00  0.00  0.00  0.00  0.00  0.00  0.00  0.00  0.00  0.00  0.00  0.00  0.00  0.00  0.00  0.00  0.00
  0.80  0.00  0.28  0.88  0.30  0.28  1.04  2.08  1.10  1.04  0.84  2.48  0.74  0.98  2.26  1.02  0.42  0.20  0.24  0.52  0.62  0.82  0.10  0.62  2.94  1.04  1.08  0.98  0.26  0.16  0.02  0.46  0.68  0.00  0.00  0.00  0.00  0.00  0.00  0.00  0.00  0.00  0.00  0.00  0.00  0.00  0.00  0.00  0.00  0.00  0.00  0.00  0.00  0.00  0.00  0.00  0.00  0.00  0.00  0.00  0.00  0.00  0.00  0.00
  0.18  0.28  0.14  0.76  0.30  0.50  0.98  2.58  0.76  1.52  0.62  2.16  2.02  2.34  1.20  0.84  0.88  1.40  0.92  0.52  0.52  0.26  0.44  1.00  0.64  0.72  0.46  0.30  0.38  0.20  0.32  0.26  0.08  0.00  0.00  0.00  0.00  0.00  0.00  0.00  0.00  0.00  0.00  0.00  0.00  0.00  0.00  0.00  0.00  0.00  0.00  0.00  0.00  0.00  0.00  0.00  0.00  0.00  0.00  0.00  0.00  0.00  0.00  0.00
  0.20  0.12  0.18  0.86  1.16  0.48  1.16  1.16  0.94  1.02  0.64  0.84  1.52  2.10  1.18  0.92  1.12  0.52  0.36  0.38  0.54  0.56  0.92  1.10  0.50  0.02  0.16  0.32  1.62  0.66  0.44  0.16  0.12  0.00  0.00  0.00  0.00  0.00  0.00  0.00  0.00  0.00  0.00  0.00  0.00  0.00  0.00  0.00  0.00  0.00  0.00  0.00  0.00  0.00  0.00  0.00  0.00  0.00  0.00  0.00  0.00  0.00  0.00  0.00
  0.28  0.56  0.90  0.46  1.08  0.76  0.80  0.72  4.22  3.58  0.48  0.34  1.06  0.52  1.10  2.20  1.16  0.54  0.46  1.10  0.66  0.90  0.68  0.18  0.26  0.36  0.20  1.12  0.40  0.84  0.24  0.14  0.16  0.00  0.00  0.00  0.00  0.00  0.00  0.00  0.00  0.00  0.00  0.00  0.00  0.00  0.00  0.00  0.00  0.00  0.00  0.00  0.00  0.00  0.00  0.00  0.00  0.00  0.00  0.00  0.00  0.00  0.00  0.00
  0.14  0.48  0.64  0.76  1.18  1.28  1.62  1.76  2.82  3.46  1.22  0.64  0.72  0.22  0.58  1.50  1.16  0.46  1.32  0.44  0.54  1.62  0.28  0.36  0.06  0.18  0.44  0.74  0.12  0.32  0.34  0.16  0.14  0.00  0.00  0.00  0.00  0.00  0.00  0.00  0.00  0.00  0.00  0.00  0.00  0.00  0.00  0.00  0.00  0.00  0.00  0.00  0.00  0.00  0.00  0.00  0.00  0.00  0.00  0.00  0.00  0.00  0.00  0.00
  0.06  0.22  0.04  0.30  1.26  1.62  1.34  2.26  2.10  0.76  0.72  0.70  0.66  0.30  0.56  0.78  0.44  0.96  1.26  0.58  1.16  1.02  2.28  1.04  0.78  0.76  0.68  0.24  0.52  0.58  0.62  0.76  0.32  0.00  0.00  0.00  0.00  0.00  0.00  0.00  0.00  0.00  0.00  0.00  0.00  0.00  0.00  0.00  0.00  0.00  0.00  0.00  0.00  0.00  0.00  0.00  0.00  0.00  0.00  0.00  0.00  0.00  0.00  0.00
  0.00  0.30  0.16  0.72  1.60  0.98  1.48  1.76  0.96  1.42  0.72  0.46  0.68  0.42  0.28  0.44  0.60  0.54  0.68  0.48  1.50  1.08  1.34  0.94  0.90  0.82  0.58  0.42  0.96  0.46  0.58  0.10  0.00  0.00  0.00  0.00  0.00  0.00  0.00  0.00  0.00  0.00  0.00  0.00  0.00  0.00  0.00  0.00  0.00  0.00  0.00  0.00  0.00  0.00  0.00  0.00  0.00  0.00  0.00  0.00  0.00  0.00  0.00  0.00
  1.36  0.24  0.34  0.20  0.56  1.24  2.08  0.68  1.92  5.58  1.02  0.50  1.60  1.58  0.24  0.66  0.58  0.48  0.76  2.06  0.90  1.04  0.56  1.06  0.36  0.52  1.00  0.32  0.86  0.76  0.54  0.12  0.00  0.00  0.00  0.00  0.00  0.00  0.00  0.00  0.00  0.00  0.00  0.00  0.00  0.00  0.00  0.00  0.00  0.00  0.00  0.00  0.00  0.00  0.00  0.00  0.00  0.00  0.00  0.00  0.00  0.00  0.00  0.00
  0.42  0.16  0.82  0.36  0.86  1.92  2.76  0.66  2.62  3.46  1.18  1.24  2.44  2.76  0.48  0.40  0.40  0.48  0.32  0.96  1.08  0.42  0.44  0.80  0.76  0.38  0.24  0.28  1.16  1.48  0.46  0.36  0.00  0.00  0.00  0.00  0.00  0.00  0.00  0.00  0.00  0.00  0.00  0.00  0.00  0.00  0.00  0.00  0.00  0.00  0.00  0.00  0.00  0.00  0.00  0.00  0.00  0.00  0.00  0.00  0.00  0.00  0.00  0.00
  0.20  3.42  0.44  0.56  3.02  2.26  0.82  1.20  1.64  0.78  0.86  2.28  1.32  1.38  1.36  0.28  0.60  0.42  0.46  0.86  0.50  0.44  0.32  0.60  0.52  0.44  1.78  0.56  0.16  0.72  1.22  0.70  0.04  0.00  0.00  0.00  0.00  0.00  0.00  0.00  0.00  0.00  0.00  0.00  0.00  0.00  0.00  0.00  0.00  0.00  0.00  0.00  0.00  0.00  0.00  0.00  0.00  0.00  0.00  0.00  0.00  0.00  0.00  0.00
  0.18  0.58  0.76  0.66  1.00  1.12  1.06  1.20  1.78  0.98  0.92  1.58  1.12  0.42  1.48  0.42  0.44  0.20  0.26  0.74  0.78  0.36  0.90  0.78  0.84  0.82  1.24  0.28  0.36  0.86  1.30  0.16  0.04  0.00  0.00  0.00  0.00  0.00  0.00  0.00  0.00  0.00  0.00  0.00  0.00  0.00  0.00  0.00  0.00  0.00  0.00  0.00  0.00  0.00  0.00  0.00  0.00  0.00  0.00  0.00  0.00  0.00  0.00  0.00
  0.16  0.62  0.36  0.54  0.90  0.50  0.20  0.66  0.48  0.48  0.80  2.66  1.44  0.80  0.36  0.30  0.30  0.68  0.84  0.38  0.90  0.88  1.04  0.48  0.46  0.40  1.34  0.08  0.60  0.54  0.66  0.10  0.06  0.00  0.00  0.00  0.00  0.00  0.00  0.00  0.00  0.00  0.00  0.00  0.00  0.00  0.00  0.00  0.00  0.00  0.00  0.00  0.00  0.00  0.00  0.00  0.00  0.00  0.00  0.00  0.00  0.00  0.00  0.00
  0.12  0.64  0.40  0.72  0.68  0.62  0.62  1.44  1.06  0.86  1.34  1.20  1.16  0.54  0.30  0.72  0.46  1.18  0.74  0.74  1.14  1.08  0.44  0.84  0.42  0.26  0.28  0.44  0.58  0.80  1.22  0.56  0.28  0.00  0.00  0.00  0.00  0.00  0.00  0.00  0.00  0.00  0.00  0.00  0.00  0.00  0.00  0.00  0.00  0.00  0.00  0.00  0.00  0.00  0.00  0.00  0.00  0.00  0.00  0.00  0.00  0.00  0.00  0.00
  0.18  0.28  0.88  0.62  0.80  0.58  1.08  1.80  1.60  1.76  0.98  0.64  0.40  0.92  0.86  1.54  0.22  1.18  2.28  1.04  0.86  0.78  1.50  0.82  0.20  0.40  0.38  0.26  0.46  0.22  0.50  0.32  2.46  0.00  0.00  0.00  0.00  0.00  0.00  0.00  0.00  0.00  0.00  0.00  0.00  0.00  0.00  0.00  0.00  0.00  0.00  0.00  0.00  0.00  0.00  0.00  0.00  0.00  0.00  0.00  0.00  0.00  0.00  0.00
  0.38  0.32  0.16  0.42  0.24  0.36  1.28  1.98  0.82  0.66  1.92  1.08  0.52  1.24  1.20  0.28  0.36  0.42  0.44  0.76  0.86  0.54  0.86  1.18  0.38  0.54  0.60  0.46  0.58  0.32  0.16  0.20  0.28  0.00  0.00  0.00  0.00  0.00  0.00  0.00  0.00  0.00  0.00  0.00  0.00  0.00  0.00  0.00  0.00  0.00  0.00  0.00  0.00  0.00  0.00  0.00  0.00  0.00  0.00  0.00  0.00  0.00  0.00  0.00
  0.22  0.24  0.26  0.02  0.66  0.76  1.32  2.68  1.56  1.44  0.94  0.44  0.76  0.14  0.76  0.16  0.56  0.26  0.52  0.52  0.66  0.50  0.50  0.88  0.70  1.00  0.58  0.32  0.52  0.32  0.32  0.38  0.22  0.00  0.00  0.00  0.00  0.00  0.00  0.00  0.00  0.00  0.00  0.00  0.00  0.00  0.00  0.00  0.00  0.00  0.00  0.00  0.00  0.00  0.00  0.00  0.00  0.00  0.00  0.00  0.00  0.00  0.00  0.00
  0.18  0.28  0.22  0.16  0.36  0.82  1.52  2.16  0.88  0.90  2.34  0.20  0.82  0.74  0.96  0.54  0.44  0.50  0.32  0.50  0.48  0.30  1.70  0.58  0.78  1.10  1.76  0.12  0.48  0.30  0.26  0.62  0.46  0.00  0.00  0.00  0.00  0.00  0.00  0.00  0.00  0.00  0.00  0.00  0.00  0.00  0.00  0.00  0.00  0.00  0.00  0.00  0.00  0.00  0.00  0.00  0.00  0.00  0.00  0.00  0.00  0.00  0.00  0.00
  0.26  0.28  0.38  0.12  0.36  0.56  0.60  1.66  0.92  1.34  2.24  0.72  0.62  1.94  0.72  0.24  0.28  0.38  0.32  0.60  0.44  0.90  0.76  0.58  0.62  0.44  0.76  0.52  0.28  0.64  0.44  0.32  0.60  0.00  0.00  0.00  0.00  0.00  0.00  0.00  0.00  0.00  0.00  0.00  0.00  0.00  0.00  0.00  0.00  0.00  0.00  0.00  0.00  0.00  0.00  0.00  0.00  0.00  0.00  0.00  0.00  0.00  0.00  0.00
  0.38  0.22  0.16  0.62  0.60  0.88  1.22  1.24  0.48  0.64  1.02  0.96  0.74  0.64  0.74  0.36  0.70  0.72  0.54  0.70  0.50  1.00  1.20  0.54  0.36  0.36  0.46  0.12  0.32  0.76  0.80  0.22  0.66  0.00  0.00  0.00  0.00  0.00  0.00  0.00  0.00  0.00  0.00  0.00  0.00  0.00  0.00  0.00  0.00  0.00  0.00  0.00  0.00  0.00  0.00  0.00  0.00  0.00  0.00  0.00  0.00  0.00  0.00  0.00
  0.38  0.16  0.16  0.12  0.38  0.94  0.76  0.58  0.28  0.72  0.16  0.34  1.38  1.72  1.04  0.48  0.84  0.66  1.10  2.26  2.90  1.00  0.66  0.38  0.64  0.30  0.18  0.16  0.14  0.84  1.06  0.32  0.84  0.06  0.00  0.00  0.00  0.00  0.00  0.00  0.00  0.00  0.00  0.00  0.00  0.00  0.00  0.00  0.00  0.00  0.00  0.00  0.00  0.00  0.00  0.00  0.00  0.00  0.00  0.00  0.00  0.00  0.00  0.00
  1.38  0.42  0.34  0.14  0.56  0.76  0.78  0.58  0.42  0.60  0.40  0.46  0.58  0.80  1.40  1.02  0.78  0.52  1.48  0.86  0.56  0.78  1.84  0.66  0.54  0.36  0.18  0.20  0.24  0.54  0.78  0.84  1.80  0.00  0.00  0.00  0.00  0.00  0.00  0.00  0.00  0.00  0.00  0.00  0.00  0.00  0.00  0.00  0.00  0.00  0.00  0.00  0.00  0.00  0.00  0.00  0.00  0.00  0.00  0.00  0.00  0.00  0.00  0.00
  0.56  0.60  0.42  0.42  0.44  0.38  1.04  0.94  0.98  1.32  0.38  0.70  0.66  1.02  0.84  1.82  0.84  0.36  0.46  0.66  0.62  0.42  0.60  0.26  0.18  0.78  0.90  0.50  1.48  1.06  0.96  0.16  0.88  0.00  0.00  0.00  0.00  0.00  0.00  0.00  0.00  0.00  0.00  0.00  0.00  0.00  0.00  0.00  0.00  0.00  0.00  0.00  0.00  0.00  0.00  0.00  0.00  0.00  0.00  0.00  0.00  0.00  0.00  0.00
  0.42  1.00  1.80  0.86  0.80  1.12  0.54  0.58  0.24  0.38  0.74  0.34  0.38  0.90  0.84  0.90  1.20  0.76  0.80  0.84  0.38  1.18  0.42  0.42  0.28  0.60  0.84  0.80  1.68  0.52  0.36  0.30  0.46  0.00  0.00  0.00  0.00  0.00  0.00  0.00  0.00  0.00  0.00  0.00  0.00  0.00  0.00  0.00  0.00  0.00  0.00  0.00  0.00  0.00  0.00  0.00  0.00  0.00  0.00  0.00  0.00  0.00  0.00  0.00
  0.02  2.14  1.00  0.32  0.20  0.76  0.88  1.06  0.38  0.50  0.64  1.34  0.42  0.44  0.54  0.62  0.80  0.58  1.00  1.56  1.04  1.22  0.94  0.84  1.14  0.62  0.58  0.62  0.54  0.30  0.72  0.14  0.36  0.00  0.00  0.00  0.00  0.00  0.00  0.00  0.00  0.00  0.00  0.00  0.00  0.00  0.00  0.00  0.00  0.00  0.00  0.00  0.00  0.00  0.00  0.00  0.00  0.00  0.00  0.00  0.00  0.00  0.00  0.00
  0.00  0.66  0.26  0.58  0.28  0.24  0.84  0.58  0.44  0.50  0.72  1.02  0.82  0.84  1.26  1.34  1.04  0.64  0.68  0.68  0.60  0.86  1.78  0.34  0.58  0.16  0.20  0.20  0.20  0.20  0.20  0.14  1.08  0.00  0.00  0.00  0.00  0.00  0.00  0.00  0.00  0.00  0.00  0.00  0.00  0.00  0.00  0.00  0.00  0.00  0.00  0.00  0.00  0.00  0.00  0.00  0.00  0.00  0.00  0.00  0.00  0.00  0.00  0.00
  0.10  2.38  0.40  0.00  0.00  0.00  0.00  0.10  0.24  0.24  0.18  0.14  0.24  0.20  0.46  0.22  0.18  0.10  0.10  0.08  0.14  0.20  0.12  0.08  0.10  0.08  0.04  0.06  0.04  0.06  0.08  0.06  0.32  0.00  0.00  0.00  0.00  0.00  0.00  0.00  0.00  0.00  0.00  0.00  0.00  0.00  0.00  0.00  0.00  0.00  0.00  0.00  0.00  0.00  0.00  0.00  0.00  0.00  0.00  0.00  0.00  0.00  0.00  0.00
  0.00  0.00  0.00  0.00  0.00  0.00  0.00  0.00  0.00  0.00  0.00  0.00  0.00  0.00  0.00  0.00  0.00  0.00  0.00  0.00  0.00  0.00  0.00  0.00  0.00  0.00  0.00  0.00  0.00  0.00  0.00  0.00  0.00  0.00  0.00  0.00  0.00  0.00  0.00  0.00  0.00  0.00  0.00  0.00  0.00  0.00  0.00  0.00  0.00  0.00  0.00  0.00  0.00  0.00  0.00  0.00  0.00  0.00  0.00  0.00  0.00  0.00  0.00  0.00
  0.00  0.00  0.00  0.00  0.00  0.00  0.00  0.00  0.00  0.00  0.00  0.00  0.00  0.00  0.00  0.00  0.00  0.00  0.00  0.00  0.00  0.00  0.00  0.00  0.00  0.00  0.00  0.00  0.00  0.00  0.00  0.00  0.00  0.00  0.00  0.00  0.00  0.00  0.00  0.00  0.00  0.00  0.00  0.00  0.00  0.00  0.00  0.00  0.00  0.00  0.00  0.00  0.00  0.00  0.00  0.00  0.00  0.00  0.00  0.00  0.00  0.00  0.00  0.00
  0.00  0.00  0.00  0.00  0.00  0.00  0.00  0.00  0.00  0.00  0.00  0.00  0.00  0.00  0.00  0.00  0.00  0.00  0.00  0.00  0.00  0.00  0.00  0.00  0.00  0.00  0.00  0.00  0.00  0.00  0.00  0.00  0.00  0.00  0.00  0.00  0.00  0.00  0.00  0.00  0.00  0.00  0.00  0.00  0.00  0.00  0.00  0.00  0.00  0.00  0.00  0.00  0.00  0.00  0.00  0.00  0.00  0.00  0.00  0.00  0.00  0.00  0.00  0.00
  0.00  0.00  0.00  0.00  0.00  0.00  0.00  0.00  0.00  0.00  0.00  0.00  0.00  0.00  0.00  0.00  0.00  0.00  0.00  0.00  0.00  0.00  0.00  0.00  0.00  0.00  0.00  0.00  0.00  0.00  0.00  0.00  0.00  0.00  0.00  0.00  0.00  0.00  0.00  0.00  0.00  0.00  0.00  0.00  0.00  0.00  0.00  0.00  0.00  0.00  0.00  0.00  0.00  0.00  0.00  0.00  0.00  0.00  0.00  0.00  0.00  0.00  0.00  0.00
  0.00  0.00  0.00  0.00  0.00  0.00  0.00  0.00  0.00  0.00  0.00  0.00  0.00  0.00  0.00  0.00  0.00  0.00  0.00  0.00  0.00  0.00  0.00  0.00  0.00  0.00  0.00  0.00  0.00  0.00  0.00  0.00  0.00  0.00  0.00  0.00  0.00  0.00  0.00  0.00  0.00  0.00  0.00  0.00  0.00  0.00  0.00  0.00  0.00  0.00  0.00  0.00  0.00  0.00  0.00  0.00  0.00  0.00  0.00  0.00  0.00  0.00  0.00  0.00
  0.00  0.00  0.00  0.00  0.00  0.00  0.00  0.00  0.00  0.00  0.00  0.00  0.00  0.00  0.00  0.00  0.00  0.00  0.00  0.00  0.00  0.00  0.00  0.00  0.00  0.00  0.00  0.00  0.00  0.00  0.00  0.00  0.00  0.00  0.00  0.00  0.00  0.00  0.00  0.00  0.00  0.00  0.00  0.00  0.00  0.00  0.00  0.00  0.00  0.00  0.00  0.00  0.00  0.00  0.00  0.00  0.00  0.00  0.00  0.00  0.00  0.00  0.00  0.00
  0.00  0.00  0.00  0.00  0.00  0.00  0.00  0.00  0.00  0.00  0.00  0.00  0.00  0.00  0.00  0.00  0.00  0.00  0.00  0.00  0.00  0.00  0.00  0.00  0.00  0.00  0.00  0.00  0.00  0.00  0.00  0.00  0.00  0.00  0.00  0.00  0.00  0.00  0.00  0.00  0.00  0.00  0.00  0.00  0.00  0.00  0.00  0.00  0.00  0.00  0.00  0.00  0.00  0.00  0.00  0.00  0.00  0.00  0.00  0.00  0.00  0.00  0.00  0.00
  0.00  0.00  0.00  0.00  0.00  0.00  0.00  0.00  0.00  0.00  0.00  0.00  0.00  0.00  0.00  0.00  0.00  0.00  0.00  0.00  0.00  0.00  0.00  0.00  0.00  0.00  0.00  0.00  0.00  0.00  0.00  0.00  0.00  0.00  0.00  0.00  0.00  0.00  0.00  0.00  0.00  0.00  0.00  0.00  0.00  0.00  0.00  0.00  0.00  0.00  0.00  0.00  0.00  0.00  0.00  0.00  0.00  0.00  0.00  0.00  0.00  0.00  0.00  0.00
  0.00  0.00  0.00  0.00  0.00  0.00  0.00  0.00  0.00  0.00  0.00  0.00  0.00  0.00  0.00  0.00  0.00  0.00  0.00  0.00  0.00  0.00  0.00  0.00  0.00  0.00  0.00  0.00  0.00  0.00  0.00  0.00  0.00  0.00  0.00  0.00  0.00  0.00  0.00  0.00  0.00  0.00  0.00  0.00  0.00  0.00  0.00  0.00  0.00  0.00  0.00  0.00  0.00  0.00  0.00  0.00  0.00  0.00  0.00  0.00  0.00  0.00  0.00  0.00
  0.00  0.00  0.00  0.00  0.00  0.00  0.00  0.00  0.00  0.00  0.00  0.00  0.00  0.00  0.00  0.00  0.00  0.00  0.00  0.00  0.00  0.00  0.00  0.00  0.00  0.00  0.00  0.00  0.00  0.00  0.00  0.00  0.00  0.00  0.00  0.00  0.00  0.00  0.00  0.00  0.00  0.00  0.00  0.00  0.00  0.00  0.00  0.00  0.00  0.00  0.00  0.00  0.00  0.00  0.00  0.00  0.00  0.00  0.00  0.00  0.00  0.00  0.00  0.00
  0.00  0.00  0.00  0.00  0.00  0.00  0.00  0.00  0.00  0.00  0.00  0.00  0.00  0.00  0.00  0.00  0.00  0.00  0.00  0.00  0.00  0.00  0.00  0.00  0.00  0.00  0.00  0.00  0.00  0.00  0.00  0.00  0.00  0.00  0.00  0.00  0.00  0.00  0.00  0.00  0.00  0.00  0.00  0.00  0.00  0.00  0.00  0.00  0.00  0.00  0.00  0.00  0.00  0.00  0.00  0.00  0.00  0.00  0.00  0.00  0.00  0.00  0.00  0.00
  0.00  0.00  0.00  0.00  0.00  0.00  0.00  0.00  0.00  0.00  0.00  0.00  0.00  0.00  0.00  0.00  0.00  0.00  0.00  0.00  0.00  0.00  0.00  0.00  0.00  0.00  0.00  0.00  0.00  0.00  0.00  0.00  0.00  0.00  0.00  0.00  0.00  0.00  0.00  0.00  0.00  0.00  0.00  0.00  0.00  0.00  0.00  0.00  0.00  0.00  0.00  0.00  0.00  0.00  0.00  0.00  0.00  0.00  0.00  0.00  0.00  0.00  0.00  0.00
  0.00  0.00  0.00  0.00  0.00  0.00  0.00  0.00  0.00  0.00  0.00  0.00  0.00  0.00  0.00  0.00  0.00  0.00  0.00  0.00  0.00  0.00  0.00  0.00  0.00  0.00  0.00  0.00  0.00  0.00  0.00  0.00  0.00  0.00  0.00  0.00  0.00  0.00  0.00  0.00  0.00  0.00  0.00  0.00  0.00  0.00  0.00  0.00  0.00  0.00  0.00  0.00  0.00  0.00  0.00  0.00  0.00  0.00  0.00  0.00  0.00  0.00  0.00  0.00
  0.00  0.00  0.00  0.00  0.00  0.00  0.00  0.00  0.00  0.00  0.00  0.00  0.00  0.00  0.00  0.00  0.00  0.00  0.00  0.00  0.00  0.00  0.00  0.00  0.00  0.00  0.00  0.00  0.00  0.00  0.00  0.00  0.00  0.00  0.00  0.00  0.00  0.00  0.00  0.00  0.00  0.00  0.00  0.00  0.00  0.00  0.00  0.00  0.00  0.00  0.00  0.00  0.00  0.00  0.00  0.00  0.00  0.00  0.00  0.00  0.00  0.00  0.00  0.00
  0.00  0.00  0.00  0.00  0.00  0.00  0.00  0.00  0.00  0.00  0.00  0.00  0.00  0.00  0.00  0.00  0.00  0.00  0.00  0.00  0.00  0.00  0.00  0.00  0.00  0.00  0.00  0.00  0.00  0.00  0.00  0.00  0.00  0.00  0.00  0.00  0.00  0.00  0.00  0.00  0.00  0.00  0.00  0.00  0.00  0.00  0.00  0.00  0.00  0.00  0.00  0.00  0.00  0.00  0.00  0.00  0.00  0.00  0.00  0.00  0.00  0.00  0.00  0.00
  0.00  0.00  0.00  0.00  0.00  0.00  0.00  0.00  0.00  0.00  0.00  0.00  0.00  0.00  0.00  0.00  0.00  0.00  0.00  0.00  0.00  0.00  0.00  0.00  0.00  0.00  0.00  0.00  0.00  0.00  0.00  0.00  0.00  0.00  0.00  0.00  0.00  0.00  0.00  0.00  0.00  0.00  0.00  0.00  0.00  0.00  0.00  0.00  0.00  0.00  0.00  0.00  0.00  0.00  0.00  0.00  0.00  0.00  0.00  0.00  0.00  0.00  0.00  0.00
  0.00  0.00  0.00  0.00  0.00  0.00  0.00  0.00  0.00  0.00  0.00  0.00  0.00  0.00  0.00  0.00  0.00  0.00  0.00  0.00  0.00  0.00  0.00  0.00  0.00  0.00  0.00  0.00  0.00  0.00  0.00  0.00  0.00  0.00  0.00  0.00  0.00  0.00  0.00  0.00  0.00  0.00  0.00  0.00  0.00  0.00  0.00  0.00  0.00  0.00  0.00  0.00  0.00  0.00  0.00  0.00  0.00  0.00  0.00  0.00  0.00  0.00  0.00  0.00

 density range (Hz): 0.000000 12.140000