Array Size: 64  64
  0.00  0.68  0.53  0.00  0.00  0.00  0.00  0.00  0.00  0.58  1.35  2.45  2.82  3.29  3.09  2.71  2.33  2.29  1.93  1.63  1.79  1.45  0.99  0.86  0.87  0.37  0.15  0.12  0.10  0.28  0.24  0.32  0.50  0.54  0.36  0.50  0.53  0.32  0.23  0.00  0.27  0.00  0.28  0.30  0.00  0.00  0.00  0.00  0.00  0.00  0.00  0.00  0.00  0.00  0.00  0.00  0.00  0.00  0.00  0.00  0.00  0.00  0.00  0.00
  0.68  0.46  0.34  0.00  0.00  0.00  0.00  0.00  0.13  0.53  1.17  2.06  2.46  2.89  2.83  2.54  2.50  2.53  2.15  1.96  2.12  1.46  0.97  0.85  0.85  0.46  0.13  0.10  0.18  0.40  0.43  0.48  0.76  0.90  0.78  0.96  1.03  0.64  0.30  0.22  0.24  0.11  0.22  0.22  0.00  0.00  0.00  0.00  0.00  0.00  0.00  0.00  0.00  0.00  0.00  0.00  0.00  0.00  0.00  0.00  0.00  0.00  0.00  0.00
  0.32  0.00  0.00  0.00  0.00  0.00  0.00  0.00  0.19  0.46  1.09  1.80  2.38  2.69  2.82  2.54  2.50  2.53  2.21  1.94  1.87  1.24  0.66  0.58  0.59  0.33  0.10  0.08  0.14  0.33  0.38  0.47  0.83  1.07  1.14  1.47  1.51  1.02  0.68  0.27  0.20  0.09  0.17  0.23  0.29  0.24  0.00  0.00  0.00  0.00  0.00  0.00  0.00  0.00  0.00  0.00  0.00  0.00  0.00  0.00  0.00  0.00  0.00  0.00
  0.27  0.00  0.16  0.00  0.00  0.00  0.10  0.09  0.26  0.41  0.89  1.21  1.66  1.94  2.35  2.38  2.75  2.76  2.50  2.28  1.99  1.19  0.69  0.57  0.54  0.29  0.19  0.16  0.20  0.40  0.43  0.52  0.84  1.14  1.29  2.12  1.99  1.59  1.26  0.85  0.44  0.36  0.31  0.26  0.24  0.19  0.00  0.00  0.00  0.00  0.00  0.00  0.00  0.00  0.00  0.00  0.00  0.00  0.00  0.00  0.00  0.00  0.00  0.00
  0.29  0.22  0.16  0.00  0.00  0.00  0.08  0.07  0.23  0.38  0.81  0.88  1.30  1.38  1.59  1.75  2.53  2.51  2.57  2.37  1.90  0.99  0.56  0.36  0.37  0.29  0.20  0.19  0.32  0.55  0.53  0.71  1.08  1.50  1.63  2.58  2.35  1.99  1.58  1.16  0.68  0.64  0.49  0.31  0.28  0.23  0.00  0.00  0.00  0.00  0.00  0.00  0.00  0.00  0.00  0.00  0.00  0.00  0.00  0.00  0.00  0.00  0.00  0.00
  0.00  0.20  0.15  0.14  0.09  0.08  0.08  0.07  0.21  0.22  0.53  0.69  1.00  0.96  1.23  1.42  1.81  1.86  1.79  1.60  1.10  0.43  0.09  0.09  0.19  0.31  0.37  0.36  0.62  0.79  0.81  0.97  0.00  1.78  2.04  2.93  2.84  2.64  2.04  1.52  1.02  0.96  0.51  0.27  0.23  0.17  0.00  0.00  0.00  0.00  0.00  0.00  0.00  0.00  0.00  0.00  0.00  0.00  0.00  0.00  0.00  0.00  0.00  0.00
  0.00  0.35  0.26  0.22  0.17  0.15  0.07  0.13  0.20  0.21  0.43  0.55  0.76  0.68  0.88  1.14  1.24  1.22  1.25  1.14  0.68  0.31  0.08  0.09  0.09  0.19  0.36  0.35  0.60  0.66  0.80  1.04  1.32  1.65  0.00  2.67  2.45  2.54  2.27  1.69  1.10  1.03  0.00  0.28  0.23  0.17  0.00  0.00  0.00  0.00  0.00  0.00  0.00  0.00  0.00  0.00  0.00  0.00  0.00  0.00  0.00  0.00  0.00  0.00
  0.75  1.06  0.87  0.67  0.55  0.32  0.19  0.18  0.19  0.14  0.23  0.37  0.57  0.60  0.63  0.89  0.95  0.76  0.71  0.76  0.46  0.16  0.09  0.10  0.12  0.23  0.42  0.40  0.00  0.99  1.17  1.32  1.46  1.61  1.79  2.07  2.19  2.69  2.48  2.41  2.07  1.57  0.61  0.30  0.24  0.17  0.00  0.00  0.00  0.00  0.00  0.00  0.00  0.00  0.00  0.00  0.00  0.00  0.00  0.00  0.00  0.00  0.00  0.00
  0.97  1.32  1.11  0.90  0.83  0.56  0.34  0.28  0.30  0.14  0.24  0.45  0.64  0.61  0.58  0.75  0.72  0.56  0.50  0.62  0.37  0.18  0.10  0.11  0.13  0.25  0.30  0.31  0.72  0.98  1.13  1.44  1.66  1.75  1.88  1.82  1.96  2.19  1.86  1.63  1.66  1.02  0.39  0.25  0.27  0.20  0.00  0.00  0.00  0.00  0.00  0.00  0.00  0.00  0.00  0.00  0.00  0.00  0.00  0.00  0.00  0.00  0.00  0.00
  0.77  1.13  0.96  0.80  0.83  0.57  0.35  0.35  0.36  0.20  0.22  0.41  0.40  0.42  0.39  0.41  0.24  0.09  0.00  0.11  0.12  0.11  0.12  0.14  0.16  0.14  0.15  0.15  0.57  0.81  1.05  1.29  1.51  1.41  1.52  1.50  1.61  1.83  1.65  1.33  1.31  0.72  0.13  0.26  0.29  0.22  0.00  0.00  0.00  0.00  0.00  0.00  0.00  0.00  0.00  0.00  0.00  0.00  0.00  0.00  0.00  0.00  0.00  0.00
  1.20  1.32  1.10  1.13  1.13  0.91  0.78  0.74  0.66  0.40  0.32  0.31  0.38  0.39  0.38  0.40  0.32  0.09  0.00  0.12  0.13  0.12  0.14  0.15  0.00  0.16  0.15  0.14  0.26  0.45  0.46  0.62  0.86  0.91  1.14  1.17  1.33  1.38  1.13  0.92  0.82  0.44  0.20  0.35  0.29  0.33  0.00  0.00  0.00  0.00  0.00  0.00  0.00  0.00  0.00  0.00  0.00  0.00  0.00  0.00  0.00  0.00  0.00  0.00
  1.59  1.55  1.23  1.46  1.40  1.01  0.89  0.83  0.67  0.43  0.39  0.39  0.52  0.49  0.44  0.45  0.37  0.11  0.00  0.00  0.00  0.00  0.00  0.00  0.00  0.15  0.13  0.13  0.13  0.32  0.22  0.36  0.62  0.78  0.85  0.91  1.20  1.19  0.89  0.69  0.62  0.30  0.19  0.31  0.32  0.38  0.45  0.00  0.00  0.00  0.00  0.00  0.00  0.00  0.00  0.00  0.00  0.00  0.00  0.00  0.00  0.00  0.00  0.00
  1.07  1.76  2.28  2.58  2.33  2.09  1.75  1.31  0.99  0.75  0.54  0.55  0.50  0.31  0.25  0.25  0.11  0.00  0.00  0.00  0.00  0.00  0.00  0.00  0.00  0.15  0.12  0.11  0.11  0.09  0.00  0.11  0.24  0.31  0.45  0.45  0.44  0.38  0.26  0.30  0.29  0.21  0.25  0.00  0.27  0.33  0.00  0.00  0.00  0.00  0.00  0.00  0.00  0.00  0.00  0.00  0.00  0.00  0.00  0.00  0.00  0.00  0.00  0.00
  1.75  2.51  2.78  3.01  2.65  2.31  1.66  1.19  0.81  0.67  0.46  0.47  0.42  0.30  0.28  0.29  0.12  0.00  0.00  0.00  0.00  0.00  0.00  0.65  0.74  0.84  0.60  0.55  0.09  0.08  0.00  0.00  0.00  0.10  0.22  0.22  0.33  0.31  0.19  0.24  0.22  0.15  0.26  0.34  0.28  0.36  0.00  0.00  0.00  0.00  0.00  0.00  0.00  0.00  0.00  0.00  0.00  0.00  0.00  0.00  0.00  0.00  0.00  0.00
  0.00  3.72  3.59  3.71  3.62  3.09  2.15  1.60  0.98  0.65  0.39  0.35  0.37  0.27  0.23  0.22  0.12  0.00  0.00  0.13  0.14  0.41  0.80  1.18  1.21  1.39  0.96  0.74  0.27  0.22  0.14  0.16  0.00  0.00  0.11  0.12  0.23  0.22  0.19  0.25  0.23  0.15  0.25  0.26  0.18  0.23  0.00  0.00  0.00  0.00  0.00  0.00  0.00  0.00  0.00  0.00  0.00  0.00  0.00  0.00  0.00  0.00  0.00  0.00
  0.00  4.33  3.77  3.60  3.49  2.88  1.82  1.22  0.68  0.45  0.27  0.27  0.25  0.00  0.00  0.00  0.11  0.10  0.11  0.22  0.24  0.37  0.82  1.25  1.22  1.33  0.00  0.00  0.32  0.28  0.21  0.16  0.00  0.00  0.00  0.00  0.09  0.10  0.29  0.51  0.51  0.50  0.47  0.34  0.19  0.24  0.00  0.00  0.00  0.00  0.00  0.00  0.00  0.00  0.00  0.00  0.00  0.00  0.00  0.00  0.00  0.00  0.00  0.00
  0.00  4.53  3.79  3.50  3.30  3.04  1.94  1.32  0.81  0.56  0.25  0.15  0.12  0.00  0.00  0.00  0.09  0.08  0.19  0.38  0.65  0.89  1.48  1.72  1.78  1.72  0.00  0.00  0.48  0.31  0.23  0.25  0.08  0.08  0.08  0.07  0.00  0.18  0.52  0.97  1.10  1.16  0.87  0.69  0.25  0.33  0.00  0.00  0.00  0.00  0.00  0.00  0.00  0.00  0.00  0.00  0.00  0.00  0.00  0.00  0.00  0.00  0.00  0.00
  0.00  4.38  3.02  2.84  2.70  2.26  1.29  0.96  0.59  0.36  0.20  0.05  0.05  0.00  0.00  0.08  0.15  0.16  0.43  0.63  0.83  1.18  2.02  2.01  1.94  1.96  1.69  1.20  0.72  0.58  0.33  0.35  0.08  0.08  0.08  0.07  0.00  0.19  0.70  1.19  1.41  1.45  1.19  0.94  0.47  0.47  0.00  0.00  0.00  0.00  0.00  0.00  0.00  0.00  0.00  0.00  0.00  0.00  0.00  0.00  0.00  0.00  0.00  0.00
  0.00  4.08  2.64  2.61  2.51  2.27  1.56  1.18  0.72  0.48  0.22  0.05  0.05  0.00  0.00  0.07  0.21  0.23  0.57  0.82  1.35  1.62  2.55  2.19  1.74  1.64  1.51  0.92  0.76  0.72  0.46  0.46  0.17  0.15  0.14  0.06  0.00  0.16  0.73  1.22  1.70  1.71  1.47  1.28  1.01  0.62  0.00  0.00  0.00  0.00  0.00  0.00  0.00  0.00  0.00  0.00  0.00  0.00  0.00  0.00  0.00  0.00  0.00  0.00
  0.00  2.15  1.70  1.82  1.57  1.63  1.26  0.91  0.59  0.51  0.28  0.05  0.05  0.00  0.00  0.07  0.25  0.30  0.66  1.09  1.52  1.59  2.17  2.01  1.51  1.54  1.45  0.98  0.90  0.88  0.41  0.35  0.18  0.15  0.14  0.06  0.00  0.15  0.79  1.41  1.82  1.96  1.76  1.66  1.32  1.12  0.00  0.00  0.00  0.00  0.00  0.00  0.00  0.00  0.00  0.00  0.00  0.00  0.00  0.00  0.00  0.00  0.00  0.00
  0.00  1.22  1.24  1.32  1.11  1.37  1.18  0.86  0.63  0.60  0.32  0.06  0.05  0.00  0.00  0.05  0.14  0.20  0.56  1.22  1.68  1.83  2.31  2.34  1.79  1.78  1.69  1.23  1.01  0.98  0.52  0.37  0.18  0.22  0.27  0.19  0.21  0.57  1.17  1.55  1.95  2.08  1.97  1.90  1.96  1.77  0.00  0.00  0.00  0.00  0.00  0.00  0.00  0.00  0.00  0.00  0.00  0.00  0.00  0.00  0.00  0.00  0.00  0.00
  0.00  0.62  0.69  1.02  0.91  0.98  0.95  0.72  0.40  0.37  0.31  0.13  0.15  0.14  0.14  0.15  0.24  0.27  0.57  1.22  1.49  1.67  2.12  2.08  1.55  1.73  1.60  1.17  1.00  1.11  0.49  0.26  0.11  0.18  0.32  0.30  0.38  0.55  1.29  1.68  2.17  2.57  2.64  2.16  2.23  1.96  0.00  0.00  0.00  0.00  0.00  0.00  0.00  0.00  0.00  0.00  0.00  0.00  0.00  0.00  0.00  0.00  0.00  0.00
  0.00  0.75  0.69  0.90  0.80  0.89  0.73  0.59  0.28  0.27  0.20  0.14  0.16  0.20  0.19  0.15  0.20  0.20  0.35  1.16  1.49  1.67  1.91  1.94  1.43  1.54  1.44  1.09  0.97  0.98  0.59  0.50  0.47  0.35  0.38  0.46  0.47  0.72  1.40  1.75  2.36  2.99  2.99  2.35  2.23  1.88  0.00  0.00  0.00  0.00  0.00  0.00  0.00  0.00  0.00  0.00  0.00  0.00  0.00  0.00  0.00  0.00  0.00  0.00
  0.00  0.00  0.48  0.54  0.46  0.42  0.25  0.25  0.07  0.07  0.14  0.13  0.15  0.19  0.19  0.15  0.15  0.14  0.19  1.21  1.23  1.47  1.60  1.74  1.37  1.71  1.67  1.56  1.30  0.97  0.51  0.39  0.36  0.29  0.35  0.53  0.56  1.20  1.96  2.30  2.48  3.21  3.30  2.47  2.35  2.43  0.00  0.00  0.00  0.00  0.00  0.00  0.00  0.00  0.00  0.00  0.00  0.00  0.00  0.00  0.00  0.00  0.00  0.00
  0.00  0.00  0.49  0.55  0.45  0.45  0.23  0.23  0.12  0.12  0.13  0.19  0.22  0.20  0.20  0.16  0.11  0.07  0.09  0.76  0.82  1.04  1.30  1.59  1.30  1.52  1.54  1.39  0.97  0.79  0.45  0.37  0.35  0.30  0.46  0.69  0.82  1.72  2.48  2.54  2.86  3.62  3.21  2.19  2.18  2.08  1.48  0.00  0.00  0.00  0.00  0.00  0.00  0.00  0.00  0.00  0.00  0.00  0.00  0.00  0.00  0.00  0.00  0.00
  0.00  0.00  0.41  0.51  0.41  0.42  0.30  0.28  0.18  0.18  0.19  0.18  0.30  0.31  0.31  0.27  0.22  0.07  0.06  0.35  0.33  0.42  0.78  0.87  0.75  0.93  0.93  0.74  0.00  0.56  0.29  0.35  0.33  0.23  0.29  0.58  0.71  1.48  2.13  2.28  2.26  2.78  2.48  1.75  1.65  1.71  0.00  0.00  0.00  0.00  0.00  0.00  0.00  0.00  0.00  0.00  0.00  0.00  0.00  0.00  0.00  0.00  0.00  0.00
  0.00  0.00  0.48  0.37  0.29  0.32  0.25  0.23  0.31  0.37  0.38  0.32  0.40  0.35  0.28  0.29  0.46  0.31  0.24  0.45  0.38  0.25  0.42  0.50  0.36  0.47  0.48  0.45  0.52  0.47  0.30  0.33  0.32  0.22  0.19  0.35  0.44  1.20  1.61  1.70  1.65  2.05  1.85  1.45  1.36  1.55  0.00  0.00  0.00  0.00  0.00  0.00  0.00  0.00  0.00  0.00  0.00  0.00  0.00  0.00  0.00  0.00  0.00  0.00
  0.00  0.27  0.17  0.19  0.15  0.21  0.39  0.48  0.70  0.76  0.75  0.51  0.48  0.36  0.28  0.29  0.44  0.31  0.23  0.35  0.30  0.14  0.28  0.35  0.27  0.37  0.42  0.37  0.31  0.18  0.00  0.00  0.00  0.00  0.09  0.10  0.28  1.03  1.42  1.57  1.43  1.35  1.15  0.87  0.79  0.93  0.00  0.00  0.00  0.00  0.00  0.00  0.00  0.00  0.00  0.00  0.00  0.00  0.00  0.00  0.00  0.00  0.00  0.00
  0.00  0.00  0.00  0.26  0.21  0.22  0.68  0.00  0.91  0.93  1.10  0.82  0.69  0.59  0.47  0.40  0.41  0.30  0.23  0.25  0.22  0.04  0.14  0.15  0.15  0.20  0.27  0.20  0.22  0.17  0.09  0.00  0.00  0.00  0.08  0.10  0.26  0.66  0.87  0.87  0.80  0.61  0.43  0.33  0.31  0.35  0.00  0.00  0.00  0.00  0.00  0.00  0.00  0.00  0.00  0.00  0.00  0.00  0.00  0.00  0.00  0.00  0.00  0.00
  0.00  0.00  0.00  0.26  0.43  0.41  0.82  1.12  1.22  1.18  1.50  1.28  1.02  0.83  0.59  0.39  0.39  0.29  0.23  0.21  0.21  0.04  0.13  0.13  0.19  0.23  0.43  0.39  0.43  0.44  0.39  0.09  0.08  0.08  0.08  0.00  0.08  0.25  0.32  0.43  0.38  0.33  0.31  0.30  0.27  0.31  0.00  0.00  0.00  0.00  0.00  0.00  0.00  0.00  0.00  0.00  0.00  0.00  0.00  0.00  0.00  0.00  0.00  0.00
  0.00  0.00  0.00  0.32  0.61  0.77  1.18  1.55  1.70  1.57  1.86  1.63  1.32  0.98  0.78  0.39  0.35  0.31  0.24  0.23  0.22  0.11  0.17  0.18  0.19  0.25  0.53  0.54  0.66  0.78  0.75  0.18  0.16  0.08  0.08  0.00  0.00  0.17  0.25  0.29  0.27  0.26  0.24  0.23  0.23  0.26  0.00  0.00  0.00  0.00  0.00  0.00  0.00  0.00  0.00  0.00  0.00  0.00  0.00  0.00  0.00  0.00  0.00  0.00
  0.00  0.00  0.12  0.36  0.70  0.78  1.19  1.57  1.73  1.64  2.15  2.05  1.77  1.59  1.33  0.79  0.37  0.32  0.14  0.10  0.11  0.10  0.14  0.14  0.23  0.40  0.76  0.80  1.00  0.98  0.85  0.26  0.24  0.07  0.07  0.00  0.00  0.28  0.34  0.30  0.26  0.24  0.15  0.19  0.23  0.26  0.00  0.00  0.00  0.00  0.00  0.00  0.00  0.00  0.00  0.00  0.00  0.00  0.00  0.00  0.00  0.00  0.00  0.00
  0.00  0.00  0.11  0.36  0.85  1.06  1.48  1.77  1.98  1.85  2.30  2.26  2.06  1.75  1.56  0.90  0.37  0.30  0.12  0.07  0.09  0.08  0.11  0.12  0.25  0.52  0.95  0.97  1.21  1.12  0.91  0.39  0.37  0.14  0.15  0.09  0.11  0.21  0.19  0.16  0.07  0.10  0.10  0.16  0.19  0.24  0.00  0.00  0.00  0.00  0.00  0.00  0.00  0.00  0.00  0.00  0.00  0.00  0.00  0.00  0.00  0.00  0.00  0.00
  0.00  0.00  0.09  0.15  0.70  1.19  1.44  1.70  2.07  1.94  2.23  2.34  2.27  1.92  1.75  0.99  0.56  0.35  0.05  0.00  0.07  0.11  0.17  0.20  0.35  0.62  1.02  0.99  1.20  1.07  0.88  0.54  0.59  0.34  0.37  0.29  0.24  0.23  0.22  0.19  0.07  0.07  0.07  0.36  0.43  0.66  0.00  0.00  0.00  0.00  0.00  0.00  0.00  0.00  0.00  0.00  0.00  0.00  0.00  0.00  0.00  0.00  0.00  0.00
  0.00  0.00  0.07  0.13  0.61  1.01  1.30  1.51  1.85  1.79  2.10  2.21  2.15  1.85  1.66  1.05  0.64  0.41  0.06  0.00  0.04  0.09  0.12  0.15  0.29  0.58  0.91  1.13  1.54  1.42  1.27  1.15  1.00  0.60  0.53  0.42  0.27  0.26  0.25  0.22  0.08  0.08  0.08  0.61  0.70  1.07  1.28  0.00  0.00  0.00  0.00  0.00  0.00  0.00  0.00  0.00  0.00  0.00  0.00  0.00  0.00  0.00  0.00  0.00
  0.00  0.00  0.07  0.06  0.41  0.71  1.00  1.13  1.55  1.57  1.96  2.14  2.05  1.81  1.69  1.17  0.82  0.66  0.26  0.11  0.11  0.06  0.12  0.15  0.39  0.77  1.11  1.34  1.85  1.74  1.60  1.54  1.37  0.91  0.68  0.41  0.28  0.26  0.24  0.22  0.00  0.14  0.14  0.64  0.74  1.21  0.00  0.00  0.00  0.00  0.00  0.00  0.00  0.00  0.00  0.00  0.00  0.00  0.00  0.00  0.00  0.00  0.00  0.00
  0.00  0.00  0.00  0.06  0.47  0.81  0.96  1.07  1.47  1.36  1.53  1.49  1.42  1.01  0.89  0.48  0.42  0.31  0.18  0.11  0.12  0.11  0.26  0.40  0.65  1.04  1.30  1.51  2.06  2.16  2.04  2.01  1.80  1.27  0.81  0.44  0.26  0.00  0.12  0.11  0.08  0.08  0.08  0.53  0.64  1.06  1.32  0.00  0.00  0.00  0.00  0.00  0.00  0.00  0.00  0.00  0.00  0.00  0.00  0.00  0.00  0.00  0.00  0.00
  0.08  0.07  0.06  0.20  0.51  0.58  0.53  0.61  0.72  0.65  0.92  0.94  0.92  0.72  0.57  0.31  0.35  0.28  0.23  0.17  0.20  0.19  0.35  0.52  0.73  0.98  1.19  1.56  2.14  2.44  2.34  2.31  2.03  1.58  0.96  0.47  0.14  0.00  0.24  0.22  0.24  0.23  0.23  0.58  0.76  0.00  0.00  0.00  0.00  0.00  0.00  0.00  0.00  0.00  0.00  0.00  0.00  0.00  0.00  0.00  0.00  0.00  0.00  0.00
  0.15  0.14  0.12  0.29  0.58  0.50  0.44  0.48  0.53  0.41  0.57  0.58  0.51  0.35  0.27  0.16  0.19  0.22  0.23  0.24  0.22  0.20  0.31  0.44  0.59  0.84  1.05  1.49  2.23  2.63  2.61  2.54  2.26  1.61  0.92  0.21  0.00  0.00  0.21  0.18  0.22  0.21  0.29  0.44  0.65  1.06  0.00  0.00  0.00  0.00  0.00  0.00  0.00  0.00  0.00  0.00  0.00  0.00  0.00  0.00  0.00  0.00  0.00  0.00
  0.33  0.29  0.26  0.39  0.00  0.52  0.45  0.43  0.49  0.34  0.46  0.42  0.36  0.19  0.16  0.04  0.10  0.16  0.21  0.28  0.30  0.28  0.39  0.56  0.67  0.86  1.01  1.26  1.77  2.44  2.52  2.48  2.23  1.54  0.71  0.10  0.00  0.00  0.19  0.16  0.20  0.20  0.27  0.17  0.27  0.00  0.00  0.00  0.00  0.00  0.00  0.00  0.00  0.00  0.00  0.00  0.00  0.00  0.00  0.00  0.00  0.00  0.00  0.00
  0.39  0.34  0.34  0.46  0.00  0.44  0.38  0.35  0.35  0.21  0.34  0.32  0.27  0.14  0.08  0.00  0.00  0.05  0.10  0.20  0.23  0.27  0.30  0.54  0.53  0.65  0.73  0.94  1.20  1.94  2.20  2.28  2.05  1.44  0.73  0.11  0.00  0.00  0.20  0.17  0.16  0.15  0.23  0.10  0.17  0.00  0.00  0.00  0.00  0.00  0.00  0.00  0.00  0.00  0.00  0.00  0.00  0.00  0.00  0.00  0.00  0.00  0.00  0.00
  0.46  0.40  0.40  0.45  0.43  0.24  0.21  0.16  0.15  0.14  0.15  0.15  0.13  0.05  0.00  0.00  0.00  0.05  0.11  0.22  0.25  0.24  0.19  0.26  0.18  0.20  0.36  0.57  0.88  1.34  1.69  1.70  1.63  1.17  0.71  0.13  0.00  0.00  0.22  0.18  0.18  0.17  0.28  0.12  0.20  0.27  0.00  0.00  0.00  0.00  0.00  0.00  0.00  0.00  0.00  0.00  0.00  0.00  0.00  0.00  0.00  0.00  0.00  0.00
  0.66  0.56  0.51  0.33  0.31  0.08  0.07  0.00  0.08  0.15  0.16  0.14  0.12  0.11  0.06  0.06  0.12  0.19  0.12  0.23  0.26  0.21  0.16  0.26  0.16  0.10  0.11  0.12  0.48  0.72  1.18  1.28  1.33  0.79  0.54  0.14  0.14  0.12  0.11  0.10  0.00  0.00  0.12  0.25  0.37  0.45  0.00  0.00  0.00  0.00  0.00  0.00  0.00  0.00  0.00  0.00  0.00  0.00  0.00  0.00  0.00  0.00  0.00  0.00
  0.67  0.54  0.47  0.24  0.22  0.08  0.07  0.00  0.00  0.08  0.08  0.07  0.06  0.12  0.07  0.07  0.14  0.22  0.14  0.20  0.24  0.20  0.15  0.29  0.24  0.15  0.15  0.16  0.61  0.73  0.96  1.06  1.00  0.35  0.15  0.27  0.26  0.00  0.21  0.23  0.00  0.00  0.00  0.00  0.51  0.59  0.00  0.00  0.00  0.00  0.00  0.00  0.00  0.00  0.00  0.00  0.00  0.00  0.00  0.00  0.00  0.00  0.00  0.00
  0.45  0.35  0.31  0.18  0.15  0.08  0.08  0.00  0.00  0.09  0.09  0.08  0.07  0.14  0.09  0.09  0.19  0.31  0.21  0.20  0.19  0.11  0.00  0.15  0.17  0.20  0.19  0.20  0.76  0.00  1.02  1.07  0.00  0.17  0.14  0.52  0.50  0.54  0.57  0.62  0.14  0.13  0.00  0.37  0.45  0.52  0.00  0.00  0.00  0.00  0.00  0.00  0.00  0.00  0.00  0.00  0.00  0.00  0.00  0.00  0.00  0.00  0.00  0.00
  0.00  0.44  0.31  0.13  0.12  0.00  0.00  0.00  0.00  0.13  0.12  0.10  0.09  0.19  0.12  0.13  0.29  0.34  0.20  0.21  0.22  0.00  0.00  0.00  0.00  0.00  0.00  0.00  0.92  0.98  1.07  1.14  0.95  0.00  0.00  0.55  0.52  0.58  0.64  0.71  0.17  0.17  0.00  0.44  0.55  0.64  0.00  0.00  0.00  0.00  0.00  0.00  0.00  0.00  0.00  0.00  0.00  0.00  0.00  0.00  0.00  0.00  0.00  0.00
  0.00  0.61  0.41  0.17  0.16  0.00  0.00  0.00  0.00  0.00  0.00  0.00  0.00  0.15  0.00  0.00  0.00  0.00  0.00  0.00  0.00  0.00  0.00  0.00  0.00  0.00  0.00  0.00  0.88  1.00  1.05  1.05  0.67  0.00  0.00  0.60  0.57  0.69  0.80  0.91  0.24  0.25  0.00  0.50  0.60  0.70  0.00  0.00  0.00  0.00  0.00  0.00  0.00  0.00  0.00  0.00  0.00  0.00  0.00  0.00  0.00  0.00  0.00  0.00
  0.00  0.00  0.00  0.00  0.00  0.00  0.00  0.00  0.00  0.00  0.00  0.00  0.00  0.00  0.00  0.00  0.00  0.00  0.00  0.00  0.00  0.00  0.00  0.00  0.00  0.00  0.00  0.00  0.00  0.00  0.00  0.00  0.00  0.00  0.00  0.00  0.00  0.00  0.00  0.00  0.00  0.00  0.00  0.00  0.00  0.00  0.00  0.00  0.00  0.00  0.00  0.00  0.00  0.00  0.00  0.00  0.00  0.00  0.00  0.00  0.00  0.00  0.00  0.00
  0.00  0.00  0.00  0.00  0.00  0.00  0.00  0.00  0.00  0.00  0.00  0.00  0.00  0.00  0.00  0.00  0.00  0.00  0.00  0.00  0.00  0.00  0.00  0.00  0.00  0.00  0.00  0.00  0.00  0.00  0.00  0.00  0.00  0.00  0.00  0.00  0.00  0.00  0.00  0.00  0.00  0.00  0.00  0.00  0.00  0.00  0.00  0.00  0.00  0.00  0.00  0.00  0.00  0.00  0.00  0.00  0.00  0.00  0.00  0.00  0.00  0.00  0.00  0.00
  0.00  0.00  0.00  0.00  0.00  0.00  0.00  0.00  0.00  0.00  0.00  0.00  0.00  0.00  0.00  0.00  0.00  0.00  0.00  0.00  0.00  0.00  0.00  0.00  0.00  0.00  0.00  0.00  0.00  0.00  0.00  0.00  0.00  0.00  0.00  0.00  0.00  0.00  0.00  0.00  0.00  0.00  0.00  0.00  0.00  0.00  0.00  0.00  0.00  0.00  0.00  0.00  0.00  0.00  0.00  0.00  0.00  0.00  0.00  0.00  0.00  0.00  0.00  0.00
  0.00  0.00  0.00  0.00  0.00  0.00  0.00  0.00  0.00  0.00  0.00  0.00  0.00  0.00  0.00  0.00  0.00  0.00  0.00  0.00  0.00  0.00  0.00  0.00  0.00  0.00  0.00  0.00  0.00  0.00  0.00  0.00  0.00  0.00  0.00  0.00  0.00  0.00  0.00  0.00  0.00  0.00  0.00  0.00  0.00  0.00  0.00  0.00  0.00  0.00  0.00  0.00  0.00  0.00  0.00  0.00  0.00  0.00  0.00  0.00  0.00  0.00  0.00  0.00
  0.00  0.00  0.00  0.00  0.00  0.00  0.00  0.00  0.00  0.00  0.00  0.00  0.00  0.00  0.00  0.00  0.00  0.00  0.00  0.00  0.00  0.00  0.00  0.00  0.00  0.00  0.00  0.00  0.00  0.00  0.00  0.00  0.00  0.00  0.00  0.00  0.00  0.00  0.00  0.00  0.00  0.00  0.00  0.00  0.00  0.00  0.00  0.00  0.00  0.00  0.00  0.00  0.00  0.00  0.00  0.00  0.00  0.00  0.00  0.00  0.00  0.00  0.00  0.00
  0.00  0.00  0.00  0.00  0.00  0.00  0.00  0.00  0.00  0.00  0.00  0.00  0.00  0.00  0.00  0.00  0.00  0.00  0.00  0.00  0.00  0.00  0.00  0.00  0.00  0.00  0.00  0.00  0.00  0.00  0.00  0.00  0.00  0.00  0.00  0.00  0.00  0.00  0.00  0.00  0.00  0.00  0.00  0.00  0.00  0.00  0.00  0.00  0.00  0.00  0.00  0.00  0.00  0.00  0.00  0.00  0.00  0.00  0.00  0.00  0.00  0.00  0.00  0.00
  0.00  0.00  0.00  0.00  0.00  0.00  0.00  0.00  0.00  0.00  0.00  0.00  0.00  0.00  0.00  0.00  0.00  0.00  0.00  0.00  0.00  0.00  0.00  0.00  0.00  0.00  0.00  0.00  0.00  0.00  0.00  0.00  0.00  0.00  0.00  0.00  0.00  0.00  0.00  0.00  0.00  0.00  0.00  0.00  0.00  0.00  0.00  0.00  0.00  0.00  0.00  0.00  0.00  0.00  0.00  0.00  0.00  0.00  0.00  0.00  0.00  0.00  0.00  0.00
  0.00  0.00  0.00  0.00  0.00  0.00  0.00  0.00  0.00  0.00  0.00  0.00  0.00  0.00  0.00  0.00  0.00  0.00  0.00  0.00  0.00  0.00  0.00  0.00  0.00  0.00  0.00  0.00  0.00  0.00  0.00  0.00  0.00  0.00  0.00  0.00  0.00  0.00  0.00  0.00  0.00  0.00  0.00  0.00  0.00  0.00  0.00  0.00  0.00  0.00  0.00  0.00  0.00  0.00  0.00  0.00  0.00  0.00  0.00  0.00  0.00  0.00  0.00  0.00
  0.00  0.00  0.00  0.00  0.00  0.00  0.00  0.00  0.00  0.00  0.00  0.00  0.00  0.00  0.00  0.00  0.00  0.00  0.00  0.00  0.00  0.00  0.00  0.00  0.00  0.00  0.00  0.00  0.00  0.00  0.00  0.00  0.00  0.00  0.00  0.00  0.00  0.00  0.00  0.00  0.00  0.00  0.00  0.00  0.00  0.00  0.00  0.00  0.00  0.00  0.00  0.00  0.00  0.00  0.00  0.00  0.00  0.00  0.00  0.00  0.00  0.00  0.00  0.00
  0.00  0.00  0.00  0.00  0.00  0.00  0.00  0.00  0.00  0.00  0.00  0.00  0.00  0.00  0.00  0.00  0.00  0.00  0.00  0.00  0.00  0.00  0.00  0.00  0.00  0.00  0.00  0.00  0.00  0.00  0.00  0.00  0.00  0.00  0.00  0.00  0.00  0.00  0.00  0.00  0.00  0.00  0.00  0.00  0.00  0.00  0.00  0.00  0.00  0.00  0.00  0.00  0.00  0.00  0.00  0.00  0.00  0.00  0.00  0.00  0.00  0.00  0.00  0.00
  0.00  0.00  0.00  0.00  0.00  0.00  0.00  0.00  0.00  0.00  0.00  0.00  0.00  0.00  0.00  0.00  0.00  0.00  0.00  0.00  0.00  0.00  0.00  0.00  0.00  0.00  0.00  0.00  0.00  0.00  0.00  0.00  0.00  0.00  0.00  0.00  0.00  0.00  0.00  0.00  0.00  0.00  0.00  0.00  0.00  0.00  0.00  0.00  0.00  0.00  0.00  0.00  0.00  0.00  0.00  0.00  0.00  0.00  0.00  0.00  0.00  0.00  0.00  0.00
  0.00  0.00  0.00  0.00  0.00  0.00  0.00  0.00  0.00  0.00  0.00  0.00  0.00  0.00  0.00  0.00  0.00  0.00  0.00  0.00  0.00  0.00  0.00  0.00  0.00  0.00  0.00  0.00  0.00  0.00  0.00  0.00  0.00  0.00  0.00  0.00  0.00  0.00  0.00  0.00  0.00  0.00  0.00  0.00  0.00  0.00  0.00  0.00  0.00  0.00  0.00  0.00  0.00  0.00  0.00  0.00  0.00  0.00  0.00  0.00  0.00  0.00  0.00  0.00
  0.00  0.00  0.00  0.00  0.00  0.00  0.00  0.00  0.00  0.00  0.00  0.00  0.00  0.00  0.00  0.00  0.00  0.00  0.00  0.00  0.00  0.00  0.00  0.00  0.00  0.00  0.00  0.00  0.00  0.00  0.00  0.00  0.00  0.00  0.00  0.00  0.00  0.00  0.00  0.00  0.00  0.00  0.00  0.00  0.00  0.00  0.00  0.00  0.00  0.00  0.00  0.00  0.00  0.00  0.00  0.00  0.00  0.00  0.00  0.00  0.00  0.00  0.00  0.00
  0.00  0.00  0.00  0.00  0.00  0.00  0.00  0.00  0.00  0.00  0.00  0.00  0.00  0.00  0.00  0.00  0.00  0.00  0.00  0.00  0.00  0.00  0.00  0.00  0.00  0.00  0.00  0.00  0.00  0.00  0.00  0.00  0.00  0.00  0.00  0.00  0.00  0.00  0.00  0.00  0.00  0.00  0.00  0.00  0.00  0.00  0.00  0.00  0.00  0.00  0.00  0.00  0.00  0.00  0.00  0.00  0.00  0.00  0.00  0.00  0.00  0.00  0.00  0.00
  0.00  0.00  0.00  0.00  0.00  0.00  0.00  0.00  0.00  0.00  0.00  0.00  0.00  0.00  0.00  0.00  0.00  0.00  0.00  0.00  0.00  0.00  0.00  0.00  0.00  0.00  0.00  0.00  0.00  0.00  0.00  0.00  0.00  0.00  0.00  0.00  0.00  0.00  0.00  0.00  0.00  0.00  0.00  0.00  0.00  0.00  0.00  0.00  0.00  0.00  0.00  0.00  0.00  0.00  0.00  0.00  0.00  0.00  0.00  0.00  0.00  0.00  0.00  0.00
  0.00  0.00  0.00  0.00  0.00  0.00  0.00  0.00  0.00  0.00  0.00  0.00  0.00  0.00  0.00  0.00  0.00  0.00  0.00  0.00  0.00  0.00  0.00  0.00  0.00  0.00  0.00  0.00  0.00  0.00  0.00  0.00  0.00  0.00  0.00  0.00  0.00  0.00  0.00  0.00  0.00  0.00  0.00  0.00  0.00  0.00  0.00  0.00  0.00  0.00  0.00  0.00  0.00  0.00  0.00  0.00  0.00  0.00  0.00  0.00  0.00  0.00  0.00  0.00
  0.00  0.00  0.00  0.00  0.00  0.00  0.00  0.00  0.00  0.00  0.00  0.00  0.00  0.00  0.00  0.00  0.00  0.00  0.00  0.00  0.00  0.00  0.00  0.00  0.00  0.00  0.00  0.00  0.00  0.00  0.00  0.00  0.00  0.00  0.00  0.00  0.00  0.00  0.00  0.00  0.00  0.00  0.00  0.00  0.00  0.00  0.00  0.00  0.00  0.00  0.00  0.00  0.00  0.00  0.00  0.00  0.00  0.00  0.00  0.00  0.00  0.00  0.00  0.00

 density range (Hz): 0.000000 4.528986