Array Size: 64  64
  0.81  0.73  0.69  0.33  0.19  0.21  0.27  0.24  0.22  0.22  0.23  0.25  0.34  0.58  1.03  1.41  1.52  1.35  1.00  0.68  0.11  0.00  0.11  0.22  0.26  0.40  0.59  0.93  1.13  1.73  1.99  0.00  0.00  0.00  0.00  0.00  0.00  0.00  0.00  0.00  0.00  0.00  0.00  0.00  0.00  0.00  0.00  0.00  0.00  0.00  0.00  0.00  0.00  0.00  0.00  0.00  0.00  0.00  0.00  0.00  0.00  0.00  0.00  0.00
  0.77  0.68  0.63  0.28  0.15  0.17  0.23  0.22  0.21  0.28  0.28  0.29  0.41  0.66  0.91  1.29  1.33  1.17  0.77  0.52  0.07  0.00  0.13  0.22  0.26  0.36  0.51  0.83  1.04  1.44  1.71  2.13  0.00  0.00  0.00  0.00  0.00  0.00  0.00  0.00  0.00  0.00  0.00  0.00  0.00  0.00  0.00  0.00  0.00  0.00  0.00  0.00  0.00  0.00  0.00  0.00  0.00  0.00  0.00  0.00  0.00  0.00  0.00  0.00
  0.72  0.64  0.59  0.24  0.13  0.14  0.20  0.20  0.20  0.29  0.30  0.32  0.44  0.70  0.93  1.27  1.29  1.14  0.77  0.50  0.16  0.35  0.48  0.55  0.55  0.73  0.76  0.93  1.16  1.50  1.66  1.84  2.00  0.00  0.00  0.00  0.00  0.00  0.00  0.00  0.00  0.00  0.00  0.00  0.00  0.00  0.00  0.00  0.00  0.00  0.00  0.00  0.00  0.00  0.00  0.00  0.00  0.00  0.00  0.00  0.00  0.00  0.00  0.00
  0.52  0.43  0.39  0.09  0.09  0.09  0.17  0.18  0.31  0.55  0.59  0.63  0.82  0.87  0.87  1.18  1.08  1.01  0.73  0.39  0.10  0.34  0.45  0.51  0.56  0.83  1.04  1.14  1.35  1.74  1.88  1.79  2.09  0.00  0.00  0.00  0.00  0.00  0.00  0.00  0.00  0.00  0.00  0.00  0.00  0.00  0.00  0.00  0.00  0.00  0.00  0.00  0.00  0.00  0.00  0.00  0.00  0.00  0.00  0.00  0.00  0.00  0.00  0.00
  0.14  0.11  0.14  0.16  0.14  0.09  0.10  0.13  0.20  0.49  0.53  0.56  0.63  0.74  0.61  0.88  0.80  0.79  0.50  0.30  0.10  0.34  0.46  0.55  0.61  0.83  1.01  1.04  1.29  1.57  1.71  1.62  2.04  0.00  0.00  0.00  0.00  0.00  0.00  0.00  0.00  0.00  0.00  0.00  0.00  0.00  0.00  0.00  0.00  0.00  0.00  0.00  0.00  0.00  0.00  0.00  0.00  0.00  0.00  0.00  0.00  0.00  0.00  0.00
  0.18  0.14  0.09  0.06  0.05  0.00  0.04  0.15  0.17  0.47  0.53  0.51  0.69  0.78  0.45  0.57  0.53  0.39  0.20  0.12  0.10  0.34  0.44  0.51  0.56  0.79  1.02  0.98  1.18  1.44  1.52  1.23  1.52  0.00  0.00  0.00  0.00  0.00  0.00  0.00  0.00  0.00  0.00  0.00  0.00  0.00  0.00  0.00  0.00  0.00  0.00  0.00  0.00  0.00  0.00  0.00  0.00  0.00  0.00  0.00  0.00  0.00  0.00  0.00
  0.34  0.25  0.16  0.12  0.10  0.00  0.04  0.12  0.13  0.25  0.33  0.30  0.47  0.53  0.40  0.42  0.39  0.27  0.16  0.07  0.11  0.37  0.43  0.52  0.58  0.80  1.16  1.09  1.21  1.49  1.55  1.16  1.47  0.00  0.00  0.00  0.00  0.00  0.00  0.00  0.00  0.00  0.00  0.00  0.00  0.00  0.00  0.00  0.00  0.00  0.00  0.00  0.00  0.00  0.00  0.00  0.00  0.00  0.00  0.00  0.00  0.00  0.00  0.00
  0.00  0.34  0.21  0.16  0.15  0.04  0.07  0.16  0.16  0.20  0.23  0.22  0.19  0.22  0.08  0.08  0.08  0.00  0.00  0.00  0.00  0.00  0.06  0.19  0.34  0.44  0.93  0.99  1.08  1.35  1.44  1.13  1.28  0.00  0.00  0.00  0.00  0.00  0.00  0.00  0.00  0.00  0.00  0.00  0.00  0.00  0.00  0.00  0.00  0.00  0.00  0.00  0.00  0.00  0.00  0.00  0.00  0.00  0.00  0.00  0.00  0.00  0.00  0.00
  0.99  0.64  0.43  0.30  0.26  0.11  0.13  0.24  0.24  0.25  0.22  0.22  0.16  0.17  0.13  0.13  0.14  0.00  0.00  0.00  0.00  0.00  0.07  0.20  0.33  0.32  0.58  0.70  0.76  0.87  0.99  0.85  0.79  0.00  0.00  0.00  0.00  0.00  0.00  0.00  0.00  0.00  0.00  0.00  0.00  0.00  0.00  0.00  0.00  0.00  0.00  0.00  0.00  0.00  0.00  0.00  0.00  0.00  0.00  0.00  0.00  0.00  0.00  0.00
  0.88  0.71  0.54  0.30  0.27  0.16  0.14  0.21  0.21  0.22  0.18  0.21  0.21  0.22  0.18  0.17  0.13  0.00  0.00  0.00  0.00  0.00  0.06  0.13  0.27  0.27  0.48  0.57  0.62  0.62  0.74  0.60  0.53  0.00  0.00  0.00  0.00  0.00  0.00  0.00  0.00  0.00  0.00  0.00  0.00  0.00  0.00  0.00  0.00  0.00  0.00  0.00  0.00  0.00  0.00  0.00  0.00  0.00  0.00  0.00  0.00  0.00  0.00  0.00
  0.97  0.76  0.64  0.35  0.30  0.19  0.14  0.17  0.18  0.16  0.10  0.15  0.10  0.11  0.11  0.11  0.06  0.00  0.00  0.00  0.00  0.00  0.06  0.12  0.23  0.22  0.38  0.60  0.64  0.65  0.80  0.78  0.54  0.00  0.00  0.00  0.00  0.00  0.00  0.00  0.00  0.00  0.00  0.00  0.00  0.00  0.00  0.00  0.00  0.00  0.00  0.00  0.00  0.00  0.00  0.00  0.00  0.00  0.00  0.00  0.00  0.00  0.00  0.00
  1.15  1.04  0.91  0.59  0.44  0.32  0.19  0.20  0.21  0.22  0.16  0.22  0.15  0.21  0.16  0.16  0.12  0.07  0.00  0.00  0.00  0.00  0.12  0.13  0.20  0.19  0.19  0.16  0.25  0.19  0.25  0.34  0.24  0.00  0.00  0.00  0.00  0.00  0.00  0.00  0.00  0.00  0.00  0.00  0.00  0.00  0.00  0.00  0.00  0.00  0.00  0.00  0.00  0.00  0.00  0.00  0.00  0.00  0.00  0.00  0.00  0.00  0.00  0.00
  1.16  1.24  1.12  0.79  0.55  0.43  0.21  0.19  0.20  0.26  0.18  0.25  0.17  0.30  0.24  0.32  0.49  0.49  0.35  0.43  0.37  0.13  0.17  0.19  0.14  0.20  0.21  0.18  0.27  0.29  0.26  0.37  0.26  0.00  0.00  0.00  0.00  0.00  0.00  0.00  0.00  0.00  0.00  0.00  0.00  0.00  0.00  0.00  0.00  0.00  0.00  0.00  0.00  0.00  0.00  0.00  0.00  0.00  0.00  0.00  0.00  0.00  0.00  0.00
  1.13  1.28  1.25  1.08  0.76  0.57  0.33  0.19  0.10  0.16  0.15  0.21  0.12  0.28  0.20  0.32  0.47  0.52  0.37  0.54  0.50  0.36  0.34  0.36  0.20  0.26  0.20  0.18  0.28  0.32  0.28  0.40  0.00  0.00  0.00  0.00  0.00  0.00  0.00  0.00  0.00  0.00  0.00  0.00  0.00  0.00  0.00  0.00  0.00  0.00  0.00  0.00  0.00  0.00  0.00  0.00  0.00  0.00  0.00  0.00  0.00  0.00  0.00  0.00
  2.43  2.17  1.97  1.63  1.16  0.84  0.65  0.43  0.15  0.21  0.14  0.15  0.06  0.21  0.22  0.51  0.68  0.80  0.72  0.87  0.76  0.78  0.64  0.51  0.31  0.35  0.19  0.16  0.21  0.25  0.18  0.26  0.00  0.00  0.00  0.00  0.00  0.00  0.00  0.00  0.00  0.00  0.00  0.00  0.00  0.00  0.00  0.00  0.00  0.00  0.00  0.00  0.00  0.00  0.00  0.00  0.00  0.00  0.00  0.00  0.00  0.00  0.00  0.00
  2.45  2.33  2.18  1.87  1.46  1.16  0.90  0.65  0.23  0.20  0.19  0.27  0.24  0.42  0.63  0.86  0.92  1.17  1.11  1.16  1.07  1.10  0.74  0.56  0.31  0.37  0.21  0.09  0.13  0.16  0.00  0.00  0.00  0.00  0.00  0.00  0.00  0.00  0.00  0.00  0.00  0.00  0.00  0.00  0.00  0.00  0.00  0.00  0.00  0.00  0.00  0.00  0.00  0.00  0.00  0.00  0.00  0.00  0.00  0.00  0.00  0.00  0.00  0.00
  2.11  2.08  2.22  1.89  1.46  1.15  0.90  0.57  0.25  0.13  0.18  0.26  0.29  0.40  0.80  1.28  1.32  1.81  1.79  1.68  1.47  1.55  0.74  0.55  0.31  0.37  0.14  0.09  0.13  0.15  0.00  0.00  0.00  0.00  0.00  0.00  0.00  0.00  0.00  0.00  0.00  0.00  0.00  0.00  0.00  0.00  0.00  0.00  0.00  0.00  0.00  0.00  0.00  0.00  0.00  0.00  0.00  0.00  0.00  0.00  0.00  0.00  0.00  0.00
  2.18  2.30  2.33  2.00  1.56  1.19  0.88  0.59  0.29  0.17  0.27  0.33  0.58  0.65  1.20  1.67  1.59  2.01  2.03  1.96  1.67  1.81  0.74  0.54  0.25  0.25  0.06  0.00  0.00  0.00  0.00  0.00  0.00  0.00  0.00  0.00  0.00  0.00  0.00  0.00  0.00  0.00  0.00  0.00  0.00  0.00  0.00  0.00  0.00  0.00  0.00  0.00  0.00  0.00  0.00  0.00  0.00  0.00  0.00  0.00  0.00  0.00  0.00  0.00
  2.31  0.00  2.54  2.06  1.53  1.13  0.75  0.46  0.26  0.15  0.31  0.50  0.94  0.95  1.77  2.07  2.05  2.57  2.61  2.24  1.89  1.88  0.71  0.45  0.28  0.28  0.14  0.07  0.11  0.11  0.13  0.00  0.00  0.00  0.00  0.00  0.00  0.00  0.00  0.00  0.00  0.00  0.00  0.00  0.00  0.00  0.00  0.00  0.00  0.00  0.00  0.00  0.00  0.00  0.00  0.00  0.00  0.00  0.00  0.00  0.00  0.00  0.00  0.00
  0.77  1.66  1.87  1.64  1.25  0.94  0.59  0.34  0.25  0.17  0.33  0.54  1.05  1.18  1.85  2.02  2.08  2.49  2.42  2.13  1.85  1.78  0.70  0.52  0.31  0.30  0.22  0.07  0.10  0.10  0.12  0.00  0.00  0.00  0.00  0.00  0.00  0.00  0.00  0.00  0.00  0.00  0.00  0.00  0.00  0.00  0.00  0.00  0.00  0.00  0.00  0.00  0.00  0.00  0.00  0.00  0.00  0.00  0.00  0.00  0.00  0.00  0.00  0.00
  0.00  0.00  1.50  1.26  0.94  0.62  0.31  0.15  0.18  0.18  0.32  0.46  0.84  0.93  1.33  1.51  1.86  2.25  2.26  2.10  1.94  1.74  0.79  0.56  0.39  0.34  0.22  0.07  0.10  0.10  0.12  0.00  0.00  0.00  0.00  0.00  0.00  0.00  0.00  0.00  0.00  0.00  0.00  0.00  0.00  0.00  0.00  0.00  0.00  0.00  0.00  0.00  0.00  0.00  0.00  0.00  0.00  0.00  0.00  0.00  0.00  0.00  0.00  0.00
  0.60  0.00  0.77  0.69  0.63  0.39  0.16  0.21  0.23  0.22  0.34  0.52  0.85  0.91  1.31  1.42  1.71  1.86  1.95  1.74  1.71  1.38  0.81  0.61  0.39  0.30  0.25  0.13  0.17  0.17  0.18  0.00  0.00  0.00  0.00  0.00  0.00  0.00  0.00  0.00  0.00  0.00  0.00  0.00  0.00  0.00  0.00  0.00  0.00  0.00  0.00  0.00  0.00  0.00  0.00  0.00  0.00  0.00  0.00  0.00  0.00  0.00  0.00  0.00
  0.23  0.38  0.27  0.24  0.30  0.22  0.15  0.15  0.18  0.17  0.26  0.44  0.71  0.76  1.02  1.02  1.11  1.13  1.32  1.09  1.18  1.05  0.83  0.57  0.48  0.47  0.40  0.32  0.39  0.34  0.19  0.00  0.00  0.00  0.00  0.00  0.00  0.00  0.00  0.00  0.00  0.00  0.00  0.00  0.00  0.00  0.00  0.00  0.00  0.00  0.00  0.00  0.00  0.00  0.00  0.00  0.00  0.00  0.00  0.00  0.00  0.00  0.00  0.00
  0.19  0.11  0.15  0.14  0.16  0.16  0.19  0.16  0.16  0.15  0.22  0.30  0.52  0.64  0.74  0.71  0.71  0.58  0.65  0.67  0.83  0.83  0.82  0.60  0.47  0.44  0.39  0.31  0.33  0.27  0.23  0.17  0.27  0.00  0.00  0.00  0.00  0.00  0.00  0.00  0.00  0.00  0.00  0.00  0.00  0.00  0.00  0.00  0.00  0.00  0.00  0.00  0.00  0.00  0.00  0.00  0.00  0.00  0.00  0.00  0.00  0.00  0.00  0.00
  0.23  0.13  0.16  0.12  0.19  0.18  0.23  0.20  0.20  0.16  0.25  0.30  0.41  0.44  0.55  0.44  0.42  0.41  0.52  0.42  0.51  0.47  0.44  0.30  0.28  0.32  0.33  0.32  0.33  0.25  0.20  0.15  0.23  0.00  0.00  0.00  0.00  0.00  0.00  0.00  0.00  0.00  0.00  0.00  0.00  0.00  0.00  0.00  0.00  0.00  0.00  0.00  0.00  0.00  0.00  0.00  0.00  0.00  0.00  0.00  0.00  0.00  0.00  0.00
  0.47  0.27  0.22  0.17  0.26  0.21  0.25  0.22  0.23  0.14  0.21  0.24  0.38  0.43  0.59  0.49  0.38  0.29  0.32  0.25  0.27  0.28  0.28  0.21  0.13  0.23  0.30  0.44  0.44  0.39  0.37  0.42  0.23  0.00  0.00  0.00  0.00  0.00  0.00  0.00  0.00  0.00  0.00  0.00  0.00  0.00  0.00  0.00  0.00  0.00  0.00  0.00  0.00  0.00  0.00  0.00  0.00  0.00  0.00  0.00  0.00  0.00  0.00  0.00
  0.35  0.25  0.22  0.22  0.26  0.25  0.29  0.25  0.24  0.20  0.21  0.14  0.12  0.21  0.20  0.11  0.10  0.09  0.10  0.18  0.16  0.17  0.19  0.10  0.06  0.21  0.29  0.42  0.50  0.49  0.50  0.56  0.47  0.00  0.00  0.00  0.00  0.00  0.00  0.00  0.00  0.00  0.00  0.00  0.00  0.00  0.00  0.00  0.00  0.00  0.00  0.00  0.00  0.00  0.00  0.00  0.00  0.00  0.00  0.00  0.00  0.00  0.00  0.00
  0.00  0.26  0.30  0.33  0.46  0.42  0.43  0.37  0.37  0.25  0.23  0.17  0.14  0.14  0.15  0.12  0.06  0.05  0.05  0.14  0.17  0.17  0.18  0.15  0.06  0.00  0.14  0.27  0.41  0.45  0.60  0.62  0.00  0.00  0.00  0.00  0.00  0.00  0.00  0.00  0.00  0.00  0.00  0.00  0.00  0.00  0.00  0.00  0.00  0.00  0.00  0.00  0.00  0.00  0.00  0.00  0.00  0.00  0.00  0.00  0.00  0.00  0.00  0.00
  0.12  0.10  0.23  0.30  0.61  0.58  0.61  0.54  0.54  0.32  0.27  0.17  0.12  0.08  0.09  0.06  0.00  0.00  0.00  0.05  0.09  0.09  0.09  0.15  0.10  0.06  0.19  0.30  0.35  0.40  0.45  0.41  0.00  0.00  0.00  0.00  0.00  0.00  0.00  0.00  0.00  0.00  0.00  0.00  0.00  0.00  0.00  0.00  0.00  0.00  0.00  0.00  0.00  0.00  0.00  0.00  0.00  0.00  0.00  0.00  0.00  0.00  0.00  0.00
  0.11  0.17  0.32  0.54  0.79  0.81  0.75  0.66  0.56  0.37  0.26  0.19  0.11  0.08  0.04  0.06  0.00  0.00  0.00  0.06  0.10  0.14  0.21  0.29  0.21  0.17  0.24  0.29  0.32  0.40  0.45  0.40  0.00  0.00  0.00  0.00  0.00  0.00  0.00  0.00  0.00  0.00  0.00  0.00  0.00  0.00  0.00  0.00  0.00  0.00  0.00  0.00  0.00  0.00  0.00  0.00  0.00  0.00  0.00  0.00  0.00  0.00  0.00  0.00
  0.00  0.08  0.37  0.60  0.91  1.00  0.91  0.76  0.64  0.40  0.29  0.23  0.13  0.10  0.09  0.06  0.15  0.21  0.24  0.23  0.38  0.41  0.46  0.58  0.50  0.37  0.32  0.23  0.21  0.27  0.30  0.20  0.35  0.00  0.00  0.00  0.00  0.00  0.00  0.00  0.00  0.00  0.00  0.00  0.00  0.00  0.00  0.00  0.00  0.00  0.00  0.00  0.00  0.00  0.00  0.00  0.00  0.00  0.00  0.00  0.00  0.00  0.00  0.00
  0.22  0.25  0.54  0.75  1.13  1.25  1.19  1.12  1.04  0.66  0.45  0.38  0.25  0.14  0.14  0.12  0.22  0.29  0.32  0.42  0.59  0.56  0.64  0.79  0.59  0.46  0.34  0.19  0.11  0.13  0.14  0.09  0.14  0.00  0.00  0.00  0.00  0.00  0.00  0.00  0.00  0.00  0.00  0.00  0.00  0.00  0.00  0.00  0.00  0.00  0.00  0.00  0.00  0.00  0.00  0.00  0.00  0.00  0.00  0.00  0.00  0.00  0.00  0.00
  0.22  0.32  0.53  0.74  1.08  1.30  1.32  1.47  1.33  0.94  0.66  0.51  0.22  0.12  0.10  0.06  0.22  0.29  0.33  0.46  0.79  0.83  0.95  1.19  0.91  0.60  0.44  0.28  0.06  0.07  0.07  0.00  0.00  0.00  0.00  0.00  0.00  0.00  0.00  0.00  0.00  0.00  0.00  0.00  0.00  0.00  0.00  0.00  0.00  0.00  0.00  0.00  0.00  0.00  0.00  0.00  0.00  0.00  0.00  0.00  0.00  0.00  0.00  0.00
  0.33  0.45  0.63  1.08  1.27  1.52  1.55  1.64  1.33  1.04  0.74  0.57  0.27  0.13  0.11  0.06  0.23  0.30  0.38  0.50  0.90  0.92  1.09  1.22  1.03  0.71  0.55  0.31  0.14  0.17  0.07  0.00  0.00  0.00  0.00  0.00  0.00  0.00  0.00  0.00  0.00  0.00  0.00  0.00  0.00  0.00  0.00  0.00  0.00  0.00  0.00  0.00  0.00  0.00  0.00  0.00  0.00  0.00  0.00  0.00  0.00  0.00  0.00  0.00
  0.38  0.40  0.55  0.87  1.07  1.30  1.42  1.47  1.28  1.02  0.74  0.52  0.26  0.10  0.12  0.06  0.24  0.30  0.49  0.59  1.06  1.14  1.32  1.58  1.52  1.17  0.98  0.73  0.40  0.37  0.24  0.20  0.26  0.00  0.00  0.00  0.00  0.00  0.00  0.00  0.00  0.00  0.00  0.00  0.00  0.00  0.00  0.00  0.00  0.00  0.00  0.00  0.00  0.00  0.00  0.00  0.00  0.00  0.00  0.00  0.00  0.00  0.00  0.00
  0.42  0.45  0.42  0.87  1.03  1.22  1.34  1.37  1.17  1.04  0.76  0.50  0.27  0.06  0.06  0.06  0.12  0.12  0.29  0.43  0.90  1.05  1.32  1.75  1.82  1.64  1.54  1.30  0.74  0.37  0.23  0.20  0.24  0.00  0.00  0.00  0.00  0.00  0.00  0.00  0.00  0.00  0.00  0.00  0.00  0.00  0.00  0.00  0.00  0.00  0.00  0.00  0.00  0.00  0.00  0.00  0.00  0.00  0.00  0.00  0.00  0.00  0.00  0.00
  0.00  0.17  0.12  0.49  0.69  0.92  0.99  1.00  0.85  0.77  0.57  0.31  0.17  0.00  0.00  0.00  0.06  0.20  0.39  0.49  1.00  1.26  1.47  1.83  2.04  1.94  1.83  1.65  1.21  0.64  0.34  0.32  0.27  0.00  0.00  0.00  0.00  0.00  0.00  0.00  0.00  0.00  0.00  0.00  0.00  0.00  0.00  0.00  0.00  0.00  0.00  0.00  0.00  0.00  0.00  0.00  0.00  0.00  0.00  0.00  0.00  0.00  0.00  0.00
  0.00  0.19  0.13  0.53  0.64  0.75  0.77  0.70  0.59  0.54  0.36  0.20  0.20  0.06  0.06  0.07  0.08  0.26  0.47  0.51  0.85  1.05  1.24  1.53  1.87  1.97  1.84  1.61  1.23  0.51  0.29  0.36  0.34  0.00  0.00  0.00  0.00  0.00  0.00  0.00  0.00  0.00  0.00  0.00  0.00  0.00  0.00  0.00  0.00  0.00  0.00  0.00  0.00  0.00  0.00  0.00  0.00  0.00  0.00  0.00  0.00  0.00  0.00  0.00
  0.00  0.21  0.14  0.31  0.36  0.47  0.45  0.41  0.41  0.41  0.26  0.21  0.22  0.17  0.16  0.18  0.21  0.34  0.34  0.43  0.62  0.81  1.12  1.63  2.02  2.32  2.15  1.72  1.20  0.47  0.25  0.29  0.26  0.00  0.00  0.00  0.00  0.00  0.00  0.00  0.00  0.00  0.00  0.00  0.00  0.00  0.00  0.00  0.00  0.00  0.00  0.00  0.00  0.00  0.00  0.00  0.00  0.00  0.00  0.00  0.00  0.00  0.00  0.00
  0.00  0.16  0.12  0.20  0.30  0.32  0.30  0.27  0.33  0.31  0.25  0.22  0.21  0.15  0.15  0.16  0.23  0.35  0.36  0.59  0.68  0.75  1.01  1.36  1.58  2.05  2.01  1.56  1.05  0.35  0.14  0.15  0.10  0.00  0.00  0.00  0.00  0.00  0.00  0.00  0.00  0.00  0.00  0.00  0.00  0.00  0.00  0.00  0.00  0.00  0.00  0.00  0.00  0.00  0.00  0.00  0.00  0.00  0.00  0.00  0.00  0.00  0.00  0.00
  0.00  0.13  0.10  0.19  0.15  0.18  0.11  0.10  0.14  0.20  0.16  0.18  0.18  0.14  0.23  0.24  0.32  0.47  0.50  0.63  0.65  0.65  0.90  0.99  1.03  1.37  1.45  0.88  0.77  0.44  0.24  0.14  0.09  0.00  0.00  0.00  0.00  0.00  0.00  0.00  0.00  0.00  0.00  0.00  0.00  0.00  0.00  0.00  0.00  0.00  0.00  0.00  0.00  0.00  0.00  0.00  0.00  0.00  0.00  0.00  0.00  0.00  0.00  0.00
  0.00  0.09  0.07  0.14  0.12  0.12  0.06  0.05  0.00  0.06  0.07  0.11  0.10  0.14  0.22  0.23  0.28  0.37  0.41  0.50  0.51  0.46  0.71  0.76  0.65  0.82  0.87  0.42  0.38  0.26  0.17  0.07  0.10  0.00  0.00  0.00  0.00  0.00  0.00  0.00  0.00  0.00  0.00  0.00  0.00  0.00  0.00  0.00  0.00  0.00  0.00  0.00  0.00  0.00  0.00  0.00  0.00  0.00  0.00  0.00  0.00  0.00  0.00  0.00
  0.19  0.16  0.13  0.18  0.13  0.19  0.31  0.34  0.31  0.27  0.20  0.12  0.05  0.10  0.18  0.18  0.23  0.30  0.34  0.42  0.43  0.47  0.70  0.76  0.59  0.69  0.62  0.27  0.25  0.26  0.17  0.08  0.10  0.00  0.00  0.00  0.00  0.00  0.00  0.00  0.00  0.00  0.00  0.00  0.00  0.00  0.00  0.00  0.00  0.00  0.00  0.00  0.00  0.00  0.00  0.00  0.00  0.00  0.00  0.00  0.00  0.00  0.00  0.00
  0.18  0.15  0.13  0.18  0.13  0.19  0.32  0.48  0.43  0.37  0.33  0.18  0.00  0.05  0.14  0.14  0.18  0.27  0.35  0.41  0.40  0.49  0.60  0.56  0.44  0.47  0.42  0.21  0.20  0.22  0.19  0.08  0.11  0.00  0.00  0.00  0.00  0.00  0.00  0.00  0.00  0.00  0.00  0.00  0.00  0.00  0.00  0.00  0.00  0.00  0.00  0.00  0.00  0.00  0.00  0.00  0.00  0.00  0.00  0.00  0.00  0.00  0.00  0.00
  0.17  0.14  0.13  0.18  0.15  0.23  0.38  0.56  0.48  0.41  0.36  0.20  0.00  0.05  0.16  0.16  0.16  0.27  0.25  0.13  0.17  0.31  0.41  0.42  0.47  0.45  0.38  0.15  0.15  0.18  0.16  0.00  0.00  0.00  0.00  0.00  0.00  0.00  0.00  0.00  0.00  0.00  0.00  0.00  0.00  0.00  0.00  0.00  0.00  0.00  0.00  0.00  0.00  0.00  0.00  0.00  0.00  0.00  0.00  0.00  0.00  0.00  0.00  0.00
  0.00  0.17  0.15  0.14  0.09  0.21  0.43  0.73  0.72  0.58  0.51  0.27  0.00  0.08  0.07  0.07  0.07  0.14  0.08  0.07  0.14  0.29  0.39  0.42  0.49  0.47  0.21  0.00  0.00  0.00  0.00  0.00  0.00  0.00  0.00  0.00  0.00  0.00  0.00  0.00  0.00  0.00  0.00  0.00  0.00  0.00  0.00  0.00  0.00  0.00  0.00  0.00  0.00  0.00  0.00  0.00  0.00  0.00  0.00  0.00  0.00  0.00  0.00  0.00
  0.29  0.25  0.24  0.00  0.00  0.00  0.00  1.04  0.96  0.74  0.64  0.36  0.00  0.10  0.11  0.11  0.10  0.10  0.00  0.00  0.09  0.29  0.40  0.44  0.53  0.53  0.19  0.00  0.00  0.00  0.00  0.00  0.00  0.00  0.00  0.00  0.00  0.00  0.00  0.00  0.00  0.00  0.00  0.00  0.00  0.00  0.00  0.00  0.00  0.00  0.00  0.00  0.00  0.00  0.00  0.00  0.00  0.00  0.00  0.00  0.00  0.00  0.00  0.00
  0.00  0.00  0.00  0.00  0.00  0.00  0.00  0.00  0.00  0.00  0.00  0.00  0.00  0.00  0.00  0.00  0.00  0.00  0.00  0.00  0.00  0.00  0.00  0.00  0.00  0.00  0.00  0.00  0.00  0.00  0.00  0.00  0.00  0.00  0.00  0.00  0.00  0.00  0.00  0.00  0.00  0.00  0.00  0.00  0.00  0.00  0.00  0.00  0.00  0.00  0.00  0.00  0.00  0.00  0.00  0.00  0.00  0.00  0.00  0.00  0.00  0.00  0.00  0.00
  0.00  0.00  0.00  0.00  0.00  0.00  0.00  0.00  0.00  0.00  0.00  0.00  0.00  0.00  0.00  0.00  0.00  0.00  0.00  0.00  0.00  0.00  0.00  0.00  0.00  0.00  0.00  0.00  0.00  0.00  0.00  0.00  0.00  0.00  0.00  0.00  0.00  0.00  0.00  0.00  0.00  0.00  0.00  0.00  0.00  0.00  0.00  0.00  0.00  0.00  0.00  0.00  0.00  0.00  0.00  0.00  0.00  0.00  0.00  0.00  0.00  0.00  0.00  0.00
  0.00  0.00  0.00  0.00  0.00  0.00  0.00  0.00  0.00  0.00  0.00  0.00  0.00  0.00  0.00  0.00  0.00  0.00  0.00  0.00  0.00  0.00  0.00  0.00  0.00  0.00  0.00  0.00  0.00  0.00  0.00  0.00  0.00  0.00  0.00  0.00  0.00  0.00  0.00  0.00  0.00  0.00  0.00  0.00  0.00  0.00  0.00  0.00  0.00  0.00  0.00  0.00  0.00  0.00  0.00  0.00  0.00  0.00  0.00  0.00  0.00  0.00  0.00  0.00
  0.00  0.00  0.00  0.00  0.00  0.00  0.00  0.00  0.00  0.00  0.00  0.00  0.00  0.00  0.00  0.00  0.00  0.00  0.00  0.00  0.00  0.00  0.00  0.00  0.00  0.00  0.00  0.00  0.00  0.00  0.00  0.00  0.00  0.00  0.00  0.00  0.00  0.00  0.00  0.00  0.00  0.00  0.00  0.00  0.00  0.00  0.00  0.00  0.00  0.00  0.00  0.00  0.00  0.00  0.00  0.00  0.00  0.00  0.00  0.00  0.00  0.00  0.00  0.00
  0.00  0.00  0.00  0.00  0.00  0.00  0.00  0.00  0.00  0.00  0.00  0.00  0.00  0.00  0.00  0.00  0.00  0.00  0.00  0.00  0.00  0.00  0.00  0.00  0.00  0.00  0.00  0.00  0.00  0.00  0.00  0.00  0.00  0.00  0.00  0.00  0.00  0.00  0.00  0.00  0.00  0.00  0.00  0.00  0.00  0.00  0.00  0.00  0.00  0.00  0.00  0.00  0.00  0.00  0.00  0.00  0.00  0.00  0.00  0.00  0.00  0.00  0.00  0.00
  0.00  0.00  0.00  0.00  0.00  0.00  0.00  0.00  0.00  0.00  0.00  0.00  0.00  0.00  0.00  0.00  0.00  0.00  0.00  0.00  0.00  0.00  0.00  0.00  0.00  0.00  0.00  0.00  0.00  0.00  0.00  0.00  0.00  0.00  0.00  0.00  0.00  0.00  0.00  0.00  0.00  0.00  0.00  0.00  0.00  0.00  0.00  0.00  0.00  0.00  0.00  0.00  0.00  0.00  0.00  0.00  0.00  0.00  0.00  0.00  0.00  0.00  0.00  0.00
  0.00  0.00  0.00  0.00  0.00  0.00  0.00  0.00  0.00  0.00  0.00  0.00  0.00  0.00  0.00  0.00  0.00  0.00  0.00  0.00  0.00  0.00  0.00  0.00  0.00  0.00  0.00  0.00  0.00  0.00  0.00  0.00  0.00  0.00  0.00  0.00  0.00  0.00  0.00  0.00  0.00  0.00  0.00  0.00  0.00  0.00  0.00  0.00  0.00  0.00  0.00  0.00  0.00  0.00  0.00  0.00  0.00  0.00  0.00  0.00  0.00  0.00  0.00  0.00
  0.00  0.00  0.00  0.00  0.00  0.00  0.00  0.00  0.00  0.00  0.00  0.00  0.00  0.00  0.00  0.00  0.00  0.00  0.00  0.00  0.00  0.00  0.00  0.00  0.00  0.00  0.00  0.00  0.00  0.00  0.00  0.00  0.00  0.00  0.00  0.00  0.00  0.00  0.00  0.00  0.00  0.00  0.00  0.00  0.00  0.00  0.00  0.00  0.00  0.00  0.00  0.00  0.00  0.00  0.00  0.00  0.00  0.00  0.00  0.00  0.00  0.00  0.00  0.00
  0.00  0.00  0.00  0.00  0.00  0.00  0.00  0.00  0.00  0.00  0.00  0.00  0.00  0.00  0.00  0.00  0.00  0.00  0.00  0.00  0.00  0.00  0.00  0.00  0.00  0.00  0.00  0.00  0.00  0.00  0.00  0.00  0.00  0.00  0.00  0.00  0.00  0.00  0.00  0.00  0.00  0.00  0.00  0.00  0.00  0.00  0.00  0.00  0.00  0.00  0.00  0.00  0.00  0.00  0.00  0.00  0.00  0.00  0.00  0.00  0.00  0.00  0.00  0.00
  0.00  0.00  0.00  0.00  0.00  0.00  0.00  0.00  0.00  0.00  0.00  0.00  0.00  0.00  0.00  0.00  0.00  0.00  0.00  0.00  0.00  0.00  0.00  0.00  0.00  0.00  0.00  0.00  0.00  0.00  0.00  0.00  0.00  0.00  0.00  0.00  0.00  0.00  0.00  0.00  0.00  0.00  0.00  0.00  0.00  0.00  0.00  0.00  0.00  0.00  0.00  0.00  0.00  0.00  0.00  0.00  0.00  0.00  0.00  0.00  0.00  0.00  0.00  0.00
  0.00  0.00  0.00  0.00  0.00  0.00  0.00  0.00  0.00  0.00  0.00  0.00  0.00  0.00  0.00  0.00  0.00  0.00  0.00  0.00  0.00  0.00  0.00  0.00  0.00  0.00  0.00  0.00  0.00  0.00  0.00  0.00  0.00  0.00  0.00  0.00  0.00  0.00  0.00  0.00  0.00  0.00  0.00  0.00  0.00  0.00  0.00  0.00  0.00  0.00  0.00  0.00  0.00  0.00  0.00  0.00  0.00  0.00  0.00  0.00  0.00  0.00  0.00  0.00
  0.00  0.00  0.00  0.00  0.00  0.00  0.00  0.00  0.00  0.00  0.00  0.00  0.00  0.00  0.00  0.00  0.00  0.00  0.00  0.00  0.00  0.00  0.00  0.00  0.00  0.00  0.00  0.00  0.00  0.00  0.00  0.00  0.00  0.00  0.00  0.00  0.00  0.00  0.00  0.00  0.00  0.00  0.00  0.00  0.00  0.00  0.00  0.00  0.00  0.00  0.00  0.00  0.00  0.00  0.00  0.00  0.00  0.00  0.00  0.00  0.00  0.00  0.00  0.00
  0.00  0.00  0.00  0.00  0.00  0.00  0.00  0.00  0.00  0.00  0.00  0.00  0.00  0.00  0.00  0.00  0.00  0.00  0.00  0.00  0.00  0.00  0.00  0.00  0.00  0.00  0.00  0.00  0.00  0.00  0.00  0.00  0.00  0.00  0.00  0.00  0.00  0.00  0.00  0.00  0.00  0.00  0.00  0.00  0.00  0.00  0.00  0.00  0.00  0.00  0.00  0.00  0.00  0.00  0.00  0.00  0.00  0.00  0.00  0.00  0.00  0.00  0.00  0.00
  0.00  0.00  0.00  0.00  0.00  0.00  0.00  0.00  0.00  0.00  0.00  0.00  0.00  0.00  0.00  0.00  0.00  0.00  0.00  0.00  0.00  0.00  0.00  0.00  0.00  0.00  0.00  0.00  0.00  0.00  0.00  0.00  0.00  0.00  0.00  0.00  0.00  0.00  0.00  0.00  0.00  0.00  0.00  0.00  0.00  0.00  0.00  0.00  0.00  0.00  0.00  0.00  0.00  0.00  0.00  0.00  0.00  0.00  0.00  0.00  0.00  0.00  0.00  0.00
  0.00  0.00  0.00  0.00  0.00  0.00  0.00  0.00  0.00  0.00  0.00  0.00  0.00  0.00  0.00  0.00  0.00  0.00  0.00  0.00  0.00  0.00  0.00  0.00  0.00  0.00  0.00  0.00  0.00  0.00  0.00  0.00  0.00  0.00  0.00  0.00  0.00  0.00  0.00  0.00  0.00  0.00  0.00  0.00  0.00  0.00  0.00  0.00  0.00  0.00  0.00  0.00  0.00  0.00  0.00  0.00  0.00  0.00  0.00  0.00  0.00  0.00  0.00  0.00
  0.00  0.00  0.00  0.00  0.00  0.00  0.00  0.00  0.00  0.00  0.00  0.00  0.00  0.00  0.00  0.00  0.00  0.00  0.00  0.00  0.00  0.00  0.00  0.00  0.00  0.00  0.00  0.00  0.00  0.00  0.00  0.00  0.00  0.00  0.00  0.00  0.00  0.00  0.00  0.00  0.00  0.00  0.00  0.00  0.00  0.00  0.00  0.00  0.00  0.00  0.00  0.00  0.00  0.00  0.00  0.00  0.00  0.00  0.00  0.00  0.00  0.00  0.00  0.00
  0.00  0.00  0.00  0.00  0.00  0.00  0.00  0.00  0.00  0.00  0.00  0.00  0.00  0.00  0.00  0.00  0.00  0.00  0.00  0.00  0.00  0.00  0.00  0.00  0.00  0.00  0.00  0.00  0.00  0.00  0.00  0.00  0.00  0.00  0.00  0.00  0.00  0.00  0.00  0.00  0.00  0.00  0.00  0.00  0.00  0.00  0.00  0.00  0.00  0.00  0.00  0.00  0.00  0.00  0.00  0.00  0.00  0.00  0.00  0.00  0.00  0.00  0.00  0.00

 density range (Hz): 0.000000 2.610619