Array Size: 64  64
  0.00  0.34  0.60  0.69  0.60  0.59  0.55  0.65  0.38  0.35  0.34  0.49  0.15  0.14  0.14  0.14  0.00  0.00  0.00  0.00  0.00  0.00  0.00  0.00  0.00  0.00  0.19  0.16  0.14  0.56  0.71  0.94  1.01  1.65  1.95  1.83  1.64  0.00  0.00  0.00  0.00  0.00  0.00  0.00  0.00  0.00  0.00  0.00  0.00  0.00  0.00  0.00  0.00  0.00  0.00  0.00  0.00  0.00  0.00  0.00  0.00  0.00  0.00  0.00
  0.00  0.00  1.13  1.03  0.75  0.69  0.53  0.41  0.21  0.22  0.21  0.30  0.09  0.09  0.10  0.10  0.00  0.00  0.00  0.00  0.00  0.00  0.00  0.00  0.00  0.15  0.15  0.14  0.13  0.60  0.72  1.16  1.33  1.74  1.82  1.77  1.43  0.00  1.09  0.28  0.30  0.33  0.38  0.00  0.00  0.00  0.00  0.00  0.00  0.00  0.00  0.00  0.00  0.00  0.00  0.00  0.00  0.00  0.00  0.00  0.00  0.00  0.00  0.00
  0.00  1.01  1.35  1.08  0.88  0.80  0.64  0.37  0.25  0.17  0.16  0.23  0.07  0.07  0.08  0.08  0.00  0.00  0.00  0.00  0.00  0.00  0.00  0.00  0.00  0.11  0.12  0.11  0.10  0.45  0.54  0.90  1.06  1.43  1.67  1.60  1.26  1.26  1.09  0.36  0.39  0.45  0.26  0.00  0.00  0.00  0.00  0.00  0.00  0.00  0.00  0.00  0.00  0.00  0.00  0.00  0.00  0.00  0.00  0.00  0.00  0.00  0.00  0.00
  0.00  1.66  0.00  1.81  1.70  1.44  1.20  0.87  0.63  0.26  0.25  0.30  0.11  0.06  0.06  0.07  0.07  0.07  0.07  0.08  0.08  0.00  0.00  0.00  0.00  0.13  0.15  0.16  0.13  0.49  0.50  0.77  0.86  1.18  1.31  1.31  0.91  0.90  0.69  0.26  0.28  0.33  0.19  0.00  0.00  0.00  0.00  0.00  0.00  0.00  0.00  0.00  0.00  0.00  0.00  0.00  0.00  0.00  0.00  0.00  0.00  0.00  0.00  0.00
  0.00  2.41  2.75  2.50  2.38  2.09  1.67  1.12  0.67  0.24  0.17  0.16  0.05  0.00  0.00  0.00  0.08  0.07  0.08  0.08  0.08  0.00  0.00  0.00  0.00  0.00  0.00  0.00  0.00  0.33  0.40  0.64  0.73  0.97  1.08  1.30  0.97  0.93  0.69  0.33  0.12  0.14  0.16  0.17  0.13  0.10  0.11  0.00  0.00  0.00  0.00  0.00  0.00  0.00  0.00  0.00  0.00  0.00  0.00  0.00  0.00  0.00  0.00  0.00
  2.52  3.33  3.58  3.24  2.92  2.70  2.07  1.35  0.82  0.43  0.17  0.11  0.05  0.00  0.00  0.00  0.08  0.08  0.09  0.09  0.09  0.00  0.00  0.00  0.10  0.10  0.09  0.08  0.07  0.07  0.06  0.28  0.40  0.49  0.58  0.87  0.62  0.51  0.48  0.31  0.11  0.12  0.14  0.14  0.12  0.09  0.10  0.00  0.00  0.00  0.00  0.00  0.00  0.00  0.00  0.00  0.00  0.00  0.00  0.00  0.00  0.00  0.00  0.00
  3.01  3.66  4.07  3.76  3.69  3.49  2.85  2.14  1.45  0.65  0.31  0.24  0.06  0.00  0.00  0.00  0.08  0.09  0.10  0.11  0.20  0.10  0.11  0.12  0.21  0.11  0.09  0.08  0.06  0.00  0.00  0.05  0.11  0.12  0.21  0.44  0.38  0.38  0.39  0.29  0.10  0.12  0.14  0.16  0.13  0.10  0.11  0.00  0.00  0.00  0.00  0.00  0.00  0.00  0.00  0.00  0.00  0.00  0.00  0.00  0.00  0.00  0.00  0.00
  3.46  3.92  4.22  3.95  3.86  3.69  3.04  2.36  1.53  0.69  0.35  0.22  0.05  0.00  0.00  0.00  0.14  0.14  0.15  0.17  0.47  0.39  0.46  0.47  0.52  0.11  0.09  0.08  0.06  0.00  0.05  0.10  0.14  0.20  0.22  0.35  0.34  0.27  0.19  0.20  0.00  0.00  0.15  0.16  0.12  0.09  0.10  0.00  0.00  0.00  0.00  0.00  0.00  0.00  0.00  0.00  0.00  0.00  0.00  0.00  0.00  0.00  0.00  0.00
  4.05  4.51  4.38  4.08  3.61  3.43  2.70  2.09  1.19  0.68  0.34  0.11  0.00  0.00  0.00  0.00  0.13  0.20  0.27  0.28  0.71  0.84  0.96  0.97  1.04  0.60  0.36  0.26  0.15  0.05  0.04  0.08  0.12  0.19  0.25  0.36  0.38  0.33  0.25  0.20  0.00  0.00  0.15  0.18  0.12  0.09  0.09  0.00  0.00  0.00  0.00  0.00  0.00  0.00  0.00  0.00  0.00  0.00  0.00  0.00  0.00  0.00  0.00  0.00
  4.33  0.00  3.68  3.64  3.43  3.16  2.60  2.30  1.40  0.69  0.35  0.11  0.00  0.00  0.00  0.00  0.12  0.18  0.43  0.58  1.11  1.54  1.83  1.77  1.71  1.38  0.85  0.55  0.22  0.05  0.05  0.05  0.05  0.11  0.17  0.13  0.15  0.24  0.16  0.10  0.11  0.13  0.00  0.00  0.14  0.27  0.26  0.28  0.00  0.00  0.00  0.00  0.00  0.00  0.00  0.00  0.00  0.00  0.00  0.00  0.00  0.00  0.00  0.00
  3.56  2.95  2.65  2.75  2.77  2.41  2.13  1.96  1.17  0.42  0.28  0.11  0.05  0.11  0.11  0.11  0.22  0.22  0.44  0.66  1.18  1.73  1.97  1.87  1.78  1.44  0.94  0.63  0.27  0.13  0.13  0.05  0.05  0.12  0.18  0.25  0.29  0.41  0.33  0.29  0.12  0.32  0.19  0.27  0.36  0.41  0.29  0.31  0.34  0.33  0.00  0.00  0.00  0.00  0.00  0.00  0.00  0.00  0.00  0.00  0.00  0.00  0.00  0.00
  3.10  2.40  2.05  2.08  2.07  1.77  1.59  1.43  0.91  0.35  0.17  0.00  0.04  0.09  0.08  0.09  0.19  0.24  0.48  0.68  1.18  1.66  2.01  1.87  1.83  1.43  0.96  0.60  0.26  0.13  0.13  0.06  0.06  0.19  0.25  0.32  0.44  0.51  0.46  0.51  0.42  0.70  0.00  1.35  1.60  1.33  1.18  1.31  1.10  0.00  0.00  0.00  0.00  0.00  0.00  0.00  0.00  0.00  0.00  0.00  0.00  0.00  0.00  0.00
  0.00  2.08  1.64  1.77  1.72  1.46  1.30  1.27  0.81  0.37  0.19  0.00  0.04  0.09  0.08  0.08  0.14  0.24  0.59  0.93  1.37  1.70  1.94  1.68  1.54  1.20  0.87  0.59  0.34  0.18  0.13  0.00  0.00  0.08  0.15  0.36  0.67  0.70  0.70  0.75  0.70  0.72  1.00  1.59  1.92  1.55  1.59  1.61  0.00  0.00  0.00  0.00  0.00  0.00  0.00  0.00  0.00  0.00  0.00  0.00  0.00  0.00  0.00  0.00
  0.00  1.78  1.46  1.57  1.61  1.35  1.14  0.93  0.63  0.23  0.06  0.00  0.04  0.06  0.06  0.06  0.07  0.13  0.47  0.91  1.30  1.67  1.85  1.58  1.32  1.01  0.73  0.53  0.33  0.21  0.17  0.00  0.00  0.08  0.08  0.27  0.57  0.61  0.69  0.78  0.72  0.75  1.29  1.91  2.33  1.69  1.76  1.66  1.53  0.00  0.00  0.00  0.00  0.00  0.00  0.00  0.00  0.00  0.00  0.00  0.00  0.00  0.00  0.00
  0.00  1.33  1.19  1.09  0.97  0.82  0.66  0.41  0.34  0.22  0.11  0.08  0.09  0.08  0.07  0.07  0.06  0.10  0.31  0.67  1.02  1.24  1.28  1.01  0.73  0.41  0.30  0.26  0.24  0.20  0.15  0.00  0.00  0.07  0.07  0.28  0.64  0.71  0.92  1.05  1.12  1.23  1.82  2.34  2.44  1.52  1.54  1.40  1.23  0.00  0.00  0.00  0.00  0.00  0.00  0.00  0.00  0.00  0.00  0.00  0.00  0.00  0.00  0.00
  0.00  0.91  0.75  0.68  0.62  0.56  0.44  0.37  0.33  0.33  0.22  0.17  0.12  0.08  0.05  0.03  0.03  0.07  0.19  0.37  0.81  0.92  0.91  0.75  0.54  0.31  0.30  0.26  0.18  0.13  0.07  0.00  0.00  0.07  0.06  0.12  0.42  0.52  0.69  0.88  1.19  1.38  1.95  2.49  2.60  1.63  1.77  1.67  1.54  0.00  0.00  0.00  0.00  0.00  0.00  0.00  0.00  0.00  0.00  0.00  0.00  0.00  0.00  0.00
  0.00  0.26  0.17  0.21  0.29  0.37  0.36  0.35  0.38  0.34  0.23  0.21  0.17  0.10  0.06  0.04  0.03  0.05  0.12  0.27  0.55  0.68  0.65  0.57  0.41  0.29  0.28  0.30  0.24  0.19  0.13  0.06  0.06  0.05  0.06  0.19  0.36  0.49  0.63  0.77  1.12  1.41  2.34  2.51  1.86  1.02  1.17  0.90  0.89  0.00  0.00  0.00  0.00  0.00  0.00  0.00  0.00  0.00  0.00  0.00  0.00  0.00  0.00  0.00
  0.00  0.23  0.16  0.30  0.37  0.45  0.40  0.37  0.38  0.36  0.25  0.24  0.21  0.11  0.06  0.04  0.03  0.03  0.05  0.09  0.13  0.12  0.14  0.26  0.25  0.26  0.20  0.20  0.11  0.10  0.05  0.05  0.10  0.09  0.10  0.17  0.22  0.37  0.51  0.63  0.89  1.38  2.21  2.50  1.83  0.72  0.71  0.44  0.41  0.00  0.00  0.00  0.00  0.00  0.00  0.00  0.00  0.00  0.00  0.00  0.00  0.00  0.00  0.00
  0.00  0.00  0.00  0.12  0.21  0.36  0.46  0.57  0.68  0.64  0.50  0.51  0.44  0.28  0.19  0.13  0.05  0.05  0.08  0.10  0.17  0.18  0.16  0.16  0.21  0.14  0.13  0.13  0.10  0.09  0.09  0.05  0.09  0.10  0.10  0.18  0.22  0.37  0.48  0.63  0.91  1.40  2.18  2.60  1.57  0.72  0.74  0.57  0.44  0.00  0.00  0.00  0.00  0.00  0.00  0.00  0.00  0.00  0.00  0.00  0.00  0.00  0.00  0.00
  0.00  0.00  0.00  0.12  0.34  0.56  0.59  0.70  0.77  0.68  0.58  0.63  0.61  0.54  0.44  0.27  0.10  0.09  0.10  0.11  0.17  0.19  0.13  0.09  0.14  0.09  0.18  0.18  0.14  0.18  0.17  0.09  0.13  0.13  0.09  0.15  0.16  0.25  0.30  0.41  0.54  0.86  1.49  1.79  1.05  0.62  0.68  0.54  0.00  0.00  0.00  0.00  0.00  0.00  0.00  0.00  0.00  0.00  0.00  0.00  0.00  0.00  0.00  0.00
  0.00  0.10  0.07  0.17  0.49  0.71  0.70  0.81  1.01  0.84  0.79  0.82  0.79  0.60  0.55  0.39  0.11  0.10  0.11  0.11  0.14  0.16  0.11  0.08  0.13  0.09  0.17  0.22  0.18  0.21  0.20  0.12  0.12  0.12  0.08  0.15  0.16  0.22  0.27  0.35  0.40  0.56  1.13  1.30  0.59  0.49  0.51  0.36  0.00  0.00  0.00  0.00  0.00  0.00  0.00  0.00  0.00  0.00  0.00  0.00  0.00  0.00  0.00  0.00
  0.14  0.21  0.15  0.36  0.68  0.97  0.95  1.11  1.24  1.11  1.09  1.10  1.00  0.79  0.74  0.41  0.24  0.21  0.20  0.16  0.19  0.14  0.10  0.07  0.08  0.04  0.12  0.16  0.12  0.17  0.17  0.09  0.08  0.12  0.12  0.12  0.14  0.18  0.21  0.25  0.33  0.41  0.65  0.59  0.28  0.32  0.32  0.25  0.00  0.00  0.00  0.00  0.00  0.00  0.00  0.00  0.00  0.00  0.00  0.00  0.00  0.00  0.00  0.00
  0.14  0.21  0.16  0.32  0.81  1.05  1.04  1.21  1.38  1.18  1.23  1.30  1.19  1.01  1.02  0.55  0.29  0.26  0.21  0.15  0.20  0.19  0.15  0.13  0.22  0.16  0.24  0.32  0.31  0.28  0.35  0.22  0.13  0.20  0.20  0.12  0.12  0.12  0.05  0.07  0.09  0.13  0.18  0.32  0.12  0.25  0.26  0.27  0.00  0.00  0.00  0.00  0.00  0.00  0.00  0.00  0.00  0.00  0.00  0.00  0.00  0.00  0.00  0.00
  0.14  0.42  0.34  0.54  1.01  1.18  1.08  1.22  1.34  1.16  1.21  1.27  1.13  0.94  0.92  0.48  0.29  0.26  0.18  0.12  0.15  0.14  0.12  0.15  0.32  0.48  0.67  0.90  0.98  1.02  0.89  0.64  0.37  0.34  0.23  0.12  0.11  0.13  0.06  0.00  0.00  0.00  0.00  0.00  0.00  0.13  0.13  0.14  0.20  0.00  0.00  0.00  0.00  0.00  0.00  0.00  0.00  0.00  0.00  0.00  0.00  0.00  0.00  0.00
  0.19  0.51  0.38  0.70  1.09  1.28  1.31  1.52  1.67  1.55  1.59  1.61  1.37  1.03  0.93  0.52  0.33  0.21  0.14  0.08  0.10  0.11  0.13  0.19  0.36  0.56  0.71  1.03  1.24  1.27  1.28  1.00  0.61  0.47  0.38  0.18  0.22  0.23  0.12  0.07  0.09  0.00  0.00  0.00  0.00  0.14  0.15  0.16  0.00  0.00  0.00  0.00  0.00  0.00  0.00  0.00  0.00  0.00  0.00  0.00  0.00  0.00  0.00  0.00
  0.30  0.54  0.36  0.80  1.05  1.30  1.56  1.79  1.82  1.75  1.70  1.53  1.31  1.08  0.96  0.61  0.34  0.22  0.17  0.10  0.13  0.15  0.14  0.16  0.37  0.61  0.89  1.22  1.46  1.59  1.54  1.24  0.77  0.60  0.44  0.24  0.24  0.27  0.14  0.08  0.09  0.00  0.00  0.00  0.00  0.10  0.11  0.11  0.00  0.00  0.00  0.00  0.00  0.00  0.00  0.00  0.00  0.00  0.00  0.00  0.00  0.00  0.00  0.00
  0.00  0.00  0.00  0.62  0.81  0.97  1.28  1.48  1.53  1.55  1.58  1.35  1.25  1.01  0.83  0.56  0.25  0.12  0.08  0.04  0.07  0.22  0.20  0.29  0.53  0.95  1.40  1.82  2.13  2.08  1.89  1.58  1.03  0.65  0.45  0.25  0.16  0.17  0.07  0.08  0.09  0.00  0.00  0.00  0.00  0.12  0.13  0.14  0.00  0.00  0.00  0.00  0.00  0.00  0.00  0.00  0.00  0.00  0.00  0.00  0.00  0.00  0.00  0.00
  0.00  0.57  0.00  0.66  0.68  0.90  1.23  1.42  1.36  1.47  1.42  1.15  1.07  0.88  0.66  0.46  0.21  0.04  0.04  0.04  0.04  0.17  0.13  0.30  0.45  0.98  1.48  1.98  2.25  2.35  2.08  1.81  1.16  0.67  0.36  0.23  0.12  0.13  0.08  0.09  0.09  0.00  0.00  0.00  0.08  0.20  0.22  0.25  0.00  0.00  0.00  0.00  0.00  0.00  0.00  0.00  0.00  0.00  0.00  0.00  0.00  0.00  0.00  0.00
  0.00  0.00  0.00  0.43  0.43  0.70  1.16  1.28  1.20  1.29  1.26  0.96  0.96  0.79  0.62  0.41  0.21  0.04  0.05  0.05  0.05  0.15  0.15  0.42  0.51  0.93  1.31  1.69  1.94  2.00  1.58  1.43  1.00  0.56  0.35  0.32  0.11  0.11  0.07  0.08  0.09  0.00  0.00  0.00  0.08  0.18  0.21  0.26  0.00  0.00  0.00  0.00  0.00  0.00  0.00  0.00  0.00  0.00  0.00  0.00  0.00  0.00  0.00  0.00
  0.47  0.29  0.17  0.35  0.28  0.37  0.67  0.74  0.69  0.78  0.78  0.63  0.62  0.51  0.40  0.24  0.09  0.04  0.05  0.05  0.05  0.12  0.11  0.40  0.54  0.92  1.32  1.65  1.70  1.63  1.16  1.02  0.73  0.41  0.22  0.27  0.00  0.00  0.00  0.00  0.00  0.00  0.00  0.00  0.06  0.10  0.11  0.14  0.00  0.00  0.00  0.00  0.00  0.00  0.00  0.00  0.00  0.00  0.00  0.00  0.00  0.00  0.00  0.00
  0.51  0.33  0.18  0.14  0.11  0.00  0.15  0.12  0.16  0.26  0.45  0.37  0.50  0.00  0.38  0.14  0.11  0.05  0.05  0.06  0.00  0.07  0.12  0.42  0.54  0.89  1.16  1.50  1.54  1.39  0.90  0.82  0.60  0.28  0.18  0.22  0.00  0.00  0.00  0.07  0.08  0.08  0.09  0.07  0.27  0.23  0.27  0.33  0.45  0.00  0.00  0.00  0.00  0.00  0.00  0.00  0.00  0.00  0.00  0.00  0.00  0.00  0.00  0.00
  0.61  0.43  0.24  0.19  0.15  0.00  0.00  0.00  0.00  0.00  0.12  0.13  0.25  0.32  0.35  0.22  0.16  0.07  0.07  0.06  0.00  0.00  0.07  0.36  0.53  0.76  0.91  1.16  1.04  0.92  0.58  0.56  0.39  0.24  0.11  0.13  0.00  0.00  0.00  0.08  0.09  0.09  0.10  0.16  0.38  0.33  0.39  0.45  0.00  0.00  0.00  0.00  0.00  0.00  0.00  0.00  0.00  0.00  0.00  0.00  0.00  0.00  0.00  0.00
  0.00  0.54  0.30  0.24  0.20  0.00  0.00  0.00  0.00  0.00  0.09  0.10  0.14  0.19  0.23  0.19  0.11  0.10  0.09  0.08  0.00  0.00  0.10  0.37  0.57  0.76  0.83  0.91  0.73  0.54  0.30  0.36  0.29  0.17  0.12  0.15  0.00  0.00  0.00  0.10  0.11  0.11  0.11  0.19  0.40  0.35  0.39  0.46  0.49  0.00  0.00  0.00  0.00  0.00  0.00  0.00  0.00  0.00  0.00  0.00  0.00  0.00  0.00  0.00
  0.00  0.00  0.00  0.00  0.00  0.00  0.00  0.00  0.00  0.00  0.12  0.00  0.00  0.00  0.00  0.00  0.00  0.00  0.00  0.00  0.00  0.00  0.00  0.00  0.00  0.00  0.00  0.00  0.00  0.00  0.00  0.00  0.00  0.00  0.00  0.00  0.00  0.00  0.00  0.13  0.00  0.00  0.00  0.00  0.00  0.47  0.53  0.00  0.60  0.00  0.00  0.00  0.00  0.00  0.00  0.00  0.00  0.00  0.00  0.00  0.00  0.00  0.00  0.00
  0.00  0.00  0.00  0.00  0.00  0.00  0.00  0.00  0.00  0.00  0.00  0.00  0.00  0.00  0.00  0.00  0.00  0.00  0.00  0.00  0.00  0.00  0.00  0.00  0.00  0.00  0.00  0.00  0.00  0.00  0.00  0.00  0.00  0.00  0.00  0.00  0.00  0.00  0.00  0.00  0.00  0.00  0.00  0.00  0.00  0.00  0.00  0.00  0.00  0.00  0.00  0.00  0.00  0.00  0.00  0.00  0.00  0.00  0.00  0.00  0.00  0.00  0.00  0.00
  0.00  0.00  0.00  0.00  0.00  0.00  0.00  0.00  0.00  0.00  0.00  0.00  0.00  0.00  0.00  0.00  0.00  0.00  0.00  0.00  0.00  0.00  0.00  0.00  0.00  0.00  0.00  0.00  0.00  0.00  0.00  0.00  0.00  0.00  0.00  0.00  0.00  0.00  0.00  0.00  0.00  0.00  0.00  0.00  0.00  0.00  0.00  0.00  0.00  0.00  0.00  0.00  0.00  0.00  0.00  0.00  0.00  0.00  0.00  0.00  0.00  0.00  0.00  0.00
  0.00  0.00  0.00  0.00  0.00  0.00  0.00  0.00  0.00  0.00  0.00  0.00  0.00  0.00  0.00  0.00  0.00  0.00  0.00  0.00  0.00  0.00  0.00  0.00  0.00  0.00  0.00  0.00  0.00  0.00  0.00  0.00  0.00  0.00  0.00  0.00  0.00  0.00  0.00  0.00  0.00  0.00  0.00  0.00  0.00  0.00  0.00  0.00  0.00  0.00  0.00  0.00  0.00  0.00  0.00  0.00  0.00  0.00  0.00  0.00  0.00  0.00  0.00  0.00
  0.00  0.00  0.00  0.00  0.00  0.00  0.00  0.00  0.00  0.00  0.00  0.00  0.00  0.00  0.00  0.00  0.00  0.00  0.00  0.00  0.00  0.00  0.00  0.00  0.00  0.00  0.00  0.00  0.00  0.00  0.00  0.00  0.00  0.00  0.00  0.00  0.00  0.00  0.00  0.00  0.00  0.00  0.00  0.00  0.00  0.00  0.00  0.00  0.00  0.00  0.00  0.00  0.00  0.00  0.00  0.00  0.00  0.00  0.00  0.00  0.00  0.00  0.00  0.00
  0.00  0.00  0.00  0.00  0.00  0.00  0.00  0.00  0.00  0.00  0.00  0.00  0.00  0.00  0.00  0.00  0.00  0.00  0.00  0.00  0.00  0.00  0.00  0.00  0.00  0.00  0.00  0.00  0.00  0.00  0.00  0.00  0.00  0.00  0.00  0.00  0.00  0.00  0.00  0.00  0.00  0.00  0.00  0.00  0.00  0.00  0.00  0.00  0.00  0.00  0.00  0.00  0.00  0.00  0.00  0.00  0.00  0.00  0.00  0.00  0.00  0.00  0.00  0.00
  0.00  0.00  0.00  0.00  0.00  0.00  0.00  0.00  0.00  0.00  0.00  0.00  0.00  0.00  0.00  0.00  0.00  0.00  0.00  0.00  0.00  0.00  0.00  0.00  0.00  0.00  0.00  0.00  0.00  0.00  0.00  0.00  0.00  0.00  0.00  0.00  0.00  0.00  0.00  0.00  0.00  0.00  0.00  0.00  0.00  0.00  0.00  0.00  0.00  0.00  0.00  0.00  0.00  0.00  0.00  0.00  0.00  0.00  0.00  0.00  0.00  0.00  0.00  0.00
  0.00  0.00  0.00  0.00  0.00  0.00  0.00  0.00  0.00  0.00  0.00  0.00  0.00  0.00  0.00  0.00  0.00  0.00  0.00  0.00  0.00  0.00  0.00  0.00  0.00  0.00  0.00  0.00  0.00  0.00  0.00  0.00  0.00  0.00  0.00  0.00  0.00  0.00  0.00  0.00  0.00  0.00  0.00  0.00  0.00  0.00  0.00  0.00  0.00  0.00  0.00  0.00  0.00  0.00  0.00  0.00  0.00  0.00  0.00  0.00  0.00  0.00  0.00  0.00
  0.00  0.00  0.00  0.00  0.00  0.00  0.00  0.00  0.00  0.00  0.00  0.00  0.00  0.00  0.00  0.00  0.00  0.00  0.00  0.00  0.00  0.00  0.00  0.00  0.00  0.00  0.00  0.00  0.00  0.00  0.00  0.00  0.00  0.00  0.00  0.00  0.00  0.00  0.00  0.00  0.00  0.00  0.00  0.00  0.00  0.00  0.00  0.00  0.00  0.00  0.00  0.00  0.00  0.00  0.00  0.00  0.00  0.00  0.00  0.00  0.00  0.00  0.00  0.00
  0.00  0.00  0.00  0.00  0.00  0.00  0.00  0.00  0.00  0.00  0.00  0.00  0.00  0.00  0.00  0.00  0.00  0.00  0.00  0.00  0.00  0.00  0.00  0.00  0.00  0.00  0.00  0.00  0.00  0.00  0.00  0.00  0.00  0.00  0.00  0.00  0.00  0.00  0.00  0.00  0.00  0.00  0.00  0.00  0.00  0.00  0.00  0.00  0.00  0.00  0.00  0.00  0.00  0.00  0.00  0.00  0.00  0.00  0.00  0.00  0.00  0.00  0.00  0.00
  0.00  0.00  0.00  0.00  0.00  0.00  0.00  0.00  0.00  0.00  0.00  0.00  0.00  0.00  0.00  0.00  0.00  0.00  0.00  0.00  0.00  0.00  0.00  0.00  0.00  0.00  0.00  0.00  0.00  0.00  0.00  0.00  0.00  0.00  0.00  0.00  0.00  0.00  0.00  0.00  0.00  0.00  0.00  0.00  0.00  0.00  0.00  0.00  0.00  0.00  0.00  0.00  0.00  0.00  0.00  0.00  0.00  0.00  0.00  0.00  0.00  0.00  0.00  0.00
  0.00  0.00  0.00  0.00  0.00  0.00  0.00  0.00  0.00  0.00  0.00  0.00  0.00  0.00  0.00  0.00  0.00  0.00  0.00  0.00  0.00  0.00  0.00  0.00  0.00  0.00  0.00  0.00  0.00  0.00  0.00  0.00  0.00  0.00  0.00  0.00  0.00  0.00  0.00  0.00  0.00  0.00  0.00  0.00  0.00  0.00  0.00  0.00  0.00  0.00  0.00  0.00  0.00  0.00  0.00  0.00  0.00  0.00  0.00  0.00  0.00  0.00  0.00  0.00
  0.00  0.00  0.00  0.00  0.00  0.00  0.00  0.00  0.00  0.00  0.00  0.00  0.00  0.00  0.00  0.00  0.00  0.00  0.00  0.00  0.00  0.00  0.00  0.00  0.00  0.00  0.00  0.00  0.00  0.00  0.00  0.00  0.00  0.00  0.00  0.00  0.00  0.00  0.00  0.00  0.00  0.00  0.00  0.00  0.00  0.00  0.00  0.00  0.00  0.00  0.00  0.00  0.00  0.00  0.00  0.00  0.00  0.00  0.00  0.00  0.00  0.00  0.00  0.00
  0.00  0.00  0.00  0.00  0.00  0.00  0.00  0.00  0.00  0.00  0.00  0.00  0.00  0.00  0.00  0.00  0.00  0.00  0.00  0.00  0.00  0.00  0.00  0.00  0.00  0.00  0.00  0.00  0.00  0.00  0.00  0.00  0.00  0.00  0.00  0.00  0.00  0.00  0.00  0.00  0.00  0.00  0.00  0.00  0.00  0.00  0.00  0.00  0.00  0.00  0.00  0.00  0.00  0.00  0.00  0.00  0.00  0.00  0.00  0.00  0.00  0.00  0.00  0.00
  0.00  0.00  0.00  0.00  0.00  0.00  0.00  0.00  0.00  0.00  0.00  0.00  0.00  0.00  0.00  0.00  0.00  0.00  0.00  0.00  0.00  0.00  0.00  0.00  0.00  0.00  0.00  0.00  0.00  0.00  0.00  0.00  0.00  0.00  0.00  0.00  0.00  0.00  0.00  0.00  0.00  0.00  0.00  0.00  0.00  0.00  0.00  0.00  0.00  0.00  0.00  0.00  0.00  0.00  0.00  0.00  0.00  0.00  0.00  0.00  0.00  0.00  0.00  0.00
  0.00  0.00  0.00  0.00  0.00  0.00  0.00  0.00  0.00  0.00  0.00  0.00  0.00  0.00  0.00  0.00  0.00  0.00  0.00  0.00  0.00  0.00  0.00  0.00  0.00  0.00  0.00  0.00  0.00  0.00  0.00  0.00  0.00  0.00  0.00  0.00  0.00  0.00  0.00  0.00  0.00  0.00  0.00  0.00  0.00  0.00  0.00  0.00  0.00  0.00  0.00  0.00  0.00  0.00  0.00  0.00  0.00  0.00  0.00  0.00  0.00  0.00  0.00  0.00
  0.00  0.00  0.00  0.00  0.00  0.00  0.00  0.00  0.00  0.00  0.00  0.00  0.00  0.00  0.00  0.00  0.00  0.00  0.00  0.00  0.00  0.00  0.00  0.00  0.00  0.00  0.00  0.00  0.00  0.00  0.00  0.00  0.00  0.00  0.00  0.00  0.00  0.00  0.00  0.00  0.00  0.00  0.00  0.00  0.00  0.00  0.00  0.00  0.00  0.00  0.00  0.00  0.00  0.00  0.00  0.00  0.00  0.00  0.00  0.00  0.00  0.00  0.00  0.00
  0.00  0.00  0.00  0.00  0.00  0.00  0.00  0.00  0.00  0.00  0.00  0.00  0.00  0.00  0.00  0.00  0.00  0.00  0.00  0.00  0.00  0.00  0.00  0.00  0.00  0.00  0.00  0.00  0.00  0.00  0.00  0.00  0.00  0.00  0.00  0.00  0.00  0.00  0.00  0.00  0.00  0.00  0.00  0.00  0.00  0.00  0.00  0.00  0.00  0.00  0.00  0.00  0.00  0.00  0.00  0.00  0.00  0.00  0.00  0.00  0.00  0.00  0.00  0.00
  0.00  0.00  0.00  0.00  0.00  0.00  0.00  0.00  0.00  0.00  0.00  0.00  0.00  0.00  0.00  0.00  0.00  0.00  0.00  0.00  0.00  0.00  0.00  0.00  0.00  0.00  0.00  0.00  0.00  0.00  0.00  0.00  0.00  0.00  0.00  0.00  0.00  0.00  0.00  0.00  0.00  0.00  0.00  0.00  0.00  0.00  0.00  0.00  0.00  0.00  0.00  0.00  0.00  0.00  0.00  0.00  0.00  0.00  0.00  0.00  0.00  0.00  0.00  0.00
  0.00  0.00  0.00  0.00  0.00  0.00  0.00  0.00  0.00  0.00  0.00  0.00  0.00  0.00  0.00  0.00  0.00  0.00  0.00  0.00  0.00  0.00  0.00  0.00  0.00  0.00  0.00  0.00  0.00  0.00  0.00  0.00  0.00  0.00  0.00  0.00  0.00  0.00  0.00  0.00  0.00  0.00  0.00  0.00  0.00  0.00  0.00  0.00  0.00  0.00  0.00  0.00  0.00  0.00  0.00  0.00  0.00  0.00  0.00  0.00  0.00  0.00  0.00  0.00
  0.00  0.00  0.00  0.00  0.00  0.00  0.00  0.00  0.00  0.00  0.00  0.00  0.00  0.00  0.00  0.00  0.00  0.00  0.00  0.00  0.00  0.00  0.00  0.00  0.00  0.00  0.00  0.00  0.00  0.00  0.00  0.00  0.00  0.00  0.00  0.00  0.00  0.00  0.00  0.00  0.00  0.00  0.00  0.00  0.00  0.00  0.00  0.00  0.00  0.00  0.00  0.00  0.00  0.00  0.00  0.00  0.00  0.00  0.00  0.00  0.00  0.00  0.00  0.00
  0.00  0.00  0.00  0.00  0.00  0.00  0.00  0.00  0.00  0.00  0.00  0.00  0.00  0.00  0.00  0.00  0.00  0.00  0.00  0.00  0.00  0.00  0.00  0.00  0.00  0.00  0.00  0.00  0.00  0.00  0.00  0.00  0.00  0.00  0.00  0.00  0.00  0.00  0.00  0.00  0.00  0.00  0.00  0.00  0.00  0.00  0.00  0.00  0.00  0.00  0.00  0.00  0.00  0.00  0.00  0.00  0.00  0.00  0.00  0.00  0.00  0.00  0.00  0.00
  0.00  0.00  0.00  0.00  0.00  0.00  0.00  0.00  0.00  0.00  0.00  0.00  0.00  0.00  0.00  0.00  0.00  0.00  0.00  0.00  0.00  0.00  0.00  0.00  0.00  0.00  0.00  0.00  0.00  0.00  0.00  0.00  0.00  0.00  0.00  0.00  0.00  0.00  0.00  0.00  0.00  0.00  0.00  0.00  0.00  0.00  0.00  0.00  0.00  0.00  0.00  0.00  0.00  0.00  0.00  0.00  0.00  0.00  0.00  0.00  0.00  0.00  0.00  0.00
  0.00  0.00  0.00  0.00  0.00  0.00  0.00  0.00  0.00  0.00  0.00  0.00  0.00  0.00  0.00  0.00  0.00  0.00  0.00  0.00  0.00  0.00  0.00  0.00  0.00  0.00  0.00  0.00  0.00  0.00  0.00  0.00  0.00  0.00  0.00  0.00  0.00  0.00  0.00  0.00  0.00  0.00  0.00  0.00  0.00  0.00  0.00  0.00  0.00  0.00  0.00  0.00  0.00  0.00  0.00  0.00  0.00  0.00  0.00  0.00  0.00  0.00  0.00  0.00
  0.00  0.00  0.00  0.00  0.00  0.00  0.00  0.00  0.00  0.00  0.00  0.00  0.00  0.00  0.00  0.00  0.00  0.00  0.00  0.00  0.00  0.00  0.00  0.00  0.00  0.00  0.00  0.00  0.00  0.00  0.00  0.00  0.00  0.00  0.00  0.00  0.00  0.00  0.00  0.00  0.00  0.00  0.00  0.00  0.00  0.00  0.00  0.00  0.00  0.00  0.00  0.00  0.00  0.00  0.00  0.00  0.00  0.00  0.00  0.00  0.00  0.00  0.00  0.00
  0.00  0.00  0.00  0.00  0.00  0.00  0.00  0.00  0.00  0.00  0.00  0.00  0.00  0.00  0.00  0.00  0.00  0.00  0.00  0.00  0.00  0.00  0.00  0.00  0.00  0.00  0.00  0.00  0.00  0.00  0.00  0.00  0.00  0.00  0.00  0.00  0.00  0.00  0.00  0.00  0.00  0.00  0.00  0.00  0.00  0.00  0.00  0.00  0.00  0.00  0.00  0.00  0.00  0.00  0.00  0.00  0.00  0.00  0.00  0.00  0.00  0.00  0.00  0.00
  0.00  0.00  0.00  0.00  0.00  0.00  0.00  0.00  0.00  0.00  0.00  0.00  0.00  0.00  0.00  0.00  0.00  0.00  0.00  0.00  0.00  0.00  0.00  0.00  0.00  0.00  0.00  0.00  0.00  0.00  0.00  0.00  0.00  0.00  0.00  0.00  0.00  0.00  0.00  0.00  0.00  0.00  0.00  0.00  0.00  0.00  0.00  0.00  0.00  0.00  0.00  0.00  0.00  0.00  0.00  0.00  0.00  0.00  0.00  0.00  0.00  0.00  0.00  0.00
  0.00  0.00  0.00  0.00  0.00  0.00  0.00  0.00  0.00  0.00  0.00  0.00  0.00  0.00  0.00  0.00  0.00  0.00  0.00  0.00  0.00  0.00  0.00  0.00  0.00  0.00  0.00  0.00  0.00  0.00  0.00  0.00  0.00  0.00  0.00  0.00  0.00  0.00  0.00  0.00  0.00  0.00  0.00  0.00  0.00  0.00  0.00  0.00  0.00  0.00  0.00  0.00  0.00  0.00  0.00  0.00  0.00  0.00  0.00  0.00  0.00  0.00  0.00  0.00
  0.00  0.00  0.00  0.00  0.00  0.00  0.00  0.00  0.00  0.00  0.00  0.00  0.00  0.00  0.00  0.00  0.00  0.00  0.00  0.00  0.00  0.00  0.00  0.00  0.00  0.00  0.00  0.00  0.00  0.00  0.00  0.00  0.00  0.00  0.00  0.00  0.00  0.00  0.00  0.00  0.00  0.00  0.00  0.00  0.00  0.00  0.00  0.00  0.00  0.00  0.00  0.00  0.00  0.00  0.00  0.00  0.00  0.00  0.00  0.00  0.00  0.00  0.00  0.00
  0.00  0.00  0.00  0.00  0.00  0.00  0.00  0.00  0.00  0.00  0.00  0.00  0.00  0.00  0.00  0.00  0.00  0.00  0.00  0.00  0.00  0.00  0.00  0.00  0.00  0.00  0.00  0.00  0.00  0.00  0.00  0.00  0.00  0.00  0.00  0.00  0.00  0.00  0.00  0.00  0.00  0.00  0.00  0.00  0.00  0.00  0.00  0.00  0.00  0.00  0.00  0.00  0.00  0.00  0.00  0.00  0.00  0.00  0.00  0.00  0.00  0.00  0.00  0.00
  0.00  0.00  0.00  0.00  0.00  0.00  0.00  0.00  0.00  0.00  0.00  0.00  0.00  0.00  0.00  0.00  0.00  0.00  0.00  0.00  0.00  0.00  0.00  0.00  0.00  0.00  0.00  0.00  0.00  0.00  0.00  0.00  0.00  0.00  0.00  0.00  0.00  0.00  0.00  0.00  0.00  0.00  0.00  0.00  0.00  0.00  0.00  0.00  0.00  0.00  0.00  0.00  0.00  0.00  0.00  0.00  0.00  0.00  0.00  0.00  0.00  0.00  0.00  0.00

 density range (Hz): 0.000000 4.507042