Array Size: 64  64
  0.00  0.00  0.00  0.00  0.00  0.00  0.00  0.00  0.00  0.00  0.00  0.00  0.00  0.00  0.00  0.00  0.00  0.00  0.00  0.00  0.00  0.00  0.00  0.00  0.00  0.00  0.00  0.00  0.00  0.00  0.00  0.00  0.00  0.00  0.00  0.00  0.00  0.00  0.00  0.00  0.00  0.00  0.00  0.00  0.00  0.00  0.00  0.00  0.00  0.00  0.00  0.00  0.00  0.00  0.00  0.00  0.00  0.00  0.00  0.00  0.00  0.00  0.00  0.00
  0.00  0.00  0.00  0.00  0.00  0.00  0.00  0.00  0.00  0.00  0.00  0.00  0.00  0.00  0.00  0.00  0.00  0.00  0.00  0.00  0.00  0.00  0.00  0.00  0.00  0.00  0.00  0.00  0.00  0.00  0.00  0.00  0.00  0.00  0.00  0.00  0.00  0.00  0.00  0.00  0.00  0.00  0.00  0.00  0.00  0.00  0.00  0.00  0.00  0.00  0.00  0.00  0.00  0.00  0.00  0.00  0.00  0.00  0.00  0.00  0.00  0.00  0.00  0.00
  0.00  0.00  0.00  0.00  0.00  0.00  0.00  0.00  0.00  0.00  0.00  0.00  0.00  0.00  0.00  0.00  0.00  0.00  0.00  0.00  0.00  0.00  0.00  0.00  0.00  0.00  0.00  0.00  0.00  0.00  0.00  0.00  0.00  0.00  0.00  0.00  0.00  0.00  0.00  0.00  0.00  0.00  0.00 12.50  0.00  0.00  0.00  0.00  0.00  0.00  0.00  0.00  0.00  0.00  0.00  0.00  0.00  0.00  0.00  0.00  0.00  0.00  0.00  0.00
  0.00  0.00  0.00  0.00  0.00  0.00  0.00  2.27  0.00  9.09  0.00  0.00  3.33  1.72  6.86  4.55  8.33  8.33  5.56  5.77  2.11  0.00  0.00  0.00  0.00  0.00  0.00  0.00  4.55  4.55  0.00  0.00  0.00  0.00  0.00  0.00  2.63  0.00  0.91  0.42  1.74  0.81  0.88  0.66  0.89  0.59  0.00  0.00  0.00  0.00  0.00  0.00  0.00  0.00  0.00  0.00  0.00  0.00  0.00  0.00  0.00  0.00  0.00  0.00
  0.00  0.00  0.00  2.27  0.00  0.00  0.00  1.92  0.00  1.25  0.70  0.00  3.70  8.75  8.75  6.25  3.70  1.41  2.94  9.09  0.52  1.43  0.00  1.39  2.38  2.86  1.79  0.39  2.54  0.00  0.83  0.00  2.83  2.27  7.14  2.27  2.04  1.96  3.50  5.06  0.65  1.00  0.65  0.20  0.60  0.00  0.00  0.00  0.00  0.00  0.00  0.00  0.00  0.00  0.00  0.00  0.00  0.00  0.00  0.00  0.00  0.00  0.00  0.00
  0.00  0.00  0.00  0.00  2.50  0.00  0.00  3.85  3.23  0.00  5.71  2.38  5.88  3.85 14.81  3.13  0.00  0.00  0.00  0.00  0.00  0.00  5.56  0.00  0.00  0.00  1.96  0.38  1.47  2.63  4.17  0.00  0.00  1.56  1.14  4.17  2.16  8.22  1.22  1.83  1.35  2.01  0.66  0.94  0.71  0.47  0.00  0.00  0.00  0.00  0.00  0.00  0.00  0.00  0.00  0.00  0.00  0.00  0.00  0.00  0.00  0.00  0.00  0.00
  0.00  0.00  0.00  0.00  0.00  0.00  0.00  0.64  2.78  0.93  0.35  1.45  3.45  0.00 12.50  0.00  0.00  0.00  0.00  0.00  3.57  0.00  0.00  0.00  0.00  0.00  0.70  2.44  2.00  0.00  6.25  5.26  0.00  8.82  6.82  7.14  4.35  4.55  1.72  2.02  1.25  1.05  4.17  1.82  1.25  0.00  0.00  0.00  0.00  0.00  0.00  0.00  0.00  0.00  0.00  0.00  0.00  0.00  0.00  0.00  0.00  0.00  0.00  0.00
  0.00  0.00  4.55  3.85  1.22  4.55  2.94  0.00  0.96  5.00  0.00  2.38  1.47  0.00  0.00  0.00  0.91  2.50  0.00  0.00  0.00  0.00  0.00  0.00  0.00  0.00  1.59  0.00  0.00  3.26  0.00  7.69  0.00 10.42  0.00  4.17 10.71  5.00  4.81  0.00  1.35  4.76  0.00  0.77  0.09  0.00  0.00  0.00  0.00  0.00  0.00  0.00  0.00  0.00  0.00  0.00  0.00  0.00  0.00  0.00  0.00  0.00  0.00  0.00
  0.00  0.00  0.00  0.00  0.00  0.00  3.33  0.00  0.23  0.35  1.07  0.44  0.11  2.08  0.00 12.50  1.09  3.33  1.02  0.00  1.19  0.15  0.00  0.00  0.00  0.75  0.00  0.00  0.00  0.00  2.08  3.33  3.23  1.35 33.33  0.00  7.89  2.94  6.25  0.00  0.72  2.56  2.50  0.00  0.46  0.00  0.00  0.00  0.00  0.00  0.00  0.00  0.00  0.00  0.00  0.00  0.00  0.00  0.00  0.00  0.00  0.00  0.00  0.00
  0.00  0.00  0.00  8.82  0.67  0.47  0.10  0.15  0.00  0.30  1.11  0.00  3.85  1.92  5.00  0.00  0.00  0.00  0.00  0.00  0.00  0.00  0.89  3.57  0.00  3.45  3.85  0.00  3.33  1.56  5.36  2.08  6.67  0.00  4.55  0.00  1.92  2.04  3.33  2.50  1.33  1.01  0.00  1.52  1.56  0.00  0.00  0.00  0.00  0.00  0.00  0.00  0.00  0.00  0.00  0.00  0.00  0.00  0.00  0.00  0.00  0.00  0.00  0.00
  0.00  0.00  0.00  3.85  0.00  0.00  0.00  0.00  0.00  1.85  0.00  0.00  3.13  3.33  1.47  1.19  1.25  2.94  0.00 25.00  9.38 15.38  1.79  7.14  6.25  0.00  9.09  4.55  0.00  0.00  7.14  1.32  1.02  3.57  0.00  8.33  0.00  0.00  0.00  2.48  0.56  0.78  2.46  2.63  0.00  0.20  0.00  0.00  0.00  0.00  0.00  0.00  0.00  0.00  0.00  0.00  0.00  0.00  0.00  0.00  0.00  0.00  0.00  0.00
  0.00  0.00  0.00 20.00  0.00  0.00  0.00  0.00  0.00  0.00  0.00  0.00  0.00  4.00  0.00  5.88  0.00  3.03  0.00  0.00  0.00  0.00  0.00  0.00  1.56  4.90 12.50  4.17  0.92  0.90  1.79  0.00  0.00  0.00  0.00  0.00  0.00 12.50  1.79  0.00  2.08  1.65  0.25  1.30  0.11  0.00  0.00  0.00  0.00  0.00  0.00  0.00  0.00  0.00  0.00  0.00  0.00  0.00  0.00  0.00  0.00  0.00  0.00  0.00
  0.00  0.00  0.00  0.00  0.00  0.00  0.00  0.00  0.00  0.00  0.00  0.00  0.00  4.17  0.00  0.00  0.00  7.14  0.70  0.46  0.00  5.17  0.00  5.00  0.00  3.13  4.07  2.03  3.75  1.23  0.00  0.00  2.00  1.67  0.00  0.00  0.00  5.56  3.57  0.00  1.28  0.55  0.00  0.51  0.32  0.42  0.00  0.00  0.00  0.00  0.00  0.00  0.00  0.00  0.00  0.00  0.00  0.00  0.00  0.00  0.00  0.00  0.00  0.00
  0.00  0.00  0.00  0.00  0.00  0.00  0.00  0.00  0.00  0.00  0.00  0.00  0.00  7.69  4.35  0.00  3.49  1.92  0.00  0.00  3.26  4.17  0.66 12.50  8.33  0.72  0.00  0.00  0.00  2.83  0.00  0.00  0.00  0.00  0.00  0.00  0.00  0.00  4.17  1.32  4.46  1.44  0.00  0.71  0.82  0.28  0.00  0.00  0.00  0.00  0.00  0.00  0.00  0.00  0.00  0.00  0.00  0.00  0.00  0.00  0.00  0.00  0.00  0.00
  0.00  0.00  4.76  0.50  0.00  3.57  0.00  0.00  0.00  0.00  0.00  0.00  0.00  2.17  1.52  2.00  0.00  0.00  0.00  1.14  2.94  1.29  4.05  0.00  0.00  8.06  0.00  0.00  0.00  0.00  0.00  0.00  0.28  0.00  0.00  0.00  0.00  0.00  2.27  0.59  1.49  0.93  0.49  0.62  0.83  0.84  8.33  0.00  0.00  0.00  0.00  0.00  0.00  0.00  0.00  0.00  0.00  0.00  0.00  0.00  0.00  0.00  0.00  0.00
  0.00  0.00  0.88  2.00  0.00  0.00  0.00  0.00  0.00  0.00  0.00  0.00  0.00  3.85  0.00  0.00  0.00  0.00  0.00  0.00  2.50  1.38  0.00  8.82  8.33  2.78  0.00  7.50  2.38  0.00  1.79  0.00  0.00  4.17  0.00  0.61  4.17  0.00  3.37  2.63  1.92  0.54  0.83  1.00  0.47  0.94  0.00  0.00  0.00  0.00  0.00  0.00  0.00  0.00  0.00  0.00  0.00  0.00  0.00  0.00  0.00  0.00  0.00  0.00
  0.00  0.00  0.00  0.00  0.00  0.00  0.00  0.00  0.00  0.00  0.00  0.00  0.00  0.00 25.00  0.00  0.00  0.00  6.25  0.00  2.88  1.09  0.00  0.00  0.00  5.17  0.00  0.00  5.17  0.93  0.00  1.04  0.33  1.85  2.63  0.48  6.25  0.00  0.00  0.00  0.00  0.57  1.33  0.58  0.98  0.45  0.00  0.00  0.00  0.00  0.00  0.00  0.00  0.00  0.00  0.00  0.00  0.00  0.00  0.00  0.00  0.00  0.00  0.00
  0.00  0.00  0.00  2.63  0.00  0.00  0.00  0.00  0.00  0.00  8.33  0.00  0.00  8.33  0.00  8.33  0.00  0.00  1.85  0.64  0.00  0.00  4.55  5.88  0.00  2.27  0.00  7.14  2.44  0.00  0.00  0.00  0.74  1.61  0.00 13.33  3.85  1.85  6.14  2.94  0.00  2.27  0.54  0.00  1.04  0.33  0.00  0.00  0.00  0.00  0.00  0.00  0.00  0.00  0.00  0.00  0.00  0.00  0.00  0.00  0.00  0.00  0.00  0.00
  0.00  0.00  0.00  0.00  0.00  0.00  0.00  0.00  6.25  0.00  0.00 75.00  7.14  3.85  0.00  0.00  7.14  0.00  1.52  0.91  2.50  1.05  2.34  0.00  0.00  1.85  0.00  0.00  0.00  0.00  0.00  0.00  0.00  5.38  7.89  4.55  1.85  3.24  2.94  0.00  0.00  0.00  1.67  0.83  1.36  0.52  0.00  0.00  0.00  0.00  0.00  0.00  0.00  0.00  0.00  0.00  0.00  0.00  0.00  0.00  0.00  0.00  0.00  0.00
  0.00  0.00  0.00  0.00  3.33  7.14  0.00  0.00  3.57  0.00  0.00  0.00  0.00  0.00  0.00  0.00  0.00  0.00  0.00  0.00  2.70  0.00  0.55  0.00  0.00  2.33  1.85  4.17  0.00  0.00  0.00  0.00  0.00  2.38  0.00  0.00  0.00 12.50  7.81  6.94  1.29  2.04  1.75  0.62  0.67  0.32  0.00  0.00  0.00  0.00  0.00  0.00  0.00  0.00  0.00  0.00  0.00  0.00  0.00  0.00  0.00  0.00  0.00  0.00
  0.00  0.00  0.00  0.00 12.50  0.86  0.00  0.00 16.67  0.00  0.00 16.67  0.00 20.00 10.00  0.00  0.00 12.50  0.00  0.00  0.00  0.00  0.00  0.00  0.00  0.00  0.00 10.00  3.85  0.00  0.00  0.00 12.50  3.33  5.26  9.09  0.00  0.00 13.46  2.13 10.00  4.55  4.29  0.60  0.00  1.63  0.00  0.00  0.00  0.00  0.00  0.00  0.00  0.00  0.00  0.00  0.00  0.00  0.00  0.00  0.00  0.00  0.00  0.00
  0.00  0.00  0.00  4.55  0.00  0.00  0.00  0.00  0.00 11.76  0.00  0.00  4.35  0.00  0.00 14.29  0.00  0.00  0.00  0.00  0.00  0.00  0.00  0.00  0.00  0.00  0.00 25.00  3.13  0.00  0.00  0.00  0.65  0.85 11.76  7.58 18.75  0.00  9.52  1.22  0.00  0.00  2.08  2.27  0.00  4.00  0.00  0.00  0.00  0.00  0.00  0.00  0.00  0.00  0.00  0.00  0.00  0.00  0.00  0.00  0.00  0.00  0.00  0.00
  0.00  0.00  0.00  0.00  0.00  0.00  0.00  0.00  0.00 11.54  7.41  0.00  2.94  8.33  0.00  0.00  0.00  0.00  0.00  0.00  0.00  0.00 50.00 10.00  5.36  1.56  2.38  0.00  0.00  0.00  0.00  0.00  9.09  5.17  0.00  4.90  5.56 13.16  4.55  0.00  0.00  4.55  0.00  0.00  0.00  1.85  0.00  0.00  0.00  0.00  0.00  0.00  0.00  0.00  0.00  0.00  0.00  0.00  0.00  0.00  0.00  0.00  0.00  0.00
  0.00  0.00  0.00  0.00  0.00  0.00  0.00  0.00  0.00  0.00  0.00  0.00  2.11 16.67  0.00  0.00  0.00  0.00  0.00  0.00  0.00  5.00  0.00  6.25  0.00  7.89  1.01  0.00  4.17  0.00  0.00  0.00  4.17 12.50  0.00  6.06  3.03  7.69  8.33  0.00  0.00  2.63  1.04  0.00  0.00  0.00  0.00  0.00  0.00  0.00  0.00  0.00  0.00  0.00  0.00  0.00  0.00  0.00  0.00  0.00  0.00  0.00  0.00  0.00
  0.00  0.00  0.00  0.00  0.00  0.00  2.38  0.00  0.00  0.00  0.00  6.25  5.00  1.85  0.00  0.00  0.00  0.00  0.00  0.00  5.56  0.00  2.94  5.00 15.38  4.55 12.50  0.00  0.00  0.00  0.00  0.00  1.92  4.35  0.85  0.55  3.41  3.13 10.00  4.55  2.27  0.00  0.00  0.00  7.14  0.00  0.00  0.00  0.00  0.00  0.00  0.00  0.00  0.00  0.00  0.00  0.00  0.00  0.00  0.00  0.00  0.00  0.00  0.00
  0.00  0.00  0.00  0.00  0.00  0.00  0.00  0.00  0.00  0.00  0.00  0.00  1.32  5.56  0.00  0.00  0.00  0.00  0.00  1.52  0.00  0.00 11.11 20.59 12.50  4.17  0.00  3.13  5.00  4.55  0.00  6.25  0.00  3.13  0.94  1.79  6.06  1.85  1.52  1.52  2.63  0.00  0.00  0.00  0.15  0.00  0.00  0.00  0.00  0.00  0.00  0.00  0.00  0.00  0.00  0.00  0.00  0.00  0.00  0.00  0.00  0.00  0.00  0.00
  0.00  0.00  0.00  0.00  0.00  0.00  0.00  0.00  0.00  0.00  0.00  0.00  0.00  0.00  8.33  0.00  2.38  0.00 14.29  0.00  3.85 12.50  0.00 15.38  0.00  0.00  3.33  0.00  0.00  3.03  1.39  0.00  0.00  0.00  0.00  0.00  0.00  4.17  1.92  0.00  2.94  1.67  2.83  0.00  0.00  1.52  0.00  0.00  0.00  0.00  0.00  0.00  0.00  0.00  0.00  0.00  0.00  0.00  0.00  0.00  0.00  0.00  0.00  0.00
  0.00  0.00  0.00  0.00  0.00  0.00  0.00  0.00  0.00  0.00  0.00  0.00  0.00  0.00  0.00  0.00  0.00  4.55  5.00  0.00  5.26  6.25 10.00  6.25  9.09  8.33  0.00  6.25  0.00  0.59  2.30  0.00  0.89  0.00  0.00  3.13  2.63  3.85  1.20  2.50  2.17  0.00  3.33  0.00  0.00  4.17  0.00  0.00  0.00  0.00  0.00  0.00  0.00  0.00  0.00  0.00  0.00  0.00  0.00  0.00  0.00  0.00  0.00  0.00
  0.00  0.00  0.00  0.00  0.00  0.00  0.00  8.33  0.00  5.56  0.00  2.78  0.00  0.00  0.00  0.00  0.00 25.00  0.00  0.00 13.64  4.55  0.00  8.33 10.00  8.33  5.00  0.00  0.00  3.13  5.56  4.00  0.00  0.00  5.26  0.38  8.33  2.63  2.27  0.00  2.78  3.03  1.56  0.58  0.00  0.71  0.00  0.00  0.00  0.00  0.00  0.00  0.00  0.00  0.00  0.00  0.00  0.00  0.00  0.00  0.00  0.00  0.00  0.00
  0.00  0.00  0.00  0.00  0.00  0.00  0.00  0.00  0.00  0.00  0.00 13.33  7.14  3.70  0.00  0.00 10.00  0.00  0.00  0.00  3.85  0.00  7.14  4.76  7.58  2.63  2.08  0.00  0.00  0.00  0.00  0.00  0.00  0.00  4.76  0.00  0.00  0.00  0.00  0.00  0.00  0.00  0.00  0.00  2.63  0.00  0.00  0.00  0.00  0.00  0.00  0.00  0.00  0.00  0.00  0.00  0.00  0.00  0.00  0.00  0.00  0.00  0.00  0.00
  0.00  0.00  0.00  0.00  0.00  0.00  0.00  0.00  0.00  0.00  7.14  3.85  0.00  0.00  9.38  4.17  0.00  4.17 12.50  1.16  1.85 17.86  0.00 10.00 16.67  0.00  0.37  4.35  2.94  0.00  0.00  0.00  7.69  0.00  0.00  0.00  0.00  0.00  0.00  0.00  0.00  0.00  0.00  4.76  6.25  0.00  0.00  0.00  0.00  0.00  0.00  0.00  0.00  0.00  0.00  0.00  0.00  0.00  0.00  0.00  0.00  0.00  0.00  0.00
  0.00  0.00  0.00  0.00  0.00  0.00  0.00  0.00  5.88  0.00  0.00 12.50  0.00  0.00  6.25  5.26  2.17  0.49  1.85  0.00  0.00  2.27  3.70  0.00  3.57  0.00  4.76  5.36  3.33  4.17  0.00  3.85  0.00  1.39 10.00  0.00  0.00  0.00  0.00  0.00  1.85  0.00  0.00  0.00  2.27  0.00  0.00  0.00  0.00  0.00  0.00  0.00  0.00  0.00  0.00  0.00  0.00  0.00  0.00  0.00  0.00  0.00  0.00  0.00
  0.00  0.00  0.00  0.00  0.00  0.00  0.00  0.00 12.50 10.00  0.00  0.00  0.00 25.00  0.00  4.69  0.00  0.00  0.00  0.00  0.00  0.00  0.00  6.25  0.00  0.00  1.85  3.33  0.00  0.00  0.00  0.89  0.00  0.00  2.38  0.00  0.00  0.00  0.00  0.00  0.00  0.00  0.00  0.00  4.84  0.00  0.00  0.00  0.00  0.00  0.00  0.00  0.00  0.00  0.00  0.00  0.00  0.00  0.00  0.00  0.00  0.00  0.00  0.00
  0.00  0.00  0.00  0.00  0.00  0.00  0.00  0.00  1.64  2.50  0.00  0.00  0.00  1.14  0.00  0.00  4.55  5.56  0.00  0.33  0.00  0.00  0.00  0.00  3.85  1.72  1.56  0.00  0.00  0.00  0.00  0.00  0.00  7.14 14.29  8.82  4.55  5.56  0.00  3.57  0.00  0.00  6.25  0.00  4.55  5.26  0.00  0.00  0.00  0.00  0.00  0.00  0.00  0.00  0.00  0.00  0.00  0.00  0.00  0.00  0.00  0.00  0.00  0.00
  0.00  0.00  0.00  0.00  0.00  0.00  3.85  0.00  6.25  3.70  0.00  0.00  8.33  2.78  7.69  0.00  0.00  0.00  2.08  0.00  1.92  0.00  0.00  0.00  0.00  1.85  0.00  1.79  0.00  2.44  7.25  9.09 22.22 12.50  0.00  4.55  5.77  7.69  0.00  1.92  2.17  0.00  0.00  1.61  2.63  7.14  0.00  0.00  0.00  0.00  0.00  0.00  0.00  0.00  0.00  0.00  0.00  0.00  0.00  0.00  0.00  0.00  0.00  0.00
  0.00  0.00  1.85  0.00  0.00  0.00  0.00  0.00  4.55  0.00  1.67  0.00  0.00  0.00  0.00  0.00  0.00  0.00  0.00  0.00  0.00  0.00  3.13  0.00  0.00  2.38  2.94  4.29  0.00  1.92  8.14  1.47  4.17 33.33 12.50  0.00  4.35  0.00  1.79  0.00  0.00  0.00  1.79  0.00  2.00  2.38  0.00  0.00  0.00  0.00  0.00  0.00  0.00  0.00  0.00  0.00  0.00  0.00  0.00  0.00  0.00  0.00  0.00  0.00
  0.00  0.00  0.00  0.00  3.33  0.00  0.00  0.00  0.00  0.00  0.00  5.00  0.00  0.00  0.00  1.00  0.00  0.00  0.40  0.00  0.00  0.00  7.69  0.00  6.67  0.00  2.94  0.00  0.00  0.86  7.14  0.00 11.11  0.00  0.00  0.00  5.88  0.67  0.00  0.00  0.00  0.00  1.28  0.00  1.11  0.83  0.00  0.00  0.00  0.00  0.00  0.00  0.00  0.00  0.00  0.00  0.00  0.00  0.00  0.00  0.00  0.00  0.00  0.00
  0.00  0.00  0.00  0.00  0.00  0.00  0.00  0.00  0.00  0.00  0.00  0.00  0.00  0.00  0.00  2.22  0.00  3.03  0.00  0.00  0.00  0.00 25.00  0.00 30.00  8.33 16.67  2.86  4.17 10.34  4.17  0.00 10.00  0.00  0.00  0.00  0.00  0.00  4.00  0.43  0.30  1.06  3.33  0.00  0.88  0.96  0.00  0.00  0.00  0.00  0.00  0.00  0.00  0.00  0.00  0.00  0.00  0.00  0.00  0.00  0.00  0.00  0.00  0.00
  0.00  0.00  0.00  0.00  0.00  0.00  0.00  0.00  0.00  0.00  5.56  2.94  0.00  2.63  0.00  0.00  0.00  0.89  0.00  0.00  4.17 33.33  5.56 21.43 20.00  8.33 25.00 16.67  0.00  3.85  3.57  0.00  0.00  0.00  0.89  6.45  5.56  2.27  0.00  0.65  0.00  0.00  0.00  0.00  1.72  2.11  0.00  0.00  0.00  0.00  0.00  0.00  0.00  0.00  0.00  0.00  0.00  0.00  0.00  0.00  0.00  0.00  0.00  0.00
  0.00  0.00  0.00  2.00  0.00  0.00  0.00  0.00  1.06  0.00  0.00  0.00  0.00  5.56  0.00  0.00  0.00  3.23  0.00  0.00  2.94  0.00  0.00  0.00 12.50  0.00 12.50  8.33  0.00  0.00  5.26  0.00  0.00  2.08  7.14  3.33  0.00  0.00  0.00  0.00  0.00  0.00  0.00  5.17  2.56  5.81  0.49  0.00  0.00  0.00  0.00  0.00  0.00  0.00  0.00  0.00  0.00  0.00  0.00  0.00  0.00  0.00  0.00  0.00
  0.00  0.00  0.00  0.00  0.00  0.00  0.00  0.11  0.00  5.00  2.56  1.52  0.74  0.00  5.26  1.67  0.00  2.27  1.72  4.55  7.69  0.00  6.25  0.00 12.50  0.00  0.00  0.00  0.00  0.00  0.00  6.25  6.25  0.00  0.00  1.92  0.86  2.63  1.61  0.00  0.00  0.00  1.32  4.69  2.70  2.36  0.40  0.00  0.00  0.00  0.00  0.00  0.00  0.00  0.00  0.00  0.00  0.00  0.00  0.00  0.00  0.00  0.00  0.00
  0.00  0.00  0.00  0.00  0.00  0.00  0.00  0.00  0.00  0.00  0.00  0.00  1.60  2.34  1.28  4.84  9.68  7.50  0.00  7.69 25.00  0.00  0.00  0.00  0.00  0.00  2.94  0.00  6.25  0.00  0.00  1.61  0.00  0.00  0.00  1.67  0.56  0.00  0.00  1.25  0.00  0.00  0.00  0.69  0.11  0.47  0.00  0.00  0.00  0.00  0.00  0.00  0.00  0.00  0.00  0.00  0.00  0.00  0.00  0.00  0.00  0.00  0.00  0.00
  0.00  0.00  0.00  0.00  0.00  2.00  0.00  0.00  0.69  3.45  3.00  0.00  0.00 16.67  4.76  5.26  0.00  0.00  3.57  0.00  0.00  0.00  0.00  0.00  0.00  0.00  0.00  0.00  0.00  8.33  0.00  2.38  0.00  3.70  0.00  0.00  0.00  3.85  0.00  0.00  0.00  0.00  0.00  0.00  7.14 11.90  0.00  0.00  0.00  0.00  0.00  0.00  0.00  0.00  0.00  0.00  0.00  0.00  0.00  0.00  0.00  0.00  0.00  0.00
  0.00  0.00  0.00  2.08  0.00  0.00  0.00  1.10  1.20  0.00  0.00  0.38  2.00  5.26  2.44 11.54  5.56  0.00  0.00  9.38  0.00  0.00  8.33  0.00  3.13  0.00  0.00  0.00  0.00  0.00  4.55  2.22  0.00  0.00  0.00  1.43  2.00  0.00  4.55  0.00  0.00  0.00  0.00  0.00  3.13 25.00  0.00  0.00  0.00  0.00  0.00  0.00  0.00  0.00  0.00  0.00  0.00  0.00  0.00  0.00  0.00  0.00  0.00  0.00
  0.00  0.00  0.00  0.00  0.00  0.00  2.78  4.17  2.48  0.38  0.67  0.00  5.56  3.75  2.22  4.00  0.00  0.00  4.55  7.14  0.00  7.50 16.67 12.50  0.00  0.00  0.00  0.00  0.00  0.00  0.00  7.14  0.00  0.00  0.00  0.00  0.00  0.00  0.00  0.14  0.00  0.00  0.00  3.13  0.00  8.82  0.00  0.00  0.00  0.00  0.00  0.00  0.00  0.00  0.00  0.00  0.00  0.00  0.00  0.00  0.00  0.00  0.00  0.00
  0.00  0.00  0.00  0.00  6.06  3.75  4.76 10.58  2.78  3.64  0.81  0.00  1.92  0.00  0.00  0.00  2.00  0.00  0.24  2.94  4.55  0.00  5.56  0.00  0.00  0.00  0.00  0.00  0.00  0.00  0.00  0.00  1.09  0.00  0.00  0.00  1.28  6.25  0.00  3.33  0.00  5.00  0.00  6.76  3.33  0.74  0.00  0.00  0.00  0.00  0.00  0.00  0.00  0.00  0.00  0.00  0.00  0.00  0.00  0.00  0.00  0.00  0.00  0.00
  0.00  0.00  0.00  0.71  0.00  1.00  0.97  6.25  7.81  1.72  0.77  0.00  6.67  0.00  0.00  0.00  0.00  0.19  0.35  1.82  1.79  6.25  9.09 25.00  0.00  0.00  0.00  0.00  0.00  0.00  0.00  0.00  2.80 12.50  0.00  0.00  0.00  0.00  2.17  0.00  0.00  0.00  2.50  0.00  5.88  1.92  0.00  0.00  0.00  0.00  0.00  0.00  0.00  0.00  0.00  0.00  0.00  0.00  0.00  0.00  0.00  0.00  0.00  0.00
  0.00  0.00  1.39  0.73  0.00  0.79  1.47  0.94  1.35  1.30  0.00  0.00  0.00  0.00  0.00  4.55  1.22  0.00  0.00  0.00  0.00  0.00 50.00  4.55  0.00  1.67  0.00  0.00  0.00  0.00  0.00  0.00 10.00 11.11  0.00  0.00  0.00  0.00  0.00  0.00  0.00  0.18  0.80  0.00  2.17  0.56  0.89  0.00  0.00  0.00  0.00  0.00  0.00  0.00  0.00  0.00  0.00  0.00  0.00  0.00  0.00  0.00  0.00  0.00
  0.00  0.00  0.00  0.00  0.00  0.00  0.00  0.00  0.00  0.00  0.00  0.00  0.00  0.00  0.00  0.00  0.00  0.00  0.00  0.00  0.00  0.00  0.00  0.00  0.00  0.00  0.00  0.00  0.00  0.00  0.00  0.00  0.00  0.00  0.00  0.00  0.00  0.00  0.00  0.00  0.00  0.00  0.00  0.00  0.00  0.00  0.00  0.00  0.00  0.00  0.00  0.00  0.00  0.00  0.00  0.00  0.00  0.00  0.00  0.00  0.00  0.00  0.00  0.00
  0.00  0.00  0.00  0.00  0.00  0.00  0.00  0.00  0.00  0.00  0.00  0.00  0.00  0.00  0.00  0.00  0.00  0.00  0.00  0.00  0.00  0.00  0.00  0.00  0.00  0.00  0.00  0.00  0.00  0.00  0.00  0.00  0.00  0.00  0.00  0.00  0.00  0.00  0.00  0.00  0.00  0.00  0.00  0.00  0.00  0.00  0.00  0.00  0.00  0.00  0.00  0.00  0.00  0.00  0.00  0.00  0.00  0.00  0.00  0.00  0.00  0.00  0.00  0.00
  0.00  0.00  0.00  0.00  0.00  0.00  0.00  0.00  0.00  0.00  0.00  0.00  0.00  0.00  0.00  0.00  0.00  0.00  0.00  0.00  0.00  0.00  0.00  0.00  0.00  0.00  0.00  0.00  0.00  0.00  0.00  0.00  0.00  0.00  0.00  0.00  0.00  0.00  0.00  0.00  0.00  0.00  0.00  0.00  0.00  0.00  0.00  0.00  0.00  0.00  0.00  0.00  0.00  0.00  0.00  0.00  0.00  0.00  0.00  0.00  0.00  0.00  0.00  0.00
  0.00  0.00  0.00  0.00  0.00  0.00  0.00  0.00  0.00  0.00  0.00  0.00  0.00  0.00  0.00  0.00  0.00  0.00  0.00  0.00  0.00  0.00  0.00  0.00  0.00  0.00  0.00  0.00  0.00  0.00  0.00  0.00  0.00  0.00  0.00  0.00  0.00  0.00  0.00  0.00  0.00  0.00  0.00  0.00  0.00  0.00  0.00  0.00  0.00  0.00  0.00  0.00  0.00  0.00  0.00  0.00  0.00  0.00  0.00  0.00  0.00  0.00  0.00  0.00
  0.00  0.00  0.00  0.00  0.00  0.00  0.00  0.00  0.00  0.00  0.00  0.00  0.00  0.00  0.00  0.00  0.00  0.00  0.00  0.00  0.00  0.00  0.00  0.00  0.00  0.00  0.00  0.00  0.00  0.00  0.00  0.00  0.00  0.00  0.00  0.00  0.00  0.00  0.00  0.00  0.00  0.00  0.00  0.00  0.00  0.00  0.00  0.00  0.00  0.00  0.00  0.00  0.00  0.00  0.00  0.00  0.00  0.00  0.00  0.00  0.00  0.00  0.00  0.00
  0.00  0.00  0.00  0.00  0.00  0.00  0.00  0.00  0.00  0.00  0.00  0.00  0.00  0.00  0.00  0.00  0.00  0.00  0.00  0.00  0.00  0.00  0.00  0.00  0.00  0.00  0.00  0.00  0.00  0.00  0.00  0.00  0.00  0.00  0.00  0.00  0.00  0.00  0.00  0.00  0.00  0.00  0.00  0.00  0.00  0.00  0.00  0.00  0.00  0.00  0.00  0.00  0.00  0.00  0.00  0.00  0.00  0.00  0.00  0.00  0.00  0.00  0.00  0.00
  0.00  0.00  0.00  0.00  0.00  0.00  0.00  0.00  0.00  0.00  0.00  0.00  0.00  0.00  0.00  0.00  0.00  0.00  0.00  0.00  0.00  0.00  0.00  0.00  0.00  0.00  0.00  0.00  0.00  0.00  0.00  0.00  0.00  0.00  0.00  0.00  0.00  0.00  0.00  0.00  0.00  0.00  0.00  0.00  0.00  0.00  0.00  0.00  0.00  0.00  0.00  0.00  0.00  0.00  0.00  0.00  0.00  0.00  0.00  0.00  0.00  0.00  0.00  0.00
  0.00  0.00  0.00  0.00  0.00  0.00  0.00  0.00  0.00  0.00  0.00  0.00  0.00  0.00  0.00  0.00  0.00  0.00  0.00  0.00  0.00  0.00  0.00  0.00  0.00  0.00  0.00  0.00  0.00  0.00  0.00  0.00  0.00  0.00  0.00  0.00  0.00  0.00  0.00  0.00  0.00  0.00  0.00  0.00  0.00  0.00  0.00  0.00  0.00  0.00  0.00  0.00  0.00  0.00  0.00  0.00  0.00  0.00  0.00  0.00  0.00  0.00  0.00  0.00
  0.00  0.00  0.00  0.00  0.00  0.00  0.00  0.00  0.00  0.00  0.00  0.00  0.00  0.00  0.00  0.00  0.00  0.00  0.00  0.00  0.00  0.00  0.00  0.00  0.00  0.00  0.00  0.00  0.00  0.00  0.00  0.00  0.00  0.00  0.00  0.00  0.00  0.00  0.00  0.00  0.00  0.00  0.00  0.00  0.00  0.00  0.00  0.00  0.00  0.00  0.00  0.00  0.00  0.00  0.00  0.00  0.00  0.00  0.00  0.00  0.00  0.00  0.00  0.00
  0.00  0.00  0.00  0.00  0.00  0.00  0.00  0.00  0.00  0.00  0.00  0.00  0.00  0.00  0.00  0.00  0.00  0.00  0.00  0.00  0.00  0.00  0.00  0.00  0.00  0.00  0.00  0.00  0.00  0.00  0.00  0.00  0.00  0.00  0.00  0.00  0.00  0.00  0.00  0.00  0.00  0.00  0.00  0.00  0.00  0.00  0.00  0.00  0.00  0.00  0.00  0.00  0.00  0.00  0.00  0.00  0.00  0.00  0.00  0.00  0.00  0.00  0.00  0.00
  0.00  0.00  0.00  0.00  0.00  0.00  0.00  0.00  0.00  0.00  0.00  0.00  0.00  0.00  0.00  0.00  0.00  0.00  0.00  0.00  0.00  0.00  0.00  0.00  0.00  0.00  0.00  0.00  0.00  0.00  0.00  0.00  0.00  0.00  0.00  0.00  0.00  0.00  0.00  0.00  0.00  0.00  0.00  0.00  0.00  0.00  0.00  0.00  0.00  0.00  0.00  0.00  0.00  0.00  0.00  0.00  0.00  0.00  0.00  0.00  0.00  0.00  0.00  0.00
  0.00  0.00  0.00  0.00  0.00  0.00  0.00  0.00  0.00  0.00  0.00  0.00  0.00  0.00  0.00  0.00  0.00  0.00  0.00  0.00  0.00  0.00  0.00  0.00  0.00  0.00  0.00  0.00  0.00  0.00  0.00  0.00  0.00  0.00  0.00  0.00  0.00  0.00  0.00  0.00  0.00  0.00  0.00  0.00  0.00  0.00  0.00  0.00  0.00  0.00  0.00  0.00  0.00  0.00  0.00  0.00  0.00  0.00  0.00  0.00  0.00  0.00  0.00  0.00
  0.00  0.00  0.00  0.00  0.00  0.00  0.00  0.00  0.00  0.00  0.00  0.00  0.00  0.00  0.00  0.00  0.00  0.00  0.00  0.00  0.00  0.00  0.00  0.00  0.00  0.00  0.00  0.00  0.00  0.00  0.00  0.00  0.00  0.00  0.00  0.00  0.00  0.00  0.00  0.00  0.00  0.00  0.00  0.00  0.00  0.00  0.00  0.00  0.00  0.00  0.00  0.00  0.00  0.00  0.00  0.00  0.00  0.00  0.00  0.00  0.00  0.00  0.00  0.00
  0.00  0.00  0.00  0.00  0.00  0.00  0.00  0.00  0.00  0.00  0.00  0.00  0.00  0.00  0.00  0.00  0.00  0.00  0.00  0.00  0.00  0.00  0.00  0.00  0.00  0.00  0.00  0.00  0.00  0.00  0.00  0.00  0.00  0.00  0.00  0.00  0.00  0.00  0.00  0.00  0.00  0.00  0.00  0.00  0.00  0.00  0.00  0.00  0.00  0.00  0.00  0.00  0.00  0.00  0.00  0.00  0.00  0.00  0.00  0.00  0.00  0.00  0.00  0.00
  0.00  0.00  0.00  0.00  0.00  0.00  0.00  0.00  0.00  0.00  0.00  0.00  0.00  0.00  0.00  0.00  0.00  0.00  0.00  0.00  0.00  0.00  0.00  0.00  0.00  0.00  0.00  0.00  0.00  0.00  0.00  0.00  0.00  0.00  0.00  0.00  0.00  0.00  0.00  0.00  0.00  0.00  0.00  0.00  0.00  0.00  0.00  0.00  0.00  0.00  0.00  0.00  0.00  0.00  0.00  0.00  0.00  0.00  0.00  0.00  0.00  0.00  0.00  0.00
  0.00  0.00  0.00  0.00  0.00  0.00  0.00  0.00  0.00  0.00  0.00  0.00  0.00  0.00  0.00  0.00  0.00  0.00  0.00  0.00  0.00  0.00  0.00  0.00  0.00  0.00  0.00  0.00  0.00  0.00  0.00  0.00  0.00  0.00  0.00  0.00  0.00  0.00  0.00  0.00  0.00  0.00  0.00  0.00  0.00  0.00  0.00  0.00  0.00  0.00  0.00  0.00  0.00  0.00  0.00  0.00  0.00  0.00  0.00  0.00  0.00  0.00  0.00  0.00

 density range (Hz): 0.000000 75.000000
