Array Size: 64  64
  2.20  0.38  0.30  2.12  3.34  0.48  3.48  1.18  0.36  0.22  0.96  2.64  0.82  0.52  4.78  0.66  0.42  2.70  0.92  0.28  0.16  0.10  1.36  0.98  0.72  0.30  0.68  2.18  0.46  0.24  0.38  0.74  0.40  0.44  0.48  0.62  0.48  0.52  0.32  1.86  0.68  3.26  3.94  0.96  0.00  0.00  0.00  0.00  0.00  0.00  0.00  0.00  0.00  0.00  0.00  0.00  0.00  0.00  0.00  0.00  0.00  0.00  0.00  0.00
  0.18  0.00  0.14  0.50  0.18  0.28  0.18  0.66  0.18  0.18  0.02  0.30  0.16  0.44  0.78  0.08  0.52  0.18  0.28  0.16  0.28  0.34  0.26  1.34  0.48  0.58  0.44  0.14  0.06  0.24  0.44  0.16  0.08  0.06  0.18  0.14  0.18  0.36  0.38  0.16  0.16  0.28  3.68  0.00  0.00  0.00  0.00  0.00  0.00  0.00  0.00  0.00  0.00  0.00  0.00  0.00  0.00  0.00  0.00  0.00  0.00  0.00  0.00  0.00
  0.16  0.00  0.32  0.28  0.00  0.30  0.10  0.24  0.46  0.12  0.00  0.16  0.18  0.14  0.18  0.24  0.22  0.48  1.00  1.64  0.76  0.38  0.46  2.24  0.72  0.54  0.60  0.16  0.16  0.22  0.70  0.12  0.28  0.16  0.14  0.00  0.06  0.04  0.20  0.18  0.26  0.02  1.12  0.14  0.00  0.00  0.00  0.00  0.00  0.00  0.00  0.00  0.00  0.00  0.00  0.00  0.00  0.00  0.00  0.00  0.00  0.00  0.00  0.00
  0.10  0.00  0.30  0.34  0.06  0.28  0.64  0.28  0.22  0.14  0.10  0.12  0.00  0.04  0.36  0.28  0.18  0.80  0.98  0.82  1.72  0.24  0.60  2.22  0.38  0.32  0.24  0.00  0.18  1.48  0.32  0.06  0.08  0.48  0.06  0.82  0.10  0.12  0.32  0.12  0.18  0.10  0.24  0.18  0.00  0.00  0.00  0.00  0.00  0.00  0.00  0.00  0.00  0.00  0.00  0.00  0.00  0.00  0.00  0.00  0.00  0.00  0.00  0.00
  0.12  0.14  0.18  0.12  0.06  0.08  0.30  0.54  0.22  0.22  0.00  0.58  0.50  0.34  0.18  0.40  0.64  0.00  0.18  0.14  0.28  0.44  0.34  2.22  0.02  0.08  0.12  0.06  0.02  0.30  0.32  0.24  0.00  0.00  0.04  0.44  0.26  0.16  0.14  0.14  0.42  0.18  0.16  0.36  0.00  0.00  0.00  0.00  0.00  0.00  0.00  0.00  0.00  0.00  0.00  0.00  0.00  0.00  0.00  0.00  0.00  0.00  0.00  0.00
  0.22  0.16  0.48  0.28  0.28  0.22  0.08  0.44  0.66  0.72  0.22  0.28  0.32  0.22  0.16  0.34  0.20  0.16  0.26  0.70  0.16  0.26  0.28  0.84  0.54  0.20  0.26  0.28  0.12  0.30  0.16  0.26  0.24  0.00  0.30  0.20  0.28  0.12  0.06  0.38  0.14  0.06  0.08  0.54  0.00  0.00  0.00  0.00  0.00  0.00  0.00  0.00  0.00  0.00  0.00  0.00  0.00  0.00  0.00  0.00  0.00  0.00  0.00  0.00
  0.08  0.08  0.36  0.28  0.58  0.32  0.44  0.92  0.58  0.48  0.04  0.18  0.04  0.00  0.10  0.64  0.74  0.42  0.28  0.30  0.38  0.52  0.56  0.90  0.38  0.28  0.40  0.24  0.48  0.52  0.26  0.20  0.54  0.26  0.36  0.26  0.12  0.14  0.22  0.34  0.26  0.08  0.40  0.22  0.00  0.00  0.00  0.00  0.00  0.00  0.00  0.00  0.00  0.00  0.00  0.00  0.00  0.00  0.00  0.00  0.00  0.00  0.00  0.00
  0.44  0.12  0.22  0.16  0.26  0.88  0.92  0.20  0.66  0.54  0.22  0.34  0.40  0.08  0.06  0.06  0.12  0.58  1.04  1.54  1.50  0.12  0.36  1.62  0.12  0.38  0.46  0.52  0.40  0.24  0.44  0.30  0.34  1.88  0.42  0.14  0.44  0.16  0.96  0.42  0.50  0.50  0.12  0.18  0.00  0.00  0.00  0.00  0.00  0.00  0.00  0.00  0.00  0.00  0.00  0.00  0.00  0.00  0.00  0.00  0.00  0.00  0.00  0.00
  0.40  0.32  0.20  0.28  0.36  0.26  0.32  0.30  0.64  0.52  0.40  0.50  0.52  0.36  0.12  0.10  0.20  0.76  0.70  0.78  1.00  0.22  0.34  0.62  0.42  0.82  0.48  0.42  0.34  0.28  0.64  0.28  0.00  0.46  0.00  0.34  0.66  0.12  0.08  0.30  0.40  1.30  0.16  0.36  0.00  0.00  0.00  0.00  0.00  0.00  0.00  0.00  0.00  0.00  0.00  0.00  0.00  0.00  0.00  0.00  0.00  0.00  0.00  0.00
  0.28  0.14  0.22  1.26  0.46  0.46  0.86  0.46  0.16  0.52  0.18  0.22  0.40  0.16  0.00  0.00  0.00  0.22  0.64  0.52  0.28  0.00  0.28  1.70  0.20  0.30  0.38  0.56  0.54  0.80  0.34  0.24  0.24  0.20  0.52  0.16  0.16  0.22  0.22  0.46  0.50  0.38  0.30  0.28  0.00  0.00  0.00  0.00  0.00  0.00  0.00  0.00  0.00  0.00  0.00  0.00  0.00  0.00  0.00  0.00  0.00  0.00  0.00  0.00
  0.20  0.32  0.04  0.62  0.36  0.12  0.48  0.08  0.30  0.82  0.52  0.10  0.00  0.16  0.48  0.12  0.28  0.04  0.28  0.52  0.30  0.10  0.16  0.38  0.00  0.22  0.38  0.62  0.32  1.00  0.34  0.60  0.24  0.24  0.34  0.10  0.12  0.04  0.26  0.42  0.30  0.40  0.70  0.72  0.00  0.00  0.00  0.00  0.00  0.00  0.00  0.00  0.00  0.00  0.00  0.00  0.00  0.00  0.00  0.00  0.00  0.00  0.00  0.00
  0.80  0.38  0.08  0.32  0.20  0.12  0.44  0.44  0.42  0.78  0.36  0.18  0.04  0.12  0.46  0.10  0.26  0.20  0.16  0.22  0.46  0.00  0.14  1.04  0.88  0.56  0.30  0.36  0.12  0.38  0.18  0.86  0.00  0.12  0.08  0.08  0.34  0.30  0.60  0.46  0.70  0.26  0.56  0.54  0.00  0.00  0.00  0.00  0.00  0.00  0.00  0.00  0.00  0.00  0.00  0.00  0.00  0.00  0.00  0.00  0.00  0.00  0.00  0.00
  0.26  0.38  0.00  0.16  0.40  0.26  0.34  0.46  0.34  0.30  0.26  0.74  0.58  0.64  0.10  0.76  0.60  0.34  0.26  0.38  0.04  0.14  0.04  1.36  1.70  0.64  0.26  0.34  0.84  0.32  0.24  0.14  0.12  0.08  0.10  0.64  0.14  0.30  1.20  0.30  0.98  0.48  0.66  0.96  0.00  0.00  0.00  0.00  0.00  0.00  0.00  0.00  0.00  0.00  0.00  0.00  0.00  0.00  0.00  0.00  0.00  0.00  0.00  0.00
  0.34  0.50  0.08  0.28  0.88  0.22  0.44  0.86  0.12  0.42  0.70  0.24  0.38  0.18  0.18  0.52  0.98  0.42  0.46  0.30  0.18  0.10  0.08  0.86  1.10  0.30  0.40  0.20  0.14  0.36  0.46  0.30  0.30  0.62  0.86  0.34  0.38  0.14  0.76  1.22  0.54  0.36  1.60  0.68  0.00  0.00  0.00  0.00  0.00  0.00  0.00  0.00  0.00  0.00  0.00  0.00  0.00  0.00  0.00  0.00  0.00  0.00  0.00  0.00
  0.44  0.04  0.56  0.22  0.18  0.26  0.30  1.94  0.86  0.06  0.26  0.32  0.28  0.02  0.02  0.38  0.38  0.58  0.08  0.14  0.80  0.00  0.04  0.38  0.56  0.36  0.22  0.40  0.30  0.02  0.22  0.28  0.46  0.32  0.04  0.22  0.04  0.26  0.36  0.50  1.36  0.46  0.46  0.38  0.00  0.00  0.00  0.00  0.00  0.00  0.00  0.00  0.00  0.00  0.00  0.00  0.00  0.00  0.00  0.00  0.00  0.00  0.00  0.00
  0.48  0.22  0.24  1.08  0.24  0.40  0.60  0.56  0.48  0.02  0.08  0.66  0.26  0.40  0.32  0.30  0.12  0.92  0.22  0.04  0.06  0.00  0.00  0.34  0.24  0.62  0.12  0.36  0.28  0.52  1.50  0.18  0.60  0.38  0.00  0.42  0.04  0.14  0.44  0.58  1.06  0.18  0.42  0.28  0.00  0.00  0.00  0.00  0.00  0.00  0.00  0.00  0.00  0.00  0.00  0.00  0.00  0.00  0.00  0.00  0.00  0.00  0.00  0.00
  0.24  0.40  0.14  0.10  0.70  1.04  0.54  0.26  0.96  0.22  0.14  0.10  0.66  0.78  0.58  0.30  0.18  0.20  0.18  0.12  0.04  0.08  0.08  0.32  0.44  1.32  2.34  0.48  0.40  0.76  0.82  1.22  0.72  0.62  0.10  0.28  0.22  0.28  0.78  1.46  1.74  0.74  0.42  0.76  0.00  0.00  0.00  0.00  0.00  0.00  0.00  0.00  0.00  0.00  0.00  0.00  0.00  0.00  0.00  0.00  0.00  0.00  0.00  0.00
  0.30  0.18  0.16  0.00  0.00  0.54  0.44  0.22  0.40  0.18  0.42  0.10  0.12  0.72  0.68  0.56  0.66  0.44  0.74  0.26  0.28  0.08  0.18  0.44  0.16  0.26  0.30  0.20  0.18  0.48  0.34  0.62  0.98  0.24  0.20  0.20  0.26  0.36  0.40  0.34  1.26  1.02  0.76  0.62  0.00  0.00  0.00  0.00  0.00  0.00  0.00  0.00  0.00  0.00  0.00  0.00  0.00  0.00  0.00  0.00  0.00  0.00  0.00  0.00
  0.18  0.12  0.32  0.20  0.26  0.88  0.08  1.24  1.30  0.84  0.22  0.14  0.24  0.20  0.34  0.20  0.22  0.44  0.46  0.14  0.40  0.04  0.00  0.12  0.26  1.42  0.22  0.02  0.10  0.40  0.28  0.34  0.26  0.14  0.50  0.20  0.20  0.14  0.12  0.56  3.30  1.82  0.94  0.40  0.00  0.00  0.00  0.00  0.00  0.00  0.00  0.00  0.00  0.00  0.00  0.00  0.00  0.00  0.00  0.00  0.00  0.00  0.00  0.00
  0.18  0.22  0.18  0.50  0.70  0.72  0.34  0.46  1.80  1.86  0.50  0.52  0.66  0.24  0.22  0.20  1.96  0.38  0.50  0.82  0.16  0.06  0.12  0.00  0.40  0.48  0.30  0.00  0.04  0.42  0.36  0.20  0.24  0.24  0.40  0.04  0.04  0.10  0.14  0.98  3.28  0.34  0.84  0.12  0.00  0.00  0.00  0.00  0.00  0.00  0.00  0.00  0.00  0.00  0.00  0.00  0.00  0.00  0.00  0.00  0.00  0.00  0.00  0.00
  0.20  0.26  0.32  0.44  0.48  0.30  0.92  0.66  0.68  0.48  0.34  0.66  0.70  0.24  1.04  1.28  0.50  0.22  0.20  0.22  0.16  0.08  0.08  0.06  0.28  0.08  0.24  0.04  0.02  0.44  0.22  0.42  0.06  0.10  0.44  1.90  0.08  0.10  0.72  1.60  0.34  0.38  0.10  1.04  0.00  0.00  0.00  0.00  0.00  0.00  0.00  0.00  0.00  0.00  0.00  0.00  0.00  0.00  0.00  0.00  0.00  0.00  0.00  0.00
  0.20  0.08  0.74  0.30  0.08  0.14  0.22  0.40  0.18  0.80  0.34  0.00  0.02  0.54  0.50  0.02  0.06  0.32  0.72  0.24  0.12  0.04  0.00  0.08  0.24  0.04  0.22  0.14  0.10  0.08  0.18  0.44  0.08  0.06  0.18  0.30  1.24  0.28  0.00  0.22  0.20  0.52  0.00  0.68  0.00  0.00  0.00  0.00  0.00  0.00  0.00  0.00  0.00  0.00  0.00  0.00  0.00  0.00  0.00  0.00  0.00  0.00  0.00  0.00
  0.18  0.24  0.44  0.10  0.18  0.02  0.08  0.42  0.26  0.50  0.26  0.08  0.26  0.64  0.30  0.18  0.18  0.24  0.66  0.00  0.10  0.00  0.00  0.28  0.04  0.20  0.26  0.26  0.20  0.28  0.10  0.22  0.26  0.08  0.04  0.06  0.26  0.06  0.00  0.26  0.38  2.52  0.00  0.80  0.00  0.00  0.00  0.00  0.00  0.00  0.00  0.00  0.00  0.00  0.00  0.00  0.00  0.00  0.00  0.00  0.00  0.00  0.00  0.00
  0.34  0.32  0.36  0.00  0.08  0.22  0.18  0.50  0.08  0.52  0.08  0.24  0.06  0.22  0.22  0.10  0.00  0.10  0.12  0.00  0.12  0.36  0.56  1.04  0.40  0.06  0.36  0.22  0.30  0.20  0.10  0.42  0.10  0.16  0.06  0.56  0.62  0.46  0.40  0.72  0.40  0.64  0.36  0.12  0.00  0.00  0.00  0.00  0.00  0.00  0.00  0.00  0.00  0.00  0.00  0.00  0.00  0.00  0.00  0.00  0.00  0.00  0.00  0.00
  0.30  0.42  0.32  0.16  0.30  0.32  0.14  0.40  0.20  0.40  0.48  0.22  0.30  0.16  0.14  0.10  0.06  0.08  0.04  0.46  0.24  0.10  0.06  0.00  0.32  0.32  0.20  0.04  0.14  0.14  0.04  0.84  0.74  0.22  0.50  0.52  0.38  1.22  1.24  0.18  0.60  0.76  0.30  0.16  0.00  0.00  0.00  0.00  0.00  0.00  0.00  0.00  0.00  0.00  0.00  0.00  0.00  0.00  0.00  0.00  0.00  0.00  0.00  0.00
  0.50  1.04  0.08  0.00  0.22  0.40  0.64  0.54  0.16  2.90  0.48  0.20  0.28  0.20  0.36  0.20  0.34  0.86  0.32  0.12  0.08  0.04  0.00  0.34  0.28  0.78  0.80  0.46  0.22  0.08  0.26  0.58  0.58  0.68  0.88  0.36  1.54  0.82  0.86  0.16  0.28  0.52  0.08  0.40  0.00  0.00  0.00  0.00  0.00  0.00  0.00  0.00  0.00  0.00  0.00  0.00  0.00  0.00  0.00  0.00  0.00  0.00  0.00  0.00
  0.00  0.20  0.04  0.00  0.00  0.36  0.62  0.98  0.30  0.98  0.06  0.30  0.50  0.00  0.20  0.24  0.02  0.14  0.18  0.12  0.04  0.02  0.00  0.50  0.50  1.92  0.86  0.06  0.06  0.18  0.44  0.40  1.14  0.40  0.38  0.98  0.62  1.78  0.62  0.46  0.64  0.20  0.04  0.84  0.00  0.00  0.00  0.00  0.00  0.00  0.00  0.00  0.00  0.00  0.00  0.00  0.00  0.00  0.00  0.00  0.00  0.00  0.00  0.00
  0.00  0.28  0.18  0.04  0.18  0.48  0.34  0.38  0.22  0.84  1.20  1.12  0.40  0.68  0.28  4.76  0.26  0.00  0.24  0.44  0.18  0.00  0.16  0.10  0.46  1.64  1.46  0.78  0.18  0.28  0.44  0.46  0.76  0.64  0.24  0.64  0.24  0.70  1.20  0.52  0.72  0.48  0.04  0.04  0.00  0.00  0.00  0.00  0.00  0.00  0.00  0.00  0.00  0.00  0.00  0.00  0.00  0.00  0.00  0.00  0.00  0.00  0.00  0.00
  0.08  0.14  0.04  0.20  0.16  0.22  0.30  0.60  0.20  0.48  0.28  2.02  2.10  3.76  0.40  0.68  0.34  0.24  0.48  0.10  0.46  0.12  0.14  0.26  0.18  0.84  0.64  1.02  0.50  0.18  0.12  0.36  0.44  1.10  0.40  0.16  0.20  0.30  0.24  1.30  0.52  0.88  0.36  0.18  0.00  0.00  0.00  0.00  0.00  0.00  0.00  0.00  0.00  0.00  0.00  0.00  0.00  0.00  0.00  0.00  0.00  0.00  0.00  0.00
  0.08  0.10  0.00  0.00  0.34  0.12  0.10  0.74  0.26  0.60  1.48  2.12  1.28  0.98  0.54  0.02  0.56  0.32  0.34  0.14  0.26  0.24  0.86  0.18  0.24  0.48  0.80  0.68  2.58  3.00  1.20  1.88  1.78  0.88  0.66  0.18  0.00  0.10  0.14  0.40  0.38  0.38  0.18  0.28  0.00  0.00  0.00  0.00  0.00  0.00  0.00  0.00  0.00  0.00  0.00  0.00  0.00  0.00  0.00  0.00  0.00  0.00  0.00  0.00
  0.08  0.10  0.08  0.38  0.32  0.34  0.40  0.38  0.52  0.60  0.60  1.52  0.42  0.88  0.24  0.08  0.00  0.18  0.34  0.28  0.32  0.44  0.68  0.82  1.06  1.62  0.92  0.88  2.06  0.68  0.76  0.48  0.32  1.18  1.08  0.24  0.20  0.20  0.22  0.22  0.50  0.58  0.40  0.56  0.00  0.00  0.00  0.00  0.00  0.00  0.00  0.00  0.00  0.00  0.00  0.00  0.00  0.00  0.00  0.00  0.00  0.00  0.00  0.00
  0.46  0.46  0.32  0.40  0.18  0.96  0.20  0.08  0.80  0.80  1.24  0.64  0.70  0.72  0.20  0.02  0.20  0.14  0.32  0.74  1.64  1.06  0.86  0.70  1.50  2.26  1.54  1.68  2.02  1.90  0.36  0.32  0.60  0.26  0.96  0.12  0.32  0.48  0.18  0.20  0.48  1.06  0.94  0.76  0.00  0.00  0.00  0.00  0.00  0.00  0.00  0.00  0.00  0.00  0.00  0.00  0.00  0.00  0.00  0.00  0.00  0.00  0.00  0.00
  0.52  0.24  0.22  1.02  1.00  0.22  0.24  0.54  0.56  0.40  1.20  0.56  1.08  0.58  1.00  0.36  0.60  0.46  1.08  2.50  1.48  1.32  3.12  2.92  1.80  2.10  1.60  1.52  0.64  1.28  0.46  0.44  0.02  0.16  0.30  0.40  0.60  0.64  0.32  0.24  0.46  1.06  0.70  5.54  0.00  0.00  0.00  0.00  0.00  0.00  0.00  0.00  0.00  0.00  0.00  0.00  0.00  0.00  0.00  0.00  0.00  0.00  0.00  0.00
  0.26  0.24  0.20  0.48  0.32  0.92  0.76  1.34  0.52  0.54  0.68  1.88  1.76  1.52  0.54  0.72  0.68  0.68  1.18  2.14  0.92  0.48  1.32  1.50  1.64  2.06  1.56  2.02  0.90  0.38  0.34  0.62  0.22  0.22  0.44  0.56  0.62  0.94  0.12  0.26  0.32  0.58  0.28  0.26  0.00  0.00  0.00  0.00  0.00  0.00  0.00  0.00  0.00  0.00  0.00  0.00  0.00  0.00  0.00  0.00  0.00  0.00  0.00  0.00
  0.18  0.28  0.26  0.14  0.28  0.88  0.34  0.32  1.00  0.50  0.50  1.18  1.42  3.36  1.94  0.76  0.28  0.00  0.22  1.08  0.34  0.96  0.86  0.74  1.50  1.90  2.20  0.54  2.30  0.62  0.28  0.42  0.78  0.48  0.80  0.94  0.56  0.56  0.00  0.30  0.62  0.42  0.02  0.32  0.00  0.00  0.00  0.00  0.00  0.00  0.00  0.00  0.00  0.00  0.00  0.00  0.00  0.00  0.00  0.00  0.00  0.00  0.00  0.00
  0.16  0.24  0.36  0.34  0.32  0.52  0.36  0.12  0.06  0.44  0.68  1.20  0.46  1.44  3.18  3.66  0.10  0.14  0.18  0.20  1.06  1.14  0.60  0.48  0.46  1.24  1.90  0.10  0.24  0.48  0.62  0.16  0.30  0.84  1.40  0.88  0.68  0.38  1.14  0.48  0.92  0.38  0.04  0.38  0.00  0.00  0.00  0.00  0.00  0.00  0.00  0.00  0.00  0.00  0.00  0.00  0.00  0.00  0.00  0.00  0.00  0.00  0.00  0.00
  0.14  0.04  0.12  0.56  0.00  0.14  0.42  0.34  0.60  0.24  0.48  1.14  0.94  1.96  0.78  1.00  0.44  0.62  0.02  0.30  0.36  1.72  1.32  0.34  0.36  1.06  2.26  2.30  0.40  0.52  0.52  0.68  0.56  1.20  1.34  0.94  4.84  2.62  0.50  0.98  1.90  0.50  0.08  1.04  0.00  0.00  0.00  0.00  0.00  0.00  0.00  0.00  0.00  0.00  0.00  0.00  0.00  0.00  0.00  0.00  0.00  0.00  0.00  0.00
  0.18  0.00  0.14  0.00  0.00  0.06  0.96  0.26  1.44  0.26  0.76  4.36  1.16  1.40  1.04  0.58  1.06  0.62  0.46  1.14  0.70  0.80  0.20  1.16  0.94  0.62  0.90  1.92  0.20  0.04  0.32  2.60  0.76  0.74  0.86  0.70  1.58  0.82  1.14  0.34  0.18  0.18  0.00  0.18  0.00  0.00  0.00  0.00  0.00  0.00  0.00  0.00  0.00  0.00  0.00  0.00  0.00  0.00  0.00  0.00  0.00  0.00  0.00  0.00
  5.32  0.00  0.16  0.00  0.00  0.62  0.28  0.56  0.34  0.30  0.54  0.72  0.30  0.68  1.26  1.36  0.38  0.14  5.08  0.34  0.68  0.46  0.54  1.84  1.38  0.92  0.84  0.90  0.16  0.54  0.96  7.86  0.90  0.92  0.84  0.94  1.50  0.58  0.42  0.16  0.20  0.00  0.10  0.38  0.00  0.00  0.00  0.00  0.00  0.00  0.00  0.00  0.00  0.00  0.00  0.00  0.00  0.00  0.00  0.00  0.00  0.00  0.00  0.00
  0.92  0.22  0.22  0.14  0.20  0.08  0.04  0.22  0.30  0.28  0.06  0.12  0.20  0.62  1.82  0.68  0.76  1.14  1.88  0.92  0.16  0.28  0.38  0.44  0.66  0.96  0.34  0.32  0.58  0.56  0.38  1.30  0.82  0.70  0.62  0.40  0.20  0.32  0.18  0.14  0.10  0.04  0.06  0.38  0.00  0.00  0.00  0.00  0.00  0.00  0.00  0.00  0.00  0.00  0.00  0.00  0.00  0.00  0.00  0.00  0.00  0.00  0.00  0.00
  0.44  1.04  0.30  0.16  0.00  0.10  0.40  0.32  0.08  0.10  0.42  0.34  0.22  0.28  0.92  2.58  1.06  0.52  0.32  0.22  0.24  0.30  0.28  0.42  1.04  0.82  0.90  0.64  0.46  0.24  0.70  1.06  0.56  0.52  0.40  0.98  0.32  0.20  0.28  0.24  0.20  0.48  0.92  1.20  0.00  0.00  0.00  0.00  0.00  0.00  0.00  0.00  0.00  0.00  0.00  0.00  0.00  0.00  0.00  0.00  0.00  0.00  0.00  0.00
  0.42  0.16  1.56  0.70  0.82  0.54  0.98  0.34  0.64  0.52  0.84  0.74  0.44  0.90  0.48  0.90  0.90  2.30  0.68  1.56  1.10  1.92  0.58  1.26  0.74  1.46  1.46  0.92  1.10  1.34  0.24  1.10  0.58  0.26  0.48  0.24  0.34  0.28  0.16  0.20  0.10  0.00  0.14  4.08  0.00  0.00  0.00  0.00  0.00  0.00  0.00  0.00  0.00  0.00  0.00  0.00  0.00  0.00  0.00  0.00  0.00  0.00  0.00  0.00
  0.00  0.00  0.00  0.00  0.00  0.00  0.00  0.00  0.00  0.00  0.00  0.00  0.00  0.00  0.00  0.00  0.00  0.00  0.00  0.00  0.00  0.00  0.00  0.00  0.00  0.00  0.00  0.00  0.00  0.00  0.00  0.00  0.00  0.00  0.00  0.00  0.00  0.00  0.00  0.00  0.00  0.00  0.00  0.00  0.00  0.00  0.00  0.00  0.00  0.00  0.00  0.00  0.00  0.00  0.00  0.00  0.00  0.00  0.00  0.00  0.00  0.00  0.00  0.00
  0.00  0.00  0.00  0.00  0.00  0.00  0.00  0.00  0.00  0.00  0.00  0.00  0.00  0.00  0.00  0.00  0.00  0.00  0.00  0.00  0.00  0.00  0.00  0.00  0.00  0.00  0.00  0.00  0.00  0.00  0.00  0.00  0.00  0.00  0.00  0.00  0.00  0.00  0.00  0.00  0.00  0.00  0.00  0.00  0.00  0.00  0.00  0.00  0.00  0.00  0.00  0.00  0.00  0.00  0.00  0.00  0.00  0.00  0.00  0.00  0.00  0.00  0.00  0.00
  0.00  0.00  0.00  0.00  0.00  0.00  0.00  0.00  0.00  0.00  0.00  0.00  0.00  0.00  0.00  0.00  0.00  0.00  0.00  0.00  0.00  0.00  0.00  0.00  0.00  0.00  0.00  0.00  0.00  0.00  0.00  0.00  0.00  0.00  0.00  0.00  0.00  0.00  0.00  0.00  0.00  0.00  0.00  0.00  0.00  0.00  0.00  0.00  0.00  0.00  0.00  0.00  0.00  0.00  0.00  0.00  0.00  0.00  0.00  0.00  0.00  0.00  0.00  0.00
  0.00  0.00  0.00  0.00  0.00  0.00  0.00  0.00  0.00  0.00  0.00  0.00  0.00  0.00  0.00  0.00  0.00  0.00  0.00  0.00  0.00  0.00  0.00  0.00  0.00  0.00  0.00  0.00  0.00  0.00  0.00  0.00  0.00  0.00  0.00  0.00  0.00  0.00  0.00  0.00  0.00  0.00  0.00  0.00  0.00  0.00  0.00  0.00  0.00  0.00  0.00  0.00  0.00  0.00  0.00  0.00  0.00  0.00  0.00  0.00  0.00  0.00  0.00  0.00
  0.00  0.00  0.00  0.00  0.00  0.00  0.00  0.00  0.00  0.00  0.00  0.00  0.00  0.00  0.00  0.00  0.00  0.00  0.00  0.00  0.00  0.00  0.00  0.00  0.00  0.00  0.00  0.00  0.00  0.00  0.00  0.00  0.00  0.00  0.00  0.00  0.00  0.00  0.00  0.00  0.00  0.00  0.00  0.00  0.00  0.00  0.00  0.00  0.00  0.00  0.00  0.00  0.00  0.00  0.00  0.00  0.00  0.00  0.00  0.00  0.00  0.00  0.00  0.00
  0.00  0.00  0.00  0.00  0.00  0.00  0.00  0.00  0.00  0.00  0.00  0.00  0.00  0.00  0.00  0.00  0.00  0.00  0.00  0.00  0.00  0.00  0.00  0.00  0.00  0.00  0.00  0.00  0.00  0.00  0.00  0.00  0.00  0.00  0.00  0.00  0.00  0.00  0.00  0.00  0.00  0.00  0.00  0.00  0.00  0.00  0.00  0.00  0.00  0.00  0.00  0.00  0.00  0.00  0.00  0.00  0.00  0.00  0.00  0.00  0.00  0.00  0.00  0.00
  0.00  0.00  0.00  0.00  0.00  0.00  0.00  0.00  0.00  0.00  0.00  0.00  0.00  0.00  0.00  0.00  0.00  0.00  0.00  0.00  0.00  0.00  0.00  0.00  0.00  0.00  0.00  0.00  0.00  0.00  0.00  0.00  0.00  0.00  0.00  0.00  0.00  0.00  0.00  0.00  0.00  0.00  0.00  0.00  0.00  0.00  0.00  0.00  0.00  0.00  0.00  0.00  0.00  0.00  0.00  0.00  0.00  0.00  0.00  0.00  0.00  0.00  0.00  0.00
  0.00  0.00  0.00  0.00  0.00  0.00  0.00  0.00  0.00  0.00  0.00  0.00  0.00  0.00  0.00  0.00  0.00  0.00  0.00  0.00  0.00  0.00  0.00  0.00  0.00  0.00  0.00  0.00  0.00  0.00  0.00  0.00  0.00  0.00  0.00  0.00  0.00  0.00  0.00  0.00  0.00  0.00  0.00  0.00  0.00  0.00  0.00  0.00  0.00  0.00  0.00  0.00  0.00  0.00  0.00  0.00  0.00  0.00  0.00  0.00  0.00  0.00  0.00  0.00
  0.00  0.00  0.00  0.00  0.00  0.00  0.00  0.00  0.00  0.00  0.00  0.00  0.00  0.00  0.00  0.00  0.00  0.00  0.00  0.00  0.00  0.00  0.00  0.00  0.00  0.00  0.00  0.00  0.00  0.00  0.00  0.00  0.00  0.00  0.00  0.00  0.00  0.00  0.00  0.00  0.00  0.00  0.00  0.00  0.00  0.00  0.00  0.00  0.00  0.00  0.00  0.00  0.00  0.00  0.00  0.00  0.00  0.00  0.00  0.00  0.00  0.00  0.00  0.00
  0.00  0.00  0.00  0.00  0.00  0.00  0.00  0.00  0.00  0.00  0.00  0.00  0.00  0.00  0.00  0.00  0.00  0.00  0.00  0.00  0.00  0.00  0.00  0.00  0.00  0.00  0.00  0.00  0.00  0.00  0.00  0.00  0.00  0.00  0.00  0.00  0.00  0.00  0.00  0.00  0.00  0.00  0.00  0.00  0.00  0.00  0.00  0.00  0.00  0.00  0.00  0.00  0.00  0.00  0.00  0.00  0.00  0.00  0.00  0.00  0.00  0.00  0.00  0.00
  0.00  0.00  0.00  0.00  0.00  0.00  0.00  0.00  0.00  0.00  0.00  0.00  0.00  0.00  0.00  0.00  0.00  0.00  0.00  0.00  0.00  0.00  0.00  0.00  0.00  0.00  0.00  0.00  0.00  0.00  0.00  0.00  0.00  0.00  0.00  0.00  0.00  0.00  0.00  0.00  0.00  0.00  0.00  0.00  0.00  0.00  0.00  0.00  0.00  0.00  0.00  0.00  0.00  0.00  0.00  0.00  0.00  0.00  0.00  0.00  0.00  0.00  0.00  0.00
  0.00  0.00  0.00  0.00  0.00  0.00  0.00  0.00  0.00  0.00  0.00  0.00  0.00  0.00  0.00  0.00  0.00  0.00  0.00  0.00  0.00  0.00  0.00  0.00  0.00  0.00  0.00  0.00  0.00  0.00  0.00  0.00  0.00  0.00  0.00  0.00  0.00  0.00  0.00  0.00  0.00  0.00  0.00  0.00  0.00  0.00  0.00  0.00  0.00  0.00  0.00  0.00  0.00  0.00  0.00  0.00  0.00  0.00  0.00  0.00  0.00  0.00  0.00  0.00
  0.00  0.00  0.00  0.00  0.00  0.00  0.00  0.00  0.00  0.00  0.00  0.00  0.00  0.00  0.00  0.00  0.00  0.00  0.00  0.00  0.00  0.00  0.00  0.00  0.00  0.00  0.00  0.00  0.00  0.00  0.00  0.00  0.00  0.00  0.00  0.00  0.00  0.00  0.00  0.00  0.00  0.00  0.00  0.00  0.00  0.00  0.00  0.00  0.00  0.00  0.00  0.00  0.00  0.00  0.00  0.00  0.00  0.00  0.00  0.00  0.00  0.00  0.00  0.00
  0.00  0.00  0.00  0.00  0.00  0.00  0.00  0.00  0.00  0.00  0.00  0.00  0.00  0.00  0.00  0.00  0.00  0.00  0.00  0.00  0.00  0.00  0.00  0.00  0.00  0.00  0.00  0.00  0.00  0.00  0.00  0.00  0.00  0.00  0.00  0.00  0.00  0.00  0.00  0.00  0.00  0.00  0.00  0.00  0.00  0.00  0.00  0.00  0.00  0.00  0.00  0.00  0.00  0.00  0.00  0.00  0.00  0.00  0.00  0.00  0.00  0.00  0.00  0.00
  0.00  0.00  0.00  0.00  0.00  0.00  0.00  0.00  0.00  0.00  0.00  0.00  0.00  0.00  0.00  0.00  0.00  0.00  0.00  0.00  0.00  0.00  0.00  0.00  0.00  0.00  0.00  0.00  0.00  0.00  0.00  0.00  0.00  0.00  0.00  0.00  0.00  0.00  0.00  0.00  0.00  0.00  0.00  0.00  0.00  0.00  0.00  0.00  0.00  0.00  0.00  0.00  0.00  0.00  0.00  0.00  0.00  0.00  0.00  0.00  0.00  0.00  0.00  0.00
  0.00  0.00  0.00  0.00  0.00  0.00  0.00  0.00  0.00  0.00  0.00  0.00  0.00  0.00  0.00  0.00  0.00  0.00  0.00  0.00  0.00  0.00  0.00  0.00  0.00  0.00  0.00  0.00  0.00  0.00  0.00  0.00  0.00  0.00  0.00  0.00  0.00  0.00  0.00  0.00  0.00  0.00  0.00  0.00  0.00  0.00  0.00  0.00  0.00  0.00  0.00  0.00  0.00  0.00  0.00  0.00  0.00  0.00  0.00  0.00  0.00  0.00  0.00  0.00
  0.00  0.00  0.00  0.00  0.00  0.00  0.00  0.00  0.00  0.00  0.00  0.00  0.00  0.00  0.00  0.00  0.00  0.00  0.00  0.00  0.00  0.00  0.00  0.00  0.00  0.00  0.00  0.00  0.00  0.00  0.00  0.00  0.00  0.00  0.00  0.00  0.00  0.00  0.00  0.00  0.00  0.00  0.00  0.00  0.00  0.00  0.00  0.00  0.00  0.00  0.00  0.00  0.00  0.00  0.00  0.00  0.00  0.00  0.00  0.00  0.00  0.00  0.00  0.00
  0.00  0.00  0.00  0.00  0.00  0.00  0.00  0.00  0.00  0.00  0.00  0.00  0.00  0.00  0.00  0.00  0.00  0.00  0.00  0.00  0.00  0.00  0.00  0.00  0.00  0.00  0.00  0.00  0.00  0.00  0.00  0.00  0.00  0.00  0.00  0.00  0.00  0.00  0.00  0.00  0.00  0.00  0.00  0.00  0.00  0.00  0.00  0.00  0.00  0.00  0.00  0.00  0.00  0.00  0.00  0.00  0.00  0.00  0.00  0.00  0.00  0.00  0.00  0.00
  0.00  0.00  0.00  0.00  0.00  0.00  0.00  0.00  0.00  0.00  0.00  0.00  0.00  0.00  0.00  0.00  0.00  0.00  0.00  0.00  0.00  0.00  0.00  0.00  0.00  0.00  0.00  0.00  0.00  0.00  0.00  0.00  0.00  0.00  0.00  0.00  0.00  0.00  0.00  0.00  0.00  0.00  0.00  0.00  0.00  0.00  0.00  0.00  0.00  0.00  0.00  0.00  0.00  0.00  0.00  0.00  0.00  0.00  0.00  0.00  0.00  0.00  0.00  0.00
  0.00  0.00  0.00  0.00  0.00  0.00  0.00  0.00  0.00  0.00  0.00  0.00  0.00  0.00  0.00  0.00  0.00  0.00  0.00  0.00  0.00  0.00  0.00  0.00  0.00  0.00  0.00  0.00  0.00  0.00  0.00  0.00  0.00  0.00  0.00  0.00  0.00  0.00  0.00  0.00  0.00  0.00  0.00  0.00  0.00  0.00  0.00  0.00  0.00  0.00  0.00  0.00  0.00  0.00  0.00  0.00  0.00  0.00  0.00  0.00  0.00  0.00  0.00  0.00
  0.00  0.00  0.00  0.00  0.00  0.00  0.00  0.00  0.00  0.00  0.00  0.00  0.00  0.00  0.00  0.00  0.00  0.00  0.00  0.00  0.00  0.00  0.00  0.00  0.00  0.00  0.00  0.00  0.00  0.00  0.00  0.00  0.00  0.00  0.00  0.00  0.00  0.00  0.00  0.00  0.00  0.00  0.00  0.00  0.00  0.00  0.00  0.00  0.00  0.00  0.00  0.00  0.00  0.00  0.00  0.00  0.00  0.00  0.00  0.00  0.00  0.00  0.00  0.00
  0.00  0.00  0.00  0.00  0.00  0.00  0.00  0.00  0.00  0.00  0.00  0.00  0.00  0.00  0.00  0.00  0.00  0.00  0.00  0.00  0.00  0.00  0.00  0.00  0.00  0.00  0.00  0.00  0.00  0.00  0.00  0.00  0.00  0.00  0.00  0.00  0.00  0.00  0.00  0.00  0.00  0.00  0.00  0.00  0.00  0.00  0.00  0.00  0.00  0.00  0.00  0.00  0.00  0.00  0.00  0.00  0.00  0.00  0.00  0.00  0.00  0.00  0.00  0.00

 density range (Hz): 0.000000 7.860000