Array Size: 64  64
  0.00  0.10  0.08  0.12  0.14  0.14  0.00  0.00  0.00  0.00  0.00  0.00  0.00  0.00  0.00  0.00  0.00  0.09  0.09  0.13  0.14  0.20  0.00  0.00  0.11  0.10  0.10  0.10  0.10  0.00  0.00  0.00  0.00  0.00  0.00  0.00  0.00  0.00  0.00  0.00  0.00  0.00  0.00  0.00  0.00  0.00  0.00  0.00  0.00  0.00  0.00  0.00  0.00  0.00  0.00  0.00  0.00  0.00  0.00  0.00  0.00  0.00  0.00  0.00
  0.00  0.09  0.08  0.11  0.12  0.11  0.00  0.00  0.00  0.00  0.00  0.00  0.00  0.00  0.00  0.00  0.09  0.18  0.17  0.25  0.25  0.18  0.00  0.00  0.09  0.16  0.16  0.16  0.16  0.12  0.00  0.00  0.00  0.00  0.00  0.00  0.00  0.00  0.00  0.12  0.13  0.09  0.10  0.11  0.00  0.00  0.00  0.00  0.00  0.00  0.00  0.00  0.00  0.00  0.00  0.00  0.00  0.00  0.00  0.00  0.00  0.00  0.00  0.00
  0.00  0.08  0.07  0.10  0.10  0.10  0.00  0.00  0.00  0.00  0.00  0.00  0.00  0.00  0.00  0.11  0.16  0.24  0.24  0.35  0.22  0.14  0.00  0.00  0.07  0.14  0.13  0.13  0.14  0.09  0.00  0.00  0.00  0.00  0.00  0.00  0.00  0.00  0.00  0.10  0.10  0.06  0.07  0.08  0.00  0.00  0.00  0.00  0.00  0.00  0.00  0.00  0.00  0.00  0.00  0.00  0.00  0.00  0.00  0.00  0.00  0.00  0.00  0.00
  0.25  0.26  0.30  0.31  0.18  0.17  0.10  0.00  0.00  0.00  0.00  0.13  0.16  0.00  0.86  0.99  0.83  0.83  0.61  0.34  0.00  0.32  0.30  0.25  0.29  0.37  0.17  0.16  0.17  0.10  0.00  0.00  0.00  0.00  0.00  0.00  0.00  0.00  0.00  0.13  0.12  0.07  0.08  0.09  0.00  0.00  0.00  0.00  0.00  0.00  0.00  0.00  0.00  0.00  0.00  0.00  0.00  0.00  0.00  0.00  0.00  0.00  0.00  0.00
  0.29  0.19  0.29  0.46  0.24  0.23  0.24  0.12  0.00  0.00  0.00  0.16  0.17  0.67  0.93  1.02  1.04  1.18  0.88  0.00  0.00  0.44  0.28  0.27  0.37  0.50  0.23  0.20  0.21  0.11  0.00  0.00  0.00  0.00  0.00  0.00  0.00  0.00  0.00  0.13  0.12  0.08  0.09  0.10  0.00  0.00  0.00  0.00  0.00  0.00  0.00  0.00  0.00  0.00  0.00  0.00  0.00  0.00  0.00  0.00  0.00  0.00  0.00  0.00
  0.94  0.61  0.68  0.74  0.35  0.23  0.24  0.12  0.00  0.00  0.00  0.16  0.16  0.62  1.08  1.18  1.23  1.60  1.67  1.64  1.27  1.21  0.65  0.33  0.22  0.35  0.12  0.12  0.15  0.14  0.00  0.00  0.00  0.00  0.00  0.00  0.00  0.00  0.00  0.15  0.14  0.11  0.13  0.15  0.00  0.00  0.00  0.00  0.00  0.00  0.00  0.00  0.00  0.00  0.00  0.00  0.00  0.00  0.00  0.00  0.00  0.00  0.00  0.00
  0.97  0.62  0.70  0.67  0.35  0.25  0.25  0.12  0.00  0.00  0.00  0.14  0.00  0.49  0.82  0.88  0.88  1.19  1.32  1.30  1.10  1.17  0.70  0.33  0.23  0.25  0.00  0.00  0.00  0.00  0.00  0.00  0.00  0.00  0.00  0.00  0.00  0.00  0.00  0.00  0.00  0.00  0.00  0.00  0.00  0.00  0.00  0.00  0.00  0.00  0.00  0.00  0.00  0.00  0.00  0.00  0.00  0.00  0.00  0.00  0.00  0.00  0.00  0.00
  1.63  1.05  1.00  0.88  0.39  0.26  0.23  0.11  0.00  0.00  0.00  0.17  0.17  0.51  0.81  0.75  0.75  1.21  1.29  1.21  1.17  1.27  0.69  0.42  0.26  0.31  0.00  0.00  0.00  0.00  0.00  0.00  0.00  0.00  0.00  0.00  0.00  0.16  0.17  0.00  0.19  0.12  0.00  0.00  0.00  0.00  0.00  0.00  0.00  0.00  0.00  0.00  0.00  0.00  0.00  0.00  0.00  0.00  0.00  0.00  0.00  0.00  0.00  0.00
  0.00  1.46  1.01  0.84  0.33  0.16  0.13  0.12  0.00  0.00  0.00  0.00  0.00  0.14  0.42  0.38  0.55  0.97  1.25  1.26  1.28  1.10  0.55  0.28  0.11  0.00  0.00  0.00  0.00  0.00  0.00  0.00  0.00  0.00  0.00  0.00  0.00  0.16  0.16  0.19  0.16  0.18  0.10  0.11  0.00  0.00  0.00  0.00  0.00  0.00  0.00  0.00  0.00  0.00  0.00  0.00  0.00  0.00  0.00  0.00  0.00  0.00  0.00  0.00
  0.00  1.33  0.93  0.64  0.16  0.00  0.00  0.00  0.00  0.00  0.00  0.00  0.00  0.00  0.38  0.35  0.53  1.06  1.38  1.26  1.35  1.36  0.81  0.53  0.49  0.36  0.18  0.10  0.11  0.00  0.00  0.00  0.00  0.00  0.00  0.00  0.00  0.00  0.32  0.36  0.28  0.41  0.34  0.36  0.00  0.00  0.00  0.00  0.00  0.00  0.00  0.00  0.00  0.00  0.00  0.00  0.00  0.00  0.00  0.00  0.00  0.00  0.00  0.00
  0.00  0.65  0.42  0.33  0.00  0.00  0.00  0.00  0.00  0.00  0.00  0.00  0.00  0.00  0.14  0.12  0.42  0.74  0.84  0.75  1.03  1.12  0.81  0.71  0.77  0.49  0.15  0.07  0.08  0.00  0.00  0.00  0.00  0.00  0.00  0.00  0.00  0.54  0.80  0.90  0.72  0.56  0.46  0.39  0.00  0.00  0.00  0.00  0.00  0.00  0.00  0.00  0.00  0.00  0.00  0.00  0.00  0.00  0.00  0.00  0.00  0.00  0.00  0.00
  0.00  0.67  0.42  0.33  0.00  0.00  0.00  0.00  0.00  0.00  0.00  0.00  0.00  0.00  0.44  0.37  0.76  1.02  1.00  0.74  0.89  0.92  0.67  0.62  0.68  0.47  0.14  0.07  0.07  0.00  0.00  0.00  0.00  0.00  0.00  0.00  0.00  0.83  0.96  0.98  0.82  0.66  0.48  0.43  0.00  0.00  0.00  0.00  0.00  0.00  0.00  0.00  0.00  0.00  0.00  0.00  0.00  0.00  0.00  0.00  0.00  0.00  0.00  0.00
  0.53  0.32  0.21  0.16  0.00  0.00  0.14  0.15  0.13  0.13  0.14  0.00  0.00  0.00  0.00  0.33  0.72  0.84  0.83  0.53  0.72  0.75  0.63  0.56  0.65  0.42  0.12  0.06  0.06  0.00  0.00  0.00  0.00  0.00  0.00  0.00  0.15  0.79  0.93  0.91  0.81  0.62  0.46  0.40  0.00  0.00  0.00  0.00  0.00  0.00  0.00  0.00  0.00  0.00  0.00  0.00  0.00  0.00  0.00  0.00  0.00  0.00  0.00  0.00
  0.00  0.00  0.00  0.00  0.00  0.00  0.13  0.15  0.14  0.14  0.15  0.00  0.00  0.00  0.22  0.21  0.54  0.72  0.77  0.52  0.66  0.72  0.62  0.49  0.58  0.41  0.12  0.06  0.06  0.00  0.00  0.00  0.00  0.00  0.00  0.00  0.28  0.96  1.31  1.21  1.12  0.75  0.55  0.36  0.00  0.00  0.00  0.00  0.00  0.00  0.00  0.00  0.00  0.00  0.00  0.00  0.00  0.00  0.00  0.00  0.00  0.00  0.00  0.00
  0.00  0.00  0.00  0.00  0.00  0.00  0.24  0.26  0.24  0.00  0.26  0.11  0.10  0.21  0.38  0.35  0.48  0.51  0.60  0.44  0.55  0.54  0.51  0.32  0.27  0.14  0.00  0.00  0.00  0.00  0.00  0.00  0.00  0.00  0.00  0.00  0.19  0.71  1.05  1.03  1.14  0.74  0.51  0.20  0.00  0.00  0.00  0.00  0.00  0.00  0.00  0.00  0.00  0.00  0.00  0.00  0.00  0.00  0.00  0.00  0.00  0.00  0.00  0.00
  0.00  0.00  0.22  0.17  0.14  0.12  0.32  0.21  0.21  0.20  0.22  0.10  0.09  0.19  0.44  0.42  0.47  0.53  0.62  0.41  0.38  0.30  0.28  0.07  0.00  0.00  0.00  0.00  0.00  0.00  0.00  0.00  0.00  0.00  0.00  0.00  0.18  0.58  0.79  0.77  0.83  0.51  0.31  0.12  0.00  0.00  0.00  0.00  0.00  0.00  0.00  0.00  0.00  0.00  0.00  0.00  0.00  0.00  0.00  0.00  0.00  0.00  0.00  0.00
  0.00  0.00  0.43  0.38  0.45  0.55  0.75  0.53  0.54  0.54  0.39  0.19  0.19  0.28  0.28  0.28  0.21  0.24  0.33  0.29  0.40  0.36  0.32  0.15  0.07  0.00  0.00  0.00  0.00  0.00  0.00  0.00  0.00  0.00  0.00  0.00  0.23  0.46  0.68  0.71  0.72  0.36  0.26  0.10  0.00  0.00  0.00  0.00  0.00  0.00  0.00  0.00  0.00  0.00  0.00  0.00  0.00  0.00  0.00  0.00  0.00  0.00  0.00  0.00
  0.49  1.25  1.26  1.27  1.29  1.12  1.25  0.97  0.94  0.93  0.77  0.26  0.27  0.38  0.29  0.29  0.22  0.23  0.33  0.32  0.42  0.37  0.33  0.15  0.06  0.00  0.00  0.00  0.00  0.00  0.00  0.00  0.00  0.00  0.00  0.00  0.16  0.36  0.61  0.67  0.68  0.38  0.29  0.11  0.00  0.00  0.00  0.00  0.00  0.00  0.00  0.00  0.00  0.00  0.00  0.00  0.00  0.00  0.00  0.00  0.00  0.00  0.00  0.00
  0.42  1.18  1.32  1.49  1.56  1.37  1.62  1.32  1.24  1.24  1.06  0.41  0.35  0.47  0.29  0.27  0.20  0.20  0.19  0.19  0.29  0.27  0.23  0.14  0.16  0.15  0.15  0.15  0.14  0.06  0.00  0.00  0.00  0.00  0.00  0.00  0.09  0.19  0.26  0.31  0.36  0.19  0.16  0.12  0.00  0.00  0.00  0.00  0.00  0.00  0.00  0.00  0.00  0.00  0.00  0.00  0.00  0.00  0.00  0.00  0.00  0.00  0.00  0.00
  0.38  0.00  1.71  2.31  1.79  1.45  1.65  1.33  1.24  1.26  1.11  0.39  0.34  0.28  0.10  0.09  0.10  0.09  0.08  0.17  0.24  0.22  0.20  0.19  0.15  0.18  0.18  0.19  0.19  0.11  0.00  0.07  0.08  0.10  0.10  0.12  0.13  0.14  0.13  0.16  0.11  0.00  0.00  0.00  0.00  0.00  0.00  0.00  0.00  0.00  0.00  0.00  0.00  0.00  0.00  0.00  0.00  0.00  0.00  0.00  0.00  0.00  0.00  0.00
  0.36  1.29  0.00  3.22  2.20  1.90  2.04  1.85  1.67  1.79  1.50  0.71  0.41  0.33  0.00  0.00  0.00  0.07  0.07  0.21  0.27  0.26  0.18  0.22  0.17  0.21  0.22  0.28  0.24  0.18  0.06  0.14  0.08  0.10  0.10  0.14  0.00  0.16  0.14  0.16  0.13  0.00  0.00  0.00  0.00  0.00  0.00  0.00  0.00  0.00  0.00  0.00  0.00  0.00  0.00  0.00  0.00  0.00  0.00  0.00  0.00  0.00  0.00  0.00
  0.42  1.42  0.00  3.06  2.07  1.73  2.02  1.97  1.70  1.85  1.63  0.80  0.43  0.27  0.07  0.00  0.00  0.05  0.05  0.17  0.17  0.22  0.21  0.24  0.23  0.29  0.28  0.31  0.30  0.34  0.21  0.29  0.24  0.27  0.11  0.16  0.00  0.00  0.00  0.00  0.00  0.00  0.00  0.00  0.00  0.00  0.00  0.00  0.00  0.00  0.00  0.00  0.00  0.00  0.00  0.00  0.00  0.00  0.00  0.00  0.00  0.00  0.00  0.00
  0.00  0.00  0.00  0.00  1.36  1.32  1.58  1.74  1.43  1.57  1.37  0.87  0.37  0.20  0.06  0.00  0.00  0.05  0.05  0.16  0.16  0.22  0.21  0.33  0.31  0.41  0.40  0.47  0.37  0.47  0.29  0.37  0.30  0.34  0.11  0.16  0.00  0.00  0.00  0.00  0.00  0.10  0.11  0.14  0.00  0.00  0.00  0.00  0.00  0.00  0.00  0.00  0.00  0.00  0.00  0.00  0.00  0.00  0.00  0.00  0.00  0.00  0.00  0.00
  0.00  0.00  0.76  1.63  1.26  1.24  1.39  1.59  1.20  1.34  1.13  0.73  0.26  0.12  0.05  0.00  0.00  0.05  0.05  0.15  0.25  0.31  0.31  0.43  0.34  0.33  0.41  0.55  0.00  0.63  0.52  0.51  0.37  0.44  0.23  0.30  0.00  0.00  0.00  0.00  0.00  0.10  0.10  0.14  0.00  0.00  0.00  0.00  0.00  0.00  0.00  0.00  0.00  0.00  0.00  0.00  0.00  0.00  0.00  0.00  0.00  0.00  0.00  0.00
  0.00  0.00  0.58  1.39  1.14  1.23  1.33  1.69  1.24  1.33  1.04  0.73  0.26  0.12  0.06  0.00  0.05  0.09  0.09  0.10  0.20  0.22  0.23  0.52  0.52  0.48  0.57  0.74  0.39  0.59  0.51  0.40  0.27  0.33  0.11  0.13  0.00  0.00  0.00  0.00  0.00  0.08  0.09  0.11  0.00  0.00  0.00  0.00  0.00  0.00  0.00  0.00  0.00  0.00  0.00  0.00  0.00  0.00  0.00  0.00  0.00  0.00  0.00  0.00
  0.00  0.00  0.00  1.02  0.80  0.72  0.76  0.92  0.58  0.60  0.63  0.47  0.19  0.06  0.06  0.00  0.06  0.05  0.05  0.05  0.16  0.17  0.25  0.53  0.60  0.62  0.73  0.98  0.61  0.78  0.59  0.48  0.34  0.40  0.11  0.13  0.00  0.00  0.00  0.00  0.00  0.08  0.09  0.11  0.00  0.00  0.00  0.00  0.00  0.00  0.00  0.00  0.00  0.00  0.00  0.00  0.00  0.00  0.00  0.00  0.00  0.00  0.00  0.00
  0.00  0.00  0.44  0.72  0.59  0.53  0.51  0.54  0.30  0.30  0.29  0.24  0.06  0.00  0.00  0.00  0.08  0.06  0.06  0.06  0.25  0.43  0.46  0.91  1.03  0.98  0.94  1.29  0.83  0.67  0.48  0.40  0.28  0.20  0.10  0.13  0.00  0.00  0.00  0.00  0.18  0.19  0.20  0.23  0.00  0.00  0.00  0.00  0.00  0.00  0.00  0.00  0.00  0.00  0.00  0.00  0.00  0.00  0.00  0.00  0.00  0.00  0.00  0.00
  0.00  0.00  0.19  0.47  0.38  0.35  0.32  0.32  0.16  0.15  0.14  0.12  0.06  0.00  0.00  0.00  0.08  0.07  0.07  0.06  0.26  0.44  0.51  0.96  1.29  1.25  1.18  1.48  1.11  0.69  0.55  0.47  0.35  0.18  0.16  0.11  0.00  0.00  0.00  0.00  0.16  0.10  0.11  0.13  0.00  0.00  0.00  0.00  0.00  0.00  0.00  0.00  0.00  0.00  0.00  0.00  0.00  0.00  0.00  0.00  0.00  0.00  0.00  0.00
  0.00  0.00  0.18  0.24  0.20  0.19  0.16  0.08  0.07  0.07  0.07  0.07  0.07  0.00  0.00  0.00  0.08  0.07  0.07  0.07  0.15  0.35  0.40  0.91  1.37  1.46  1.22  1.22  0.98  0.52  0.40  0.38  0.33  0.11  0.07  0.00  0.00  0.00  0.00  0.00  0.14  0.19  0.22  0.28  0.00  0.00  0.00  0.00  0.00  0.00  0.00  0.00  0.00  0.00  0.00  0.00  0.00  0.00  0.00  0.00  0.00  0.00  0.00  0.00
  0.00  0.00  0.12  0.10  0.08  0.08  0.08  0.00  0.00  0.00  0.00  0.00  0.00  0.00  0.00  0.00  0.00  0.00  0.00  0.00  0.08  0.35  0.37  0.62  1.07  1.16  0.91  0.96  0.97  0.54  0.49  0.49  0.40  0.17  0.15  0.00  0.00  0.00  0.10  0.10  0.29  0.52  0.63  0.69  0.00  0.00  0.00  0.00  0.00  0.00  0.00  0.00  0.00  0.00  0.00  0.00  0.00  0.00  0.00  0.00  0.00  0.00  0.00  0.00
  0.00  0.00  0.00  0.00  0.00  0.00  0.00  0.00  0.00  0.00  0.00  0.00  0.00  0.00  0.00  0.00  0.00  0.00  0.00  0.00  0.09  0.35  0.38  0.64  1.05  0.93  0.66  0.65  0.70  0.35  0.51  0.50  0.46  0.23  0.29  0.00  0.00  0.00  0.09  0.08  0.24  0.44  0.53  0.60  0.00  0.00  0.00  0.00  0.00  0.00  0.00  0.00  0.00  0.00  0.00  0.00  0.00  0.00  0.00  0.00  0.00  0.00  0.00  0.00
  0.00  0.00  0.00  0.00  0.00  0.00  0.00  0.00  0.00  0.00  0.00  0.00  0.12  0.17  0.17  0.17  0.19  0.08  0.00  0.00  0.00  0.00  0.00  0.09  0.50  0.52  0.48  0.48  0.53  0.28  0.48  0.48  0.42  0.28  0.29  0.00  0.00  0.00  0.09  0.16  0.34  0.48  0.55  0.59  0.00  0.00  0.00  0.00  0.00  0.00  0.00  0.00  0.00  0.00  0.00  0.00  0.00  0.00  0.00  0.00  0.00  0.00  0.00  0.00
  0.00  0.00  0.00  0.00  0.00  0.00  0.00  0.00  0.00  0.00  0.00  0.00  0.12  0.16  0.16  0.16  0.18  0.08  0.00  0.00  0.00  0.00  0.00  0.00  0.19  0.18  0.16  0.21  0.25  0.12  0.31  0.34  0.26  0.22  0.23  0.00  0.00  0.00  0.09  0.22  0.41  0.50  0.57  0.59  0.00  0.00  0.00  0.00  0.00  0.00  0.00  0.00  0.00  0.00  0.00  0.00  0.00  0.00  0.00  0.00  0.00  0.00  0.00  0.00
  0.00  0.00  0.00  0.00  0.00  0.00  0.00  0.00  0.00  0.00  0.00  0.00  0.10  0.15  0.15  0.16  0.18  0.08  0.00  0.00  0.00  0.00  0.00  0.00  0.00  0.00  0.00  0.07  0.07  0.06  0.25  0.27  0.19  0.21  0.22  0.00  0.00  0.00  0.08  0.21  0.41  0.45  0.51  0.52  0.00  0.00  0.00  0.00  0.00  0.00  0.00  0.00  0.00  0.00  0.00  0.00  0.00  0.00  0.00  0.00  0.00  0.00  0.00  0.00
  0.00  0.00  0.00  0.00  0.00  0.00  0.00  0.00  0.00  0.00  0.00  0.00  0.10  0.15  0.15  0.23  0.37  0.32  0.24  0.34  0.25  0.09  0.08  0.09  0.00  0.00  0.00  0.00  0.00  0.00  0.12  0.12  0.10  0.11  0.12  0.00  0.00  0.00  0.00  0.15  0.32  0.31  0.35  0.38  0.00  0.00  0.00  0.00  0.00  0.00  0.00  0.00  0.00  0.00  0.00  0.00  0.00  0.00  0.00  0.00  0.00  0.00  0.00  0.00
  0.00  0.00  0.00  0.00  0.00  0.00  0.00  0.00  0.00  0.00  0.00  0.00  0.10  0.20  0.24  0.35  0.50  0.49  0.33  0.32  0.24  0.08  0.08  0.08  0.00  0.00  0.00  0.00  0.00  0.00  0.00  0.00  0.00  0.00  0.00  0.00  0.00  0.00  0.00  0.17  0.37  0.35  0.39  0.43  0.00  0.00  0.00  0.00  0.00  0.00  0.00  0.00  0.00  0.00  0.00  0.00  0.00  0.00  0.00  0.00  0.00  0.00  0.00  0.00
  0.10  0.09  0.07  0.00  0.00  0.00  0.00  0.00  0.00  0.08  0.07  0.19  0.30  0.38  0.37  0.60  0.68  0.59  0.53  0.53  0.37  0.18  0.17  0.08  0.00  0.00  0.00  0.00  0.00  0.00  0.00  0.00  0.00  0.00  0.00  0.00  0.00  0.00  0.00  0.08  0.11  0.09  0.11  0.13  0.00  0.00  0.00  0.00  0.00  0.00  0.00  0.00  0.00  0.00  0.00  0.00  0.00  0.00  0.00  0.00  0.00  0.00  0.00  0.00
  0.09  0.08  0.07  0.00  0.00  0.00  0.00  0.00  0.00  0.08  0.07  0.21  0.35  0.43  0.42  0.68  0.74  0.59  0.54  0.54  0.36  0.18  0.16  0.08  0.00  0.00  0.00  0.00  0.00  0.00  0.00  0.00  0.00  0.00  0.00  0.00  0.00  0.00  0.00  0.00  0.24  0.23  0.25  0.28  0.00  0.00  0.00  0.00  0.00  0.00  0.00  0.00  0.00  0.00  0.00  0.00  0.00  0.00  0.00  0.00  0.00  0.00  0.00  0.00
  0.10  0.17  0.13  0.18  0.19  0.18  0.09  0.10  0.00  0.19  0.17  0.43  0.64  0.71  0.61  0.86  0.92  0.70  0.66  0.66  0.49  0.20  0.18  0.08  0.00  0.00  0.00  0.00  0.00  0.00  0.00  0.00  0.00  0.00  0.00  0.00  0.00  0.00  0.00  0.00  0.29  0.29  0.30  0.33  0.00  0.00  0.00  0.00  0.00  0.00  0.00  0.00  0.00  0.00  0.00  0.00  0.00  0.00  0.00  0.00  0.00  0.00  0.00  0.00
  0.06  0.15  0.13  0.16  0.18  0.28  0.09  0.22  0.20  0.38  0.71  0.83  1.18  1.43  1.55  1.61  1.75  1.32  0.97  0.78  0.40  0.40  0.75  0.62  0.59  0.52  0.47  0.18  0.00  0.00  0.00  0.00  0.00  0.04  0.05  0.11  0.16  0.16  0.09  0.14  0.28  0.22  0.23  0.25  0.00  0.00  0.00  0.00  0.00  0.00  0.00  0.00  0.00  0.00  0.00  0.00  0.00  0.00  0.00  0.00  0.00  0.00  0.00  0.00
  0.08  0.21  0.17  0.17  0.20  0.31  0.11  0.25  0.25  0.44  0.85  0.98  1.44  1.61  1.72  1.74  1.86  1.32  1.04  0.98  0.52  0.53  0.98  0.00  0.70  0.60  0.55  0.22  0.00  0.00  0.00  0.00  0.00  0.06  0.06  0.15  0.21  0.21  0.11  0.16  0.30  0.23  0.25  0.26  0.00  0.00  0.00  0.00  0.00  0.00  0.00  0.00  0.00  0.00  0.00  0.00  0.00  0.00  0.00  0.00  0.00  0.00  0.00  0.00
  0.00  0.15  0.12  0.18  0.22  0.36  0.12  0.30  0.29  0.39  0.85  0.84  1.24  1.47  1.75  1.69  1.99  1.54  1.08  0.98  0.52  0.54  1.06  0.83  0.78  0.67  0.61  0.24  0.00  0.00  0.00  0.00  0.00  0.07  0.07  0.19  0.30  0.27  0.15  0.21  0.33  0.25  0.26  0.27  0.00  0.00  0.00  0.00  0.00  0.00  0.00  0.00  0.00  0.00  0.00  0.00  0.00  0.00  0.00  0.00  0.00  0.00  0.00  0.00
  0.00  0.00  0.00  0.00  0.00  0.00  0.00  0.00  0.00  0.00  0.00  0.00  0.00  0.00  0.00  0.00  0.00  0.00  0.00  0.00  0.00  0.00  0.00  0.00  0.00  0.00  0.00  0.00  0.00  0.00  0.00  0.00  0.00  0.00  0.00  0.00  0.00  0.00  0.00  0.00  0.00  0.00  0.00  0.00  0.00  0.00  0.00  0.00  0.00  0.00  0.00  0.00  0.00  0.00  0.00  0.00  0.00  0.00  0.00  0.00  0.00  0.00  0.00  0.00
  0.00  0.00  0.00  0.00  0.00  0.00  0.00  0.00  0.00  0.00  0.00  0.00  0.00  0.00  0.00  0.00  0.00  0.00  0.00  0.00  0.00  0.00  0.00  0.00  0.00  0.00  0.00  0.00  0.00  0.00  0.00  0.00  0.00  0.00  0.00  0.00  0.00  0.00  0.00  0.00  0.00  0.00  0.00  0.00  0.00  0.00  0.00  0.00  0.00  0.00  0.00  0.00  0.00  0.00  0.00  0.00  0.00  0.00  0.00  0.00  0.00  0.00  0.00  0.00
  0.00  0.00  0.00  0.00  0.00  0.00  0.00  0.00  0.00  0.00  0.00  0.00  0.00  0.00  0.00  0.00  0.00  0.00  0.00  0.00  0.00  0.00  0.00  0.00  0.00  0.00  0.00  0.00  0.00  0.00  0.00  0.00  0.00  0.00  0.00  0.00  0.00  0.00  0.00  0.00  0.00  0.00  0.00  0.00  0.00  0.00  0.00  0.00  0.00  0.00  0.00  0.00  0.00  0.00  0.00  0.00  0.00  0.00  0.00  0.00  0.00  0.00  0.00  0.00
  0.00  0.00  0.00  0.00  0.00  0.00  0.00  0.00  0.00  0.00  0.00  0.00  0.00  0.00  0.00  0.00  0.00  0.00  0.00  0.00  0.00  0.00  0.00  0.00  0.00  0.00  0.00  0.00  0.00  0.00  0.00  0.00  0.00  0.00  0.00  0.00  0.00  0.00  0.00  0.00  0.00  0.00  0.00  0.00  0.00  0.00  0.00  0.00  0.00  0.00  0.00  0.00  0.00  0.00  0.00  0.00  0.00  0.00  0.00  0.00  0.00  0.00  0.00  0.00
  0.00  0.00  0.00  0.00  0.00  0.00  0.00  0.00  0.00  0.00  0.00  0.00  0.00  0.00  0.00  0.00  0.00  0.00  0.00  0.00  0.00  0.00  0.00  0.00  0.00  0.00  0.00  0.00  0.00  0.00  0.00  0.00  0.00  0.00  0.00  0.00  0.00  0.00  0.00  0.00  0.00  0.00  0.00  0.00  0.00  0.00  0.00  0.00  0.00  0.00  0.00  0.00  0.00  0.00  0.00  0.00  0.00  0.00  0.00  0.00  0.00  0.00  0.00  0.00
  0.00  0.00  0.00  0.00  0.00  0.00  0.00  0.00  0.00  0.00  0.00  0.00  0.00  0.00  0.00  0.00  0.00  0.00  0.00  0.00  0.00  0.00  0.00  0.00  0.00  0.00  0.00  0.00  0.00  0.00  0.00  0.00  0.00  0.00  0.00  0.00  0.00  0.00  0.00  0.00  0.00  0.00  0.00  0.00  0.00  0.00  0.00  0.00  0.00  0.00  0.00  0.00  0.00  0.00  0.00  0.00  0.00  0.00  0.00  0.00  0.00  0.00  0.00  0.00
  0.00  0.00  0.00  0.00  0.00  0.00  0.00  0.00  0.00  0.00  0.00  0.00  0.00  0.00  0.00  0.00  0.00  0.00  0.00  0.00  0.00  0.00  0.00  0.00  0.00  0.00  0.00  0.00  0.00  0.00  0.00  0.00  0.00  0.00  0.00  0.00  0.00  0.00  0.00  0.00  0.00  0.00  0.00  0.00  0.00  0.00  0.00  0.00  0.00  0.00  0.00  0.00  0.00  0.00  0.00  0.00  0.00  0.00  0.00  0.00  0.00  0.00  0.00  0.00
  0.00  0.00  0.00  0.00  0.00  0.00  0.00  0.00  0.00  0.00  0.00  0.00  0.00  0.00  0.00  0.00  0.00  0.00  0.00  0.00  0.00  0.00  0.00  0.00  0.00  0.00  0.00  0.00  0.00  0.00  0.00  0.00  0.00  0.00  0.00  0.00  0.00  0.00  0.00  0.00  0.00  0.00  0.00  0.00  0.00  0.00  0.00  0.00  0.00  0.00  0.00  0.00  0.00  0.00  0.00  0.00  0.00  0.00  0.00  0.00  0.00  0.00  0.00  0.00
  0.00  0.00  0.00  0.00  0.00  0.00  0.00  0.00  0.00  0.00  0.00  0.00  0.00  0.00  0.00  0.00  0.00  0.00  0.00  0.00  0.00  0.00  0.00  0.00  0.00  0.00  0.00  0.00  0.00  0.00  0.00  0.00  0.00  0.00  0.00  0.00  0.00  0.00  0.00  0.00  0.00  0.00  0.00  0.00  0.00  0.00  0.00  0.00  0.00  0.00  0.00  0.00  0.00  0.00  0.00  0.00  0.00  0.00  0.00  0.00  0.00  0.00  0.00  0.00
  0.00  0.00  0.00  0.00  0.00  0.00  0.00  0.00  0.00  0.00  0.00  0.00  0.00  0.00  0.00  0.00  0.00  0.00  0.00  0.00  0.00  0.00  0.00  0.00  0.00  0.00  0.00  0.00  0.00  0.00  0.00  0.00  0.00  0.00  0.00  0.00  0.00  0.00  0.00  0.00  0.00  0.00  0.00  0.00  0.00  0.00  0.00  0.00  0.00  0.00  0.00  0.00  0.00  0.00  0.00  0.00  0.00  0.00  0.00  0.00  0.00  0.00  0.00  0.00
  0.00  0.00  0.00  0.00  0.00  0.00  0.00  0.00  0.00  0.00  0.00  0.00  0.00  0.00  0.00  0.00  0.00  0.00  0.00  0.00  0.00  0.00  0.00  0.00  0.00  0.00  0.00  0.00  0.00  0.00  0.00  0.00  0.00  0.00  0.00  0.00  0.00  0.00  0.00  0.00  0.00  0.00  0.00  0.00  0.00  0.00  0.00  0.00  0.00  0.00  0.00  0.00  0.00  0.00  0.00  0.00  0.00  0.00  0.00  0.00  0.00  0.00  0.00  0.00
  0.00  0.00  0.00  0.00  0.00  0.00  0.00  0.00  0.00  0.00  0.00  0.00  0.00  0.00  0.00  0.00  0.00  0.00  0.00  0.00  0.00  0.00  0.00  0.00  0.00  0.00  0.00  0.00  0.00  0.00  0.00  0.00  0.00  0.00  0.00  0.00  0.00  0.00  0.00  0.00  0.00  0.00  0.00  0.00  0.00  0.00  0.00  0.00  0.00  0.00  0.00  0.00  0.00  0.00  0.00  0.00  0.00  0.00  0.00  0.00  0.00  0.00  0.00  0.00
  0.00  0.00  0.00  0.00  0.00  0.00  0.00  0.00  0.00  0.00  0.00  0.00  0.00  0.00  0.00  0.00  0.00  0.00  0.00  0.00  0.00  0.00  0.00  0.00  0.00  0.00  0.00  0.00  0.00  0.00  0.00  0.00  0.00  0.00  0.00  0.00  0.00  0.00  0.00  0.00  0.00  0.00  0.00  0.00  0.00  0.00  0.00  0.00  0.00  0.00  0.00  0.00  0.00  0.00  0.00  0.00  0.00  0.00  0.00  0.00  0.00  0.00  0.00  0.00
  0.00  0.00  0.00  0.00  0.00  0.00  0.00  0.00  0.00  0.00  0.00  0.00  0.00  0.00  0.00  0.00  0.00  0.00  0.00  0.00  0.00  0.00  0.00  0.00  0.00  0.00  0.00  0.00  0.00  0.00  0.00  0.00  0.00  0.00  0.00  0.00  0.00  0.00  0.00  0.00  0.00  0.00  0.00  0.00  0.00  0.00  0.00  0.00  0.00  0.00  0.00  0.00  0.00  0.00  0.00  0.00  0.00  0.00  0.00  0.00  0.00  0.00  0.00  0.00
  0.00  0.00  0.00  0.00  0.00  0.00  0.00  0.00  0.00  0.00  0.00  0.00  0.00  0.00  0.00  0.00  0.00  0.00  0.00  0.00  0.00  0.00  0.00  0.00  0.00  0.00  0.00  0.00  0.00  0.00  0.00  0.00  0.00  0.00  0.00  0.00  0.00  0.00  0.00  0.00  0.00  0.00  0.00  0.00  0.00  0.00  0.00  0.00  0.00  0.00  0.00  0.00  0.00  0.00  0.00  0.00  0.00  0.00  0.00  0.00  0.00  0.00  0.00  0.00
  0.00  0.00  0.00  0.00  0.00  0.00  0.00  0.00  0.00  0.00  0.00  0.00  0.00  0.00  0.00  0.00  0.00  0.00  0.00  0.00  0.00  0.00  0.00  0.00  0.00  0.00  0.00  0.00  0.00  0.00  0.00  0.00  0.00  0.00  0.00  0.00  0.00  0.00  0.00  0.00  0.00  0.00  0.00  0.00  0.00  0.00  0.00  0.00  0.00  0.00  0.00  0.00  0.00  0.00  0.00  0.00  0.00  0.00  0.00  0.00  0.00  0.00  0.00  0.00
  0.00  0.00  0.00  0.00  0.00  0.00  0.00  0.00  0.00  0.00  0.00  0.00  0.00  0.00  0.00  0.00  0.00  0.00  0.00  0.00  0.00  0.00  0.00  0.00  0.00  0.00  0.00  0.00  0.00  0.00  0.00  0.00  0.00  0.00  0.00  0.00  0.00  0.00  0.00  0.00  0.00  0.00  0.00  0.00  0.00  0.00  0.00  0.00  0.00  0.00  0.00  0.00  0.00  0.00  0.00  0.00  0.00  0.00  0.00  0.00  0.00  0.00  0.00  0.00
  0.00  0.00  0.00  0.00  0.00  0.00  0.00  0.00  0.00  0.00  0.00  0.00  0.00  0.00  0.00  0.00  0.00  0.00  0.00  0.00  0.00  0.00  0.00  0.00  0.00  0.00  0.00  0.00  0.00  0.00  0.00  0.00  0.00  0.00  0.00  0.00  0.00  0.00  0.00  0.00  0.00  0.00  0.00  0.00  0.00  0.00  0.00  0.00  0.00  0.00  0.00  0.00  0.00  0.00  0.00  0.00  0.00  0.00  0.00  0.00  0.00  0.00  0.00  0.00
  0.00  0.00  0.00  0.00  0.00  0.00  0.00  0.00  0.00  0.00  0.00  0.00  0.00  0.00  0.00  0.00  0.00  0.00  0.00  0.00  0.00  0.00  0.00  0.00  0.00  0.00  0.00  0.00  0.00  0.00  0.00  0.00  0.00  0.00  0.00  0.00  0.00  0.00  0.00  0.00  0.00  0.00  0.00  0.00  0.00  0.00  0.00  0.00  0.00  0.00  0.00  0.00  0.00  0.00  0.00  0.00  0.00  0.00  0.00  0.00  0.00  0.00  0.00  0.00
  0.00  0.00  0.00  0.00  0.00  0.00  0.00  0.00  0.00  0.00  0.00  0.00  0.00  0.00  0.00  0.00  0.00  0.00  0.00  0.00  0.00  0.00  0.00  0.00  0.00  0.00  0.00  0.00  0.00  0.00  0.00  0.00  0.00  0.00  0.00  0.00  0.00  0.00  0.00  0.00  0.00  0.00  0.00  0.00  0.00  0.00  0.00  0.00  0.00  0.00  0.00  0.00  0.00  0.00  0.00  0.00  0.00  0.00  0.00  0.00  0.00  0.00  0.00  0.00
  0.00  0.00  0.00  0.00  0.00  0.00  0.00  0.00  0.00  0.00  0.00  0.00  0.00  0.00  0.00  0.00  0.00  0.00  0.00  0.00  0.00  0.00  0.00  0.00  0.00  0.00  0.00  0.00  0.00  0.00  0.00  0.00  0.00  0.00  0.00  0.00  0.00  0.00  0.00  0.00  0.00  0.00  0.00  0.00  0.00  0.00  0.00  0.00  0.00  0.00  0.00  0.00  0.00  0.00  0.00  0.00  0.00  0.00  0.00  0.00  0.00  0.00  0.00  0.00
  0.00  0.00  0.00  0.00  0.00  0.00  0.00  0.00  0.00  0.00  0.00  0.00  0.00  0.00  0.00  0.00  0.00  0.00  0.00  0.00  0.00  0.00  0.00  0.00  0.00  0.00  0.00  0.00  0.00  0.00  0.00  0.00  0.00  0.00  0.00  0.00  0.00  0.00  0.00  0.00  0.00  0.00  0.00  0.00  0.00  0.00  0.00  0.00  0.00  0.00  0.00  0.00  0.00  0.00  0.00  0.00  0.00  0.00  0.00  0.00  0.00  0.00  0.00  0.00

 density range (Hz): 0.000000 3.216374