Array Size: 64  64
  4.04  0.94  0.30  1.04  0.14  0.10  0.16  0.12  4.12  0.34  2.10  0.12  0.28  0.34  0.34  0.08  3.84  0.24  2.44  0.38  0.66  0.54  0.20  0.46  1.40  0.12  2.26  0.38  0.26  0.40  0.22  0.44  0.52  1.06  0.66  0.58  0.34  2.28  0.52  0.24  0.32  0.26  1.54  0.28  0.00  0.00  0.00  0.00  0.00  0.00  0.00  0.00  0.00  0.00  0.00  0.00  0.00  0.00  0.00  0.00  0.00  0.00  0.00  0.00
  0.28  0.36  0.42  1.98  0.92  0.58  0.32  0.46  0.16  0.88  0.38  0.26  0.12  0.14  0.24  0.66  0.62  0.22  0.52  0.30  0.16  0.16  0.02  0.38  0.54  0.54  1.46  0.78  0.28  0.22  0.14  0.16  0.28  0.98  0.76  0.18  0.04  0.06  0.12  0.48  0.14  0.20  0.32  1.14  0.00  0.00  0.00  0.00  0.00  0.00  0.00  0.00  0.00  0.00  0.00  0.00  0.00  0.00  0.00  0.00  0.00  0.00  0.00  0.00
  0.56  0.22  0.08  0.16  0.66  0.14  0.20  0.22  0.78  0.74  0.36  0.20  0.10  0.10  0.14  0.16  0.22  0.20  0.42  0.34  0.52  0.32  0.26  0.22  0.08  0.22  0.70  0.50  0.38  1.42  0.64  0.10  0.06  0.22  0.38  0.40  0.08  0.14  0.04  0.44  0.12  1.02  0.38  1.90  0.00  0.00  0.00  0.00  0.00  0.00  0.00  0.00  0.00  0.00  0.00  0.00  0.00  0.00  0.00  0.00  0.00  0.00  0.00  0.00
  0.40  0.10  0.12  0.34  0.20  0.02  0.64  0.70  0.32  0.02  0.60  0.18  0.18  0.00  0.06  0.14  0.10  0.18  0.24  0.06  0.00  0.10  0.30  0.20  0.52  0.50  0.64  0.26  0.50  0.88  0.30  0.42  0.48  0.32  0.40  0.72  0.34  0.64  0.18  0.50  0.18  0.20  0.54  1.24  0.00  0.00  0.00  0.00  0.00  0.00  0.00  0.00  0.00  0.00  0.00  0.00  0.00  0.00  0.00  0.00  0.00  0.00  0.00  0.00
  0.10  0.24  0.52  0.52  0.16  0.02  0.38  0.20  0.08  0.26  0.68  0.40  0.18  0.16  0.16  0.32  0.20  0.18  0.28  0.00  0.00  0.06  0.62  0.74  0.14  0.72  0.32  0.56  0.80  0.28  0.16  0.22  0.08  0.12  0.42  0.30  0.46  0.50  0.28  0.24  0.56  0.64  0.76  1.94  0.00  0.00  0.00  0.00  0.00  0.00  0.00  0.00  0.00  0.00  0.00  0.00  0.00  0.00  0.00  0.00  0.00  0.00  0.00  0.00
  0.06  0.16  0.34  0.84  0.32  0.34  0.98  0.38  0.42  0.42  0.30  0.32  0.16  0.36  0.42  0.36  0.50  0.20  0.46  0.36  0.32  0.28  0.22  0.30  0.30  0.24  0.02  0.06  0.40  0.16  0.00  0.26  0.20  0.16  0.58  0.24  0.74  0.18  0.38  0.14  0.06  0.32  0.22  0.08  0.00  0.00  0.00  0.00  0.00  0.00  0.00  0.00  0.00  0.00  0.00  0.00  0.00  0.00  0.00  0.00  0.00  0.00  0.00  0.00
  0.06  0.18  0.30  0.04  0.10  0.42  0.36  0.28  0.14  0.12  0.28  0.30  0.00  0.02  0.18  1.38  0.84  0.26  0.06  0.18  0.72  0.30  0.18  0.18  0.38  0.16  0.00  0.12  0.12  0.16  0.34  0.32  0.32  0.34  0.10  0.32  0.26  0.50  0.36  0.00  0.16  0.10  0.28  0.08  0.00  0.00  0.00  0.00  0.00  0.00  0.00  0.00  0.00  0.00  0.00  0.00  0.00  0.00  0.00  0.00  0.00  0.00  0.00  0.00
  0.12  0.12  0.36  0.02  0.18  0.84  0.30  0.24  0.38  0.12  0.16  0.42  0.14  0.36  0.08  0.20  0.92  0.04  0.38  0.28  0.42  0.12  0.38  0.30  0.60  1.16  0.08  0.02  0.06  0.16  0.40  0.02  0.40  0.04  0.24  0.30  0.46  0.12  0.28  0.00  0.18  0.02  0.34  0.08  0.00  0.00  0.00  0.00  0.00  0.00  0.00  0.00  0.00  0.00  0.00  0.00  0.00  0.00  0.00  0.00  0.00  0.00  0.00  0.00
  0.00  0.30  0.24  0.28  0.18  0.40  0.08  0.20  0.58  0.66  0.32  0.26  0.28  0.44  0.50  0.72  0.86  0.52  0.22  0.34  0.52  0.40  0.20  0.30  0.62  0.24  0.24  0.08  0.52  0.36  0.12  0.26  0.34  0.12  0.12  0.12  0.44  0.12  0.16  0.22  0.16  0.14  0.22  2.26  0.00  0.00  0.00  0.00  0.00  0.00  0.00  0.00  0.00  0.00  0.00  0.00  0.00  0.00  0.00  0.00  0.00  0.00  0.00  0.00
  0.00  0.20  0.02  0.18  0.40  0.08  0.14  0.08  0.74  0.26  0.00  0.10  0.06  0.14  0.16  0.50  0.32  0.36  0.20  0.30  0.50  1.36  0.74  0.26  0.20  0.08  0.38  0.18  0.36  0.24  0.58  0.50  0.36  0.30  0.00  0.08  0.18  0.00  0.20  0.32  0.44  0.24  0.22  2.18  0.00  0.00  0.00  0.00  0.00  0.00  0.00  0.00  0.00  0.00  0.00  0.00  0.00  0.00  0.00  0.00  0.00  0.00  0.00  0.00
  0.00  0.12  0.16  0.04  0.38  0.38  0.10  0.38  0.26  0.90  0.36  0.14  0.22  0.12  0.02  0.54  0.58  0.44  0.62  0.26  0.24  0.52  0.68  0.36  0.44  0.42  0.60  0.44  0.34  0.36  0.28  0.16  0.16  0.20  0.30  0.36  0.30  0.22  0.48  0.44  0.18  0.28  0.78  1.68  0.00  0.00  0.00  0.00  0.00  0.00  0.00  0.00  0.00  0.00  0.00  0.00  0.00  0.00  0.00  0.00  0.00  0.00  0.00  0.00
  0.00  0.16  0.32  0.36  0.16  0.34  0.28  0.34  0.20  0.16  0.16  0.18  0.08  0.30  0.06  0.10  0.14  0.24  0.70  0.62  0.14  0.58  0.42  0.76  1.28  0.70  0.82  0.56  0.84  0.60  0.46  0.08  0.12  0.26  0.10  0.12  0.46  0.14  0.14  0.34  0.18  0.56  0.74  9.82  0.00  0.00  0.00  0.00  0.00  0.00  0.00  0.00  0.00  0.00  0.00  0.00  0.00  0.00  0.00  0.00  0.00  0.00  0.00  0.00
  0.10  0.18  0.22  0.22  0.52  0.24  0.12  0.32  0.28  0.12  0.96  0.00  0.08  0.30  0.00  0.20  0.52  0.38  0.60  0.54  0.54  0.80  0.60  0.54  0.54  1.08  0.44  0.78  1.58  1.16  0.48  0.26  0.42  0.00  0.66  0.00  0.20  0.16  0.10  0.26  0.38  0.82  0.28  0.20  0.00  0.00  0.00  0.00  0.00  0.00  0.00  0.00  0.00  0.00  0.00  0.00  0.00  0.00  0.00  0.00  0.00  0.00  0.00  0.00
  0.00  0.00  0.48  0.22  0.32  0.30  0.02  0.26  0.20  0.42  0.50  0.12  0.32  0.72  0.24  0.22  0.94  0.54  0.56  0.32  1.40  0.72  1.80  0.28  0.62  0.34  0.24  0.30  0.98  0.34  0.30  0.00  0.34  0.00  0.14  0.02  0.26  0.16  0.44  0.66  0.68  0.34  0.30  0.38  0.00  0.00  0.00  0.00  0.00  0.00  0.00  0.00  0.00  0.00  0.00  0.00  0.00  0.00  0.00  0.00  0.00  0.00  0.00  0.00
  0.00  0.02  0.14  0.34  0.36  0.44  0.16  0.44  0.22  0.00  0.30  0.48  0.42  0.70  0.70  0.48  0.22  0.36  0.30  0.26  0.58  1.00  0.38  0.30  0.42  0.42  0.92  0.78  0.74  0.70  0.58  0.36  0.14  0.08  0.06  0.32  0.36  0.60  0.38  0.64  0.44  0.84  0.50  2.46  0.00  0.00  0.00  0.00  0.00  0.00  0.00  0.00  0.00  0.00  0.00  0.00  0.00  0.00  0.00  0.00  0.00  0.00  0.00  0.00
  0.00  0.08  0.06  0.18  0.54  0.24  0.44  0.74  0.28  0.26  0.10  0.24  0.44  0.60  0.62  0.34  0.20  0.30  0.32  0.38  0.52  0.70  0.44  0.56  0.28  0.64  0.72  0.32  0.54  0.68  0.74  0.72  0.64  1.00  0.44  0.50  0.04  0.38  0.96  1.70  0.62  0.50  0.54  1.10  0.00  0.00  0.00  0.00  0.00  0.00  0.00  0.00  0.00  0.00  0.00  0.00  0.00  0.00  0.00  0.00  0.00  0.00  0.00  0.00
  0.00  0.06  0.08  0.44  0.32  0.24  0.20  0.40  0.68  0.76  0.20  0.10  0.28  0.78  0.94  0.26  0.06  0.86  0.36  0.36  0.32  0.48  0.36  0.52  0.94  0.94  0.58  0.46  0.52  0.96  0.54  0.36  1.04  1.02  0.96  0.42  0.74  1.56  0.84  0.92  0.74  0.48  0.60  5.34  0.00  0.00  0.00  0.00  0.00  0.00  0.00  0.00  0.00  0.00  0.00  0.00  0.00  0.00  0.00  0.00  0.00  0.00  0.00  0.00
  0.02  0.12  0.10  0.28  0.36  0.24  0.46  0.72  0.68  0.86  0.40  0.40  0.48  0.50  0.26  0.02  0.74  0.38  0.48  0.20  0.32  0.32  0.44  0.36  0.42  0.30  1.06  1.30  0.82  0.82  0.94  0.82  0.20  1.26  0.34  0.24  0.44  0.24  0.54  0.38  0.38  0.08  1.20  1.80  0.00  0.00  0.00  0.00  0.00  0.00  0.00  0.00  0.00  0.00  0.00  0.00  0.00  0.00  0.00  0.00  0.00  0.00  0.00  0.00
  0.74  0.02  0.14  0.10  0.12  0.26  0.42  0.68  1.00  0.52  0.28  0.46  0.40  0.38  0.34  0.16  0.26  0.44  0.26  0.46  0.16  0.18  0.54  0.88  1.12  0.26  0.82  0.50  0.56  0.80  1.06  0.82  0.18  0.14  0.14  0.18  1.44  0.34  0.42  0.54  0.64  0.34  1.34  3.42  0.00  0.00  0.00  0.00  0.00  0.00  0.00  0.00  0.00  0.00  0.00  0.00  0.00  0.00  0.00  0.00  0.00  0.00  0.00  0.00
  0.48  0.00  0.14  0.16  0.22  0.22  1.04  0.78  0.70  0.64  0.60  0.40  0.58  0.90  0.28  0.30  0.08  0.46  0.36  0.68  0.12  0.10  0.72  0.64  0.70  0.84  1.96  0.68  0.54  1.04  0.40  0.24  0.68  0.30  0.42  0.28  0.18  0.30  0.18  0.02  0.22  0.08  0.36  0.54  0.02  0.00  0.00  0.00  0.00  0.00  0.00  0.00  0.00  0.00  0.00  0.00  0.00  0.00  0.00  0.00  0.00  0.00  0.00  0.00
  0.38  0.10  0.00  0.04  0.14  0.14  0.54  1.00  0.78  0.38  0.56  0.54  0.50  0.40  0.40  0.50  0.60  0.64  0.68  0.48  0.80  0.46  0.72  0.48  1.02  0.64  1.72  1.16  0.74  0.50  0.40  0.02  1.14  0.30  0.34  0.30  0.00  0.10  0.18  0.02  0.14  0.06  0.48  0.74  0.00  0.00  0.00  0.00  0.00  0.00  0.00  0.00  0.00  0.00  0.00  0.00  0.00  0.00  0.00  0.00  0.00  0.00  0.00  0.00
  0.18  0.20  0.00  0.02  0.04  0.30  1.80  0.96  0.96  0.42  0.56  0.60  0.76  0.24  0.52  0.34  0.40  1.08  0.48  1.10  0.56  0.84  0.86  0.96  1.20  0.82  0.86  1.42  0.40  0.32  0.44  0.68  0.88  0.20  0.18  0.22  0.32  0.12  0.08  0.08  0.46  0.18  0.48  0.48  0.02  0.00  0.00  0.00  0.00  0.00  0.00  0.00  0.00  0.00  0.00  0.00  0.00  0.00  0.00  0.00  0.00  0.00  0.00  0.00
  0.22  0.18  0.00  0.00  0.22  0.66  0.56  1.18  0.94  0.42  0.26  0.56  0.84  0.46  0.52  0.90  0.88  0.78  1.42  0.72  0.68  0.64  0.82  0.98  0.78  1.36  1.28  0.80  0.52  0.54  1.18  0.56  0.96  0.42  0.22  0.10  0.18  0.44  0.26  0.06  0.54  0.48  0.28  0.68  0.00  0.00  0.00  0.00  0.00  0.00  0.00  0.00  0.00  0.00  0.00  0.00  0.00  0.00  0.00  0.00  0.00  0.00  0.00  0.00
  0.22  0.16  0.12  0.22  0.30  0.34  0.52  0.18  0.30  0.50  0.52  0.40  1.02  0.72  0.80  1.20  0.96  1.76  1.14  1.08  0.60  0.50  1.22  1.22  1.18  1.40  2.22  0.86  0.00  0.04  0.24  1.18  0.72  0.32  0.24  0.24  0.12  0.48  0.04  0.12  1.00  0.76  0.14  0.34  0.00  0.00  0.00  0.00  0.00  0.00  0.00  0.00  0.00  0.00  0.00  0.00  0.00  0.00  0.00  0.00  0.00  0.00  0.00  0.00
  0.46  0.20  0.18  0.36  2.12  0.42  0.54  0.24  0.62  0.78  0.52  0.48  0.42  0.86  0.18  0.58  1.44  0.62  0.72  0.82  0.20  0.40  0.56  0.32  1.22  0.88  1.10  1.20  0.26  0.20  0.50  0.82  0.62  0.44  0.20  0.38  0.20  0.22  0.00  0.18  0.34  0.54  0.26  1.12  0.00  0.00  0.00  0.00  0.00  0.00  0.00  0.00  0.00  0.00  0.00  0.00  0.00  0.00  0.00  0.00  0.00  0.00  0.00  0.00
  0.06  0.10  0.00  0.36  0.68  0.78  0.60  0.30  0.30  0.48  0.52  0.40  0.62  1.68  0.82  0.56  0.60  0.02  0.54  1.40  1.24  0.72  0.42  0.36  0.98  0.42  0.26  0.22  0.52  0.20  0.90  0.24  0.48  0.64  0.26  0.18  0.08  0.18  0.12  0.20  0.26  0.24  0.04  1.14  0.00  0.00  0.00  0.00  0.00  0.00  0.00  0.00  0.00  0.00  0.00  0.00  0.00  0.00  0.00  0.00  0.00  0.00  0.00  0.00
  0.06  0.04  0.20  0.08  0.30  0.60  0.38  0.22  0.24  0.34  0.60  0.70  0.66  0.34  0.42  0.24  0.32  0.40  0.82  1.54  0.60  0.58  0.60  0.24  0.46  0.84  0.12  0.12  0.24  0.54  1.22  0.44  0.60  1.02  0.48  0.20  0.14  0.18  0.08  0.20  0.28  0.18  0.12  2.48  0.00  0.00  0.00  0.00  0.00  0.00  0.00  0.00  0.00  0.00  0.00  0.00  0.00  0.00  0.00  0.00  0.00  0.00  0.00  0.00
  0.06  0.00  0.26  0.08  0.14  0.76  0.86  1.06  0.42  0.24  0.88  0.36  0.44  0.56  0.62  0.44  0.38  1.00  1.02  0.70  0.54  0.48  0.28  0.60  0.76  0.36  0.28  0.08  0.36  0.60  0.86  1.02  0.70  0.14  0.50  0.30  0.14  0.16  0.68  0.08  0.08  0.22  0.14  1.38  0.00  0.00  0.00  0.00  0.00  0.00  0.00  0.00  0.00  0.00  0.00  0.00  0.00  0.00  0.00  0.00  0.00  0.00  0.00  0.00
  0.08  0.24  0.20  0.24  0.36  1.06  0.28  0.28  0.20  0.88  1.56  0.84  0.52  1.30  0.22  0.24  0.14  0.40  0.54  0.54  0.22  0.04  0.24  0.46  0.56  1.58  0.66  0.18  0.18  0.22  1.02  2.72  1.24  0.24  0.54  0.52  0.18  0.44  0.56  0.30  0.24  0.10  0.20  0.46  0.00  0.00  0.00  0.00  0.00  0.00  0.00  0.00  0.00  0.00  0.00  0.00  0.00  0.00  0.00  0.00  0.00  0.00  0.00  0.00
  0.10  0.08  0.56  0.42  0.60  0.36  0.34  0.44  0.82  0.14  0.34  0.86  0.60  0.86  0.48  0.84  0.28  0.28  0.62  0.64  0.36  0.22  0.36  0.26  0.30  0.40  0.60  0.88  0.48  0.44  1.42  0.82  0.80  0.82  0.96  0.60  0.38  0.00  0.40  0.54  0.52  0.18  0.14  0.40  0.00  0.00  0.00  0.00  0.00  0.00  0.00  0.00  0.00  0.00  0.00  0.00  0.00  0.00  0.00  0.00  0.00  0.00  0.00  0.00
  0.22  0.24  0.76  0.12  0.18  0.32  0.50  0.60  0.88  0.48  0.40  0.20  0.50  0.72  0.20  0.12  0.38  1.20  0.56  0.24  0.70  0.34  0.22  0.50  0.08  0.26  0.62  0.48  0.62  1.12  0.96  0.34  0.88  0.92  0.66  1.04  0.70  0.62  0.32  0.40  0.70  0.24  0.46  0.46  0.00  0.00  0.00  0.00  0.00  0.00  0.00  0.00  0.00  0.00  0.00  0.00  0.00  0.00  0.00  0.00  0.00  0.00  0.00  0.00
  0.46  0.24  1.24  0.80  0.56  0.68  0.64  0.36  0.50  1.20  0.18  0.36  0.56  1.02  1.58  0.18  0.32  0.30  0.48  0.36  0.74  0.52  1.06  0.66  0.28  0.38  0.36  0.54  0.82  1.00  0.74  0.52  0.56  0.22  0.32  0.20  0.14  0.14  0.42  0.72  0.76  1.02  1.06  0.80  0.00  0.00  0.00  0.00  0.00  0.00  0.00  0.00  0.00  0.00  0.00  0.00  0.00  0.00  0.00  0.00  0.00  0.00  0.00  0.00
  1.34  0.18  0.16  0.42  0.78  1.10  0.28  0.48  0.74  0.52  0.30  0.64  0.38  0.78  0.52  0.28  0.46  0.18  0.28  0.44  0.54  0.68  0.78  0.24  0.26  0.26  0.10  2.04  0.64  0.44  0.54  0.62  0.62  0.72  0.38  0.04  0.12  0.26  0.58  0.36  0.74  1.22  0.46  1.20  0.00  0.00  0.00  0.00  0.00  0.00  0.00  0.00  0.00  0.00  0.00  0.00  0.00  0.00  0.00  0.00  0.00  0.00  0.00  0.00
  0.42  0.38  0.14  0.10  0.12  0.42  0.30  0.50  0.72  0.92  0.46  0.36  0.98  0.64  2.88  1.52  0.78  0.54  0.74  0.50  0.74  0.66  0.72  0.28  0.44  0.52  0.14  0.56  0.56  0.22  0.70  0.44  0.36  0.40  1.06  0.24  0.42  0.30  0.50  0.66  0.06  1.04  1.14  5.46  0.00  0.00  0.00  0.00  0.00  0.00  0.00  0.00  0.00  0.00  0.00  0.00  0.00  0.00  0.00  0.00  0.00  0.00  0.00  0.00
  0.18  0.06  0.32  0.30  1.68  0.22  0.60  0.60  0.34  0.58  0.22  0.42  0.98  0.56  1.54  0.48  0.62  0.64  0.24  0.48  0.70  0.46  0.22  0.32  0.50  0.62  0.44  0.32  0.88  0.48  0.76  0.54  0.52  0.16  1.16  0.96  0.44  1.36  0.24  0.26  0.22  0.66  0.38  1.32  0.00  0.00  0.00  0.00  0.00  0.00  0.00  0.00  0.00  0.00  0.00  0.00  0.00  0.00  0.00  0.00  0.00  0.00  0.00  0.00
  0.30  0.74  0.58  0.26  0.12  0.38  0.20  0.38  0.88  1.14  0.76  0.52  1.00  0.98  0.54  0.34  0.30  0.22  0.76  0.56  0.62  0.18  0.20  0.64  0.30  0.66  0.44  0.66  0.36  0.42  0.60  0.74  2.10  0.64  0.68  0.24  1.24  0.94  0.40  0.44  0.46  0.72  0.18  0.64  0.00  0.00  0.00  0.00  0.00  0.00  0.00  0.00  0.00  0.00  0.00  0.00  0.00  0.00  0.00  0.00  0.00  0.00  0.00  0.00
  0.70  0.90  0.60  0.24  0.50  0.60  0.36  0.46  0.46  0.74  0.52  0.82  2.20  0.46  0.44  0.30  0.58  0.48  0.42  0.18  0.44  0.20  0.40  0.44  0.88  0.62  0.48  0.50  0.88  0.28  0.70  1.02  1.48  1.38  0.76  0.76  0.36  0.28  0.08  0.56  0.10  0.52  0.50  0.32  0.00  0.00  0.00  0.00  0.00  0.00  0.00  0.00  0.00  0.00  0.00  0.00  0.00  0.00  0.00  0.00  0.00  0.00  0.00  0.00
  4.52  0.10  0.54  0.08  0.32  0.24  0.26  0.30  0.38  0.06  0.70  0.26  0.64  0.58  0.54  0.26  0.48  0.36  0.12  0.28  0.52  1.36  0.58  0.24  0.98  0.80  0.92  0.58  0.48  0.78  0.56  1.18  0.56  1.10  0.88  0.98  0.66  0.58  0.16  0.04  0.42  0.76  0.20  0.24  0.00  0.00  0.00  0.00  0.00  0.00  0.00  0.00  0.00  0.00  0.00  0.00  0.00  0.00  0.00  0.00  0.00  0.00  0.00  0.00
  0.58  0.08  0.26  0.28  0.28  0.32  0.12  0.30  0.28  0.12  0.36  0.24  0.18  0.66  0.58  0.48  0.54  0.32  0.26  0.48  0.68  0.34  0.22  0.28  0.34  0.72  0.54  0.30  0.24  0.18  0.20  0.42  0.68  0.46  0.66  0.66  0.26  0.76  0.24  0.38  0.64  0.84  0.08  0.22  0.00  0.00  0.00  0.00  0.00  0.00  0.00  0.00  0.00  0.00  0.00  0.00  0.00  0.00  0.00  0.00  0.00  0.00  0.00  0.00
  0.78  0.06  0.06  0.24  0.52  0.52  0.06  1.38  0.60  0.62  0.14  0.18  0.14  0.20  0.74  0.72  0.50  0.24  0.32  0.62  0.92  0.28  0.14  0.30  0.80  0.92  0.46  0.34  0.18  0.52  0.48  0.62  0.74  0.56  0.36  0.40  0.32  0.34  0.34  0.16  0.30  0.68 11.98  0.28  0.00  0.00  0.00  0.00  0.00  0.00  0.00  0.00  0.00  0.00  0.00  0.00  0.00  0.00  0.00  0.00  0.00  0.00  0.00  0.00
  0.06  0.40  0.40  0.74  2.32  0.26  0.20  0.28  0.26  0.44  0.30  0.52  0.30  0.38  0.44  0.42  0.38  0.52  0.40  0.36  0.28  0.28  0.14  0.00  0.36  0.76  0.54  0.64  0.58  0.34  0.34  0.54  0.54  0.70  0.22  0.34  0.26  0.44  0.64  0.08  0.12  0.40  0.64  0.44  0.00  0.00  0.00  0.00  0.00  0.00  0.00  0.00  0.00  0.00  0.00  0.00  0.00  0.00  0.00  0.00  0.00  0.00  0.00  0.00
  0.00  3.12  6.74  0.48  0.72  0.26  0.14  0.12  0.50  1.08  0.82  2.92  0.60  2.10  0.70  0.56  0.40  1.18  0.52  0.64  1.04  0.56  1.16  0.66  3.50  7.00  1.28  1.86  0.56  0.56  1.14  0.72  4.38  3.84  0.30  0.94  0.32  1.22  0.32  1.30  0.38  2.70  1.46  7.12  0.00  0.00  0.00  0.00  0.00  0.00  0.00  0.00  0.00  0.00  0.00  0.00  0.00  0.00  0.00  0.00  0.00  0.00  0.00  0.00
  0.00  0.00  0.00  0.00  0.00  0.00  0.00  0.00  0.00  0.00  0.00  0.00  0.00  0.00  0.00  0.00  0.00  0.00  0.00  0.00  0.00  0.00  0.00  0.00  0.00  0.00  0.00  0.00  0.00  0.00  0.00  0.00  0.00  0.00  0.00  0.00  0.00  0.00  0.00  0.00  0.00  0.00  0.00  0.00  0.00  0.00  0.00  0.00  0.00  0.00  0.00  0.00  0.00  0.00  0.00  0.00  0.00  0.00  0.00  0.00  0.00  0.00  0.00  0.00
  0.00  0.00  0.00  0.00  0.00  0.00  0.00  0.00  0.00  0.00  0.00  0.00  0.00  0.00  0.00  0.00  0.00  0.00  0.00  0.00  0.00  0.00  0.00  0.00  0.00  0.00  0.00  0.00  0.00  0.00  0.00  0.00  0.00  0.00  0.00  0.00  0.00  0.00  0.00  0.00  0.00  0.00  0.00  0.00  0.00  0.00  0.00  0.00  0.00  0.00  0.00  0.00  0.00  0.00  0.00  0.00  0.00  0.00  0.00  0.00  0.00  0.00  0.00  0.00
  0.00  0.00  0.00  0.00  0.00  0.00  0.00  0.00  0.00  0.00  0.00  0.00  0.00  0.00  0.00  0.00  0.00  0.00  0.00  0.00  0.00  0.00  0.00  0.00  0.00  0.00  0.00  0.00  0.00  0.00  0.00  0.00  0.00  0.00  0.00  0.00  0.00  0.00  0.00  0.00  0.00  0.00  0.00  0.00  0.00  0.00  0.00  0.00  0.00  0.00  0.00  0.00  0.00  0.00  0.00  0.00  0.00  0.00  0.00  0.00  0.00  0.00  0.00  0.00
  0.00  0.00  0.00  0.00  0.00  0.00  0.00  0.00  0.00  0.00  0.00  0.00  0.00  0.00  0.00  0.00  0.00  0.00  0.00  0.00  0.00  0.00  0.00  0.00  0.00  0.00  0.00  0.00  0.00  0.00  0.00  0.00  0.00  0.00  0.00  0.00  0.00  0.00  0.00  0.00  0.00  0.00  0.00  0.00  0.00  0.00  0.00  0.00  0.00  0.00  0.00  0.00  0.00  0.00  0.00  0.00  0.00  0.00  0.00  0.00  0.00  0.00  0.00  0.00
  0.00  0.00  0.00  0.00  0.00  0.00  0.00  0.00  0.00  0.00  0.00  0.00  0.00  0.00  0.00  0.00  0.00  0.00  0.00  0.00  0.00  0.00  0.00  0.00  0.00  0.00  0.00  0.00  0.00  0.00  0.00  0.00  0.00  0.00  0.00  0.00  0.00  0.00  0.00  0.00  0.00  0.00  0.00  0.00  0.00  0.00  0.00  0.00  0.00  0.00  0.00  0.00  0.00  0.00  0.00  0.00  0.00  0.00  0.00  0.00  0.00  0.00  0.00  0.00
  0.00  0.00  0.00  0.00  0.00  0.00  0.00  0.00  0.00  0.00  0.00  0.00  0.00  0.00  0.00  0.00  0.00  0.00  0.00  0.00  0.00  0.00  0.00  0.00  0.00  0.00  0.00  0.00  0.00  0.00  0.00  0.00  0.00  0.00  0.00  0.00  0.00  0.00  0.00  0.00  0.00  0.00  0.00  0.00  0.00  0.00  0.00  0.00  0.00  0.00  0.00  0.00  0.00  0.00  0.00  0.00  0.00  0.00  0.00  0.00  0.00  0.00  0.00  0.00
  0.00  0.00  0.00  0.00  0.00  0.00  0.00  0.00  0.00  0.00  0.00  0.00  0.00  0.00  0.00  0.00  0.00  0.00  0.00  0.00  0.00  0.00  0.00  0.00  0.00  0.00  0.00  0.00  0.00  0.00  0.00  0.00  0.00  0.00  0.00  0.00  0.00  0.00  0.00  0.00  0.00  0.00  0.00  0.00  0.00  0.00  0.00  0.00  0.00  0.00  0.00  0.00  0.00  0.00  0.00  0.00  0.00  0.00  0.00  0.00  0.00  0.00  0.00  0.00
  0.00  0.00  0.00  0.00  0.00  0.00  0.00  0.00  0.00  0.00  0.00  0.00  0.00  0.00  0.00  0.00  0.00  0.00  0.00  0.00  0.00  0.00  0.00  0.00  0.00  0.00  0.00  0.00  0.00  0.00  0.00  0.00  0.00  0.00  0.00  0.00  0.00  0.00  0.00  0.00  0.00  0.00  0.00  0.00  0.00  0.00  0.00  0.00  0.00  0.00  0.00  0.00  0.00  0.00  0.00  0.00  0.00  0.00  0.00  0.00  0.00  0.00  0.00  0.00
  0.00  0.00  0.00  0.00  0.00  0.00  0.00  0.00  0.00  0.00  0.00  0.00  0.00  0.00  0.00  0.00  0.00  0.00  0.00  0.00  0.00  0.00  0.00  0.00  0.00  0.00  0.00  0.00  0.00  0.00  0.00  0.00  0.00  0.00  0.00  0.00  0.00  0.00  0.00  0.00  0.00  0.00  0.00  0.00  0.00  0.00  0.00  0.00  0.00  0.00  0.00  0.00  0.00  0.00  0.00  0.00  0.00  0.00  0.00  0.00  0.00  0.00  0.00  0.00
  0.00  0.00  0.00  0.00  0.00  0.00  0.00  0.00  0.00  0.00  0.00  0.00  0.00  0.00  0.00  0.00  0.00  0.00  0.00  0.00  0.00  0.00  0.00  0.00  0.00  0.00  0.00  0.00  0.00  0.00  0.00  0.00  0.00  0.00  0.00  0.00  0.00  0.00  0.00  0.00  0.00  0.00  0.00  0.00  0.00  0.00  0.00  0.00  0.00  0.00  0.00  0.00  0.00  0.00  0.00  0.00  0.00  0.00  0.00  0.00  0.00  0.00  0.00  0.00
  0.00  0.00  0.00  0.00  0.00  0.00  0.00  0.00  0.00  0.00  0.00  0.00  0.00  0.00  0.00  0.00  0.00  0.00  0.00  0.00  0.00  0.00  0.00  0.00  0.00  0.00  0.00  0.00  0.00  0.00  0.00  0.00  0.00  0.00  0.00  0.00  0.00  0.00  0.00  0.00  0.00  0.00  0.00  0.00  0.00  0.00  0.00  0.00  0.00  0.00  0.00  0.00  0.00  0.00  0.00  0.00  0.00  0.00  0.00  0.00  0.00  0.00  0.00  0.00
  0.00  0.00  0.00  0.00  0.00  0.00  0.00  0.00  0.00  0.00  0.00  0.00  0.00  0.00  0.00  0.00  0.00  0.00  0.00  0.00  0.00  0.00  0.00  0.00  0.00  0.00  0.00  0.00  0.00  0.00  0.00  0.00  0.00  0.00  0.00  0.00  0.00  0.00  0.00  0.00  0.00  0.00  0.00  0.00  0.00  0.00  0.00  0.00  0.00  0.00  0.00  0.00  0.00  0.00  0.00  0.00  0.00  0.00  0.00  0.00  0.00  0.00  0.00  0.00
  0.00  0.00  0.00  0.00  0.00  0.00  0.00  0.00  0.00  0.00  0.00  0.00  0.00  0.00  0.00  0.00  0.00  0.00  0.00  0.00  0.00  0.00  0.00  0.00  0.00  0.00  0.00  0.00  0.00  0.00  0.00  0.00  0.00  0.00  0.00  0.00  0.00  0.00  0.00  0.00  0.00  0.00  0.00  0.00  0.00  0.00  0.00  0.00  0.00  0.00  0.00  0.00  0.00  0.00  0.00  0.00  0.00  0.00  0.00  0.00  0.00  0.00  0.00  0.00
  0.00  0.00  0.00  0.00  0.00  0.00  0.00  0.00  0.00  0.00  0.00  0.00  0.00  0.00  0.00  0.00  0.00  0.00  0.00  0.00  0.00  0.00  0.00  0.00  0.00  0.00  0.00  0.00  0.00  0.00  0.00  0.00  0.00  0.00  0.00  0.00  0.00  0.00  0.00  0.00  0.00  0.00  0.00  0.00  0.00  0.00  0.00  0.00  0.00  0.00  0.00  0.00  0.00  0.00  0.00  0.00  0.00  0.00  0.00  0.00  0.00  0.00  0.00  0.00
  0.00  0.00  0.00  0.00  0.00  0.00  0.00  0.00  0.00  0.00  0.00  0.00  0.00  0.00  0.00  0.00  0.00  0.00  0.00  0.00  0.00  0.00  0.00  0.00  0.00  0.00  0.00  0.00  0.00  0.00  0.00  0.00  0.00  0.00  0.00  0.00  0.00  0.00  0.00  0.00  0.00  0.00  0.00  0.00  0.00  0.00  0.00  0.00  0.00  0.00  0.00  0.00  0.00  0.00  0.00  0.00  0.00  0.00  0.00  0.00  0.00  0.00  0.00  0.00
  0.00  0.00  0.00  0.00  0.00  0.00  0.00  0.00  0.00  0.00  0.00  0.00  0.00  0.00  0.00  0.00  0.00  0.00  0.00  0.00  0.00  0.00  0.00  0.00  0.00  0.00  0.00  0.00  0.00  0.00  0.00  0.00  0.00  0.00  0.00  0.00  0.00  0.00  0.00  0.00  0.00  0.00  0.00  0.00  0.00  0.00  0.00  0.00  0.00  0.00  0.00  0.00  0.00  0.00  0.00  0.00  0.00  0.00  0.00  0.00  0.00  0.00  0.00  0.00
  0.00  0.00  0.00  0.00  0.00  0.00  0.00  0.00  0.00  0.00  0.00  0.00  0.00  0.00  0.00  0.00  0.00  0.00  0.00  0.00  0.00  0.00  0.00  0.00  0.00  0.00  0.00  0.00  0.00  0.00  0.00  0.00  0.00  0.00  0.00  0.00  0.00  0.00  0.00  0.00  0.00  0.00  0.00  0.00  0.00  0.00  0.00  0.00  0.00  0.00  0.00  0.00  0.00  0.00  0.00  0.00  0.00  0.00  0.00  0.00  0.00  0.00  0.00  0.00
  0.00  0.00  0.00  0.00  0.00  0.00  0.00  0.00  0.00  0.00  0.00  0.00  0.00  0.00  0.00  0.00  0.00  0.00  0.00  0.00  0.00  0.00  0.00  0.00  0.00  0.00  0.00  0.00  0.00  0.00  0.00  0.00  0.00  0.00  0.00  0.00  0.00  0.00  0.00  0.00  0.00  0.00  0.00  0.00  0.00  0.00  0.00  0.00  0.00  0.00  0.00  0.00  0.00  0.00  0.00  0.00  0.00  0.00  0.00  0.00  0.00  0.00  0.00  0.00
  0.00  0.00  0.00  0.00  0.00  0.00  0.00  0.00  0.00  0.00  0.00  0.00  0.00  0.00  0.00  0.00  0.00  0.00  0.00  0.00  0.00  0.00  0.00  0.00  0.00  0.00  0.00  0.00  0.00  0.00  0.00  0.00  0.00  0.00  0.00  0.00  0.00  0.00  0.00  0.00  0.00  0.00  0.00  0.00  0.00  0.00  0.00  0.00  0.00  0.00  0.00  0.00  0.00  0.00  0.00  0.00  0.00  0.00  0.00  0.00  0.00  0.00  0.00  0.00
  0.00  0.00  0.00  0.00  0.00  0.00  0.00  0.00  0.00  0.00  0.00  0.00  0.00  0.00  0.00  0.00  0.00  0.00  0.00  0.00  0.00  0.00  0.00  0.00  0.00  0.00  0.00  0.00  0.00  0.00  0.00  0.00  0.00  0.00  0.00  0.00  0.00  0.00  0.00  0.00  0.00  0.00  0.00  0.00  0.00  0.00  0.00  0.00  0.00  0.00  0.00  0.00  0.00  0.00  0.00  0.00  0.00  0.00  0.00  0.00  0.00  0.00  0.00  0.00
  0.00  0.00  0.00  0.00  0.00  0.00  0.00  0.00  0.00  0.00  0.00  0.00  0.00  0.00  0.00  0.00  0.00  0.00  0.00  0.00  0.00  0.00  0.00  0.00  0.00  0.00  0.00  0.00  0.00  0.00  0.00  0.00  0.00  0.00  0.00  0.00  0.00  0.00  0.00  0.00  0.00  0.00  0.00  0.00  0.00  0.00  0.00  0.00  0.00  0.00  0.00  0.00  0.00  0.00  0.00  0.00  0.00  0.00  0.00  0.00  0.00  0.00  0.00  0.00
  0.00  0.00  0.00  0.00  0.00  0.00  0.00  0.00  0.00  0.00  0.00  0.00  0.00  0.00  0.00  0.00  0.00  0.00  0.00  0.00  0.00  0.00  0.00  0.00  0.00  0.00  0.00  0.00  0.00  0.00  0.00  0.00  0.00  0.00  0.00  0.00  0.00  0.00  0.00  0.00  0.00  0.00  0.00  0.00  0.00  0.00  0.00  0.00  0.00  0.00  0.00  0.00  0.00  0.00  0.00  0.00  0.00  0.00  0.00  0.00  0.00  0.00  0.00  0.00

 density range (Hz): 0.000000 11.980000