Array Size: 64  64
  0.00  0.00  0.00  0.00  0.00  0.04  0.22  0.46  0.46  1.06  0.30  0.12  0.14  0.28  0.28  0.24  0.96  0.78  0.42  1.02  0.72  0.46  1.00  2.26  2.44  2.28  1.58  0.36  0.30  0.26  0.96  0.08  0.00  0.00  0.00  0.00  0.00  0.00  0.36  0.02  0.00  0.00  0.00  0.00  0.00  0.00  0.00  0.00  0.00  0.00  0.00  0.00  0.00  0.00  0.00  0.00  0.00  0.00  0.00  0.00  0.00  0.00  0.00  0.00
  0.00  0.00  0.00  0.00  0.18  0.40  0.68  0.72  0.40  0.68  0.76  0.50  0.52  0.22  0.60  0.62  0.32  0.26  0.08  0.18  0.40  0.40  1.14  1.08  1.80  1.86  1.08  0.54  0.54  0.68  0.70  0.42  0.08  0.02  0.00  0.00  0.00  0.24  0.38  0.26  0.48  0.18  0.52  0.18  0.48  2.62  0.00  0.00  0.00  0.00  0.00  0.00  0.00  0.00  0.00  0.00  0.00  0.00  0.00  0.00  0.00  0.00  0.00  0.00
  0.00  0.00  0.00  0.10  0.30  0.48  0.36  0.22  0.82  0.36  0.42  0.58  0.24  0.18  0.66  0.74  0.50  0.44  0.24  0.16  0.28  0.08  0.20  0.56  1.64  3.04  0.26  0.50  0.26  0.28  0.64  0.26  0.62  0.48  0.22  0.12  0.12  0.38  0.22  0.46  0.14  0.32  0.78  0.22  0.44  0.16  0.00  0.00  0.00  0.00  0.00  0.00  0.00  0.00  0.00  0.00  0.00  0.00  0.00  0.00  0.00  0.00  0.00  0.00
  0.00  0.00  0.00  0.06  0.10  0.66  0.18  0.14  0.48  0.22  0.24  0.40  0.38  0.50  0.28  0.42  0.52  0.60  0.54  0.52  0.30  0.32  0.12  0.54  0.94  0.80  0.32  0.32  0.46  0.92  0.44  0.20  0.34  0.50  0.44  0.18  0.58  0.34  0.28  0.12  0.00  0.12  0.00  0.44  0.42  0.14  0.00  0.00  0.00  0.00  0.00  0.00  0.00  0.00  0.00  0.00  0.00  0.00  0.00  0.00  0.00  0.00  0.00  0.00
  0.00  0.00  0.06  0.20  0.18  0.30  0.08  0.08  0.48  0.28  0.16  0.54  0.30  0.22  0.82  1.38  0.72  0.42  0.54  0.40  0.50  0.46  0.44  0.70  0.62  0.64  0.54  0.42  0.44  0.64  0.24  0.52  0.74  0.20  0.34  0.86  0.74  0.36  0.12  0.08  0.06  0.06  0.06  0.22  0.32  0.12  0.00  0.00  0.00  0.00  0.00  0.00  0.00  0.00  0.00  0.00  0.00  0.00  0.00  0.00  0.00  0.00  0.00  0.00
  0.00  0.32  0.18  0.04  0.08  0.06  0.32  0.30  0.32  0.08  0.14  0.72  0.62  0.56  0.36  0.74  0.74  0.26  0.66  0.82  0.82  0.30  0.16  0.48  0.34  0.38  0.28  0.26  0.62  0.56  0.32  0.54  0.30  0.38  0.64  0.36  0.30  0.44  0.50  0.02  0.04  0.06  0.20  0.16  0.26  0.28  0.00  0.00  0.00  0.00  0.00  0.00  0.00  0.00  0.00  0.00  0.00  0.00  0.00  0.00  0.00  0.00  0.00  0.00
  0.00  0.34  0.36  0.06  0.08  0.12  0.22  1.06  1.46  0.66  0.34  0.42  0.34  0.44  0.40  0.42  0.76  0.34  0.66  1.38  1.10  0.08  0.42  0.04  0.32  0.08  1.10  0.78  0.18  0.16  0.38  0.34  0.30  2.34  0.50  0.14  0.22  0.16  0.10  0.16  0.12  0.14  0.08  0.24  0.28  0.22  0.00  0.00  0.00  0.00  0.00  0.00  0.00  0.00  0.00  0.00  0.00  0.00  0.00  0.00  0.00  0.00  0.00  0.00
  0.14  0.28  0.32  0.18  0.48  0.16  0.16  0.30  0.56  0.10  0.14  0.38  0.52  0.18  0.68  0.44  0.12  0.50  0.30  0.40  0.22  0.20  0.22  0.36  0.24  0.08  0.28  0.20  0.28  0.10  0.26  0.06  0.38  0.70  0.46  0.30  0.46  0.36  0.26  0.06  0.34  0.00  0.36  0.60  0.40  0.12  0.00  0.00  0.00  0.00  0.00  0.00  0.00  0.00  0.00  0.00  0.00  0.00  0.00  0.00  0.00  0.00  0.00  0.00
  0.04  0.38  0.46  0.12  0.12  1.46  0.32  0.42  0.62  0.32  0.20  0.42  0.96  0.44  0.62  0.34  0.30  0.42  0.46  2.30  0.14  0.04  0.08  0.18  0.30  0.30  0.36  0.26  0.30  0.20  0.46  0.14  0.34  0.14  0.10  0.76  1.06  0.16  0.26  0.16  0.56  0.54  0.72  0.10  0.30  0.88  0.00  0.00  0.00  0.00  0.00  0.00  0.00  0.00  0.00  0.00  0.00  0.00  0.00  0.00  0.00  0.00  0.00  0.00
  0.00  0.00  0.44  0.22  0.18  0.30  0.18  0.10  0.52  0.62  0.72  0.56  2.06  0.74  0.50  0.46  0.46  0.34  0.68  0.68  0.26  0.08  0.00  0.18  0.72  0.46  0.44  0.58  0.32  0.24  0.38  0.36  0.58  0.32  0.24  0.14  0.14  0.10  0.22  0.42  0.36  0.46  1.24  0.20  1.12  0.36  0.00  0.00  0.00  0.00  0.00  0.00  0.00  0.00  0.00  0.00  0.00  0.00  0.00  0.00  0.00  0.00  0.00  0.00
  0.00  0.04  0.06  0.38  0.52  0.28  0.16  0.54  0.30  1.74  0.26  0.76  0.48  0.38  0.42  0.28  0.58  0.58  0.90  0.54  0.56  0.24  0.00  0.38  0.46  0.00  0.12  0.76  0.42  0.44  0.38  0.54  1.00  0.56  0.22  0.00  0.22  0.18  0.44  0.42  0.56  0.90  1.70  1.56  0.44  0.14  0.00  0.00  0.00  0.00  0.00  0.00  0.00  0.00  0.00  0.00  0.00  0.00  0.00  0.00  0.00  0.00  0.00  0.00
  0.00  0.10  0.12  0.60  0.16  0.10  0.54  0.60  0.10  0.80  0.56  0.74  0.20  0.44  0.32  0.78  0.32  0.20  1.08  0.48  0.50  0.38  0.34  0.02  0.18  0.30  0.36  0.36  0.66  1.04  0.80  0.62  0.52  0.42  0.10  0.02  0.32  0.06  0.24  0.44  0.36  0.64  0.80  2.12  0.00  0.08  0.00  0.00  0.00  0.00  0.00  0.00  0.00  0.00  0.00  0.00  0.00  0.00  0.00  0.00  0.00  0.00  0.00  0.00
  0.08  0.02  0.52  0.38  0.32  0.56  0.56  0.22  0.38  0.40  0.42  0.46  0.94  0.48  0.80  0.10  0.40  0.48  1.12  0.20  0.58  1.02  0.66  0.06  0.30  0.52  0.34  0.24  0.34  0.62  0.78  0.90  0.48  0.28  0.14  0.64  0.72  0.22  0.32  1.18  0.42  0.34  0.64  0.64  0.18  0.18  0.00  0.00  0.00  0.00  0.00  0.00  0.00  0.00  0.00  0.00  0.00  0.00  0.00  0.00  0.00  0.00  0.00  0.00
  0.80  0.18  0.26  0.22  0.18  0.56  0.12  0.30  0.50  0.28  0.30  0.10  0.90  0.74  0.52  0.10  0.26  0.56  0.86  1.20  0.48  0.36  0.30  0.20  0.16  0.22  0.26  0.32  0.96  0.46  0.58  0.26  0.10  0.50  0.26  0.44  1.04  0.30  1.84  0.72  1.44  0.28  0.40  0.38  0.74  0.00  0.00  0.00  0.00  0.00  0.00  0.00  0.00  0.00  0.00  0.00  0.00  0.00  0.00  0.00  0.00  0.00  0.00  0.00
  0.22  0.00  0.02  0.46  0.46  0.06  0.10  0.74  0.34  0.26  1.64  0.84  0.62  0.88  0.44  0.12  0.74  0.40  0.64  0.38  0.32  0.12  0.12  0.14  0.40  0.32  0.24  0.66  0.46  0.96  0.68  0.08  0.04  0.52  0.20  0.24  0.78  0.80  0.34  0.20  0.26  0.38  0.84  0.46  0.44  0.10  0.00  0.00  0.00  0.00  0.00  0.00  0.00  0.00  0.00  0.00  0.00  0.00  0.00  0.00  0.00  0.00  0.00  0.00
  0.00  0.16  0.32  0.44  0.34  0.14  0.22  0.50  0.12  0.38  0.86  0.50  0.98  1.22  0.70  1.12  0.46  0.28  0.70  0.46  0.50  0.12  0.06  0.26  0.36  0.16  0.50  0.30  0.16  1.58  0.36  0.22  0.18  0.26  0.40  0.08  0.28  0.04  0.36  0.00  0.24  0.06  0.40  2.24  0.06  0.22  0.02  0.00  0.00  0.00  0.00  0.00  0.00  0.00  0.00  0.00  0.00  0.00  0.00  0.00  0.00  0.00  0.00  0.00
  0.00  0.18  0.22  0.24  0.30  0.46  0.40  0.46  0.42  0.24  0.36  0.26  0.54  0.74  1.56  0.66  1.02  0.66  0.52  0.46  0.26  0.30  0.36  0.66  0.80  0.66  0.94  0.62  0.54  0.36  0.40  0.50  0.26  0.28  0.52  0.16  0.22  0.46  0.24  0.08  0.12  0.32  0.50  1.20  0.28  0.54  0.52  0.00  0.00  0.00  0.00  0.00  0.00  0.00  0.00  0.00  0.00  0.00  0.00  0.00  0.00  0.00  0.00  0.00
  0.00  0.34  0.22  0.20  0.70  0.30  0.14  0.44  0.52  0.46  0.42  1.54  0.42  1.76  2.32  0.62  0.60  0.68  0.46  0.32  0.22  0.54  0.26  0.18  0.38  0.32  1.38  0.66  0.74  0.28  0.64  1.82  1.72  0.68  0.84  0.96  0.52  0.46  0.50  0.42  0.42  0.28  0.30  0.38  0.24  0.18  0.00  0.00  0.00  0.00  0.00  0.00  0.00  0.00  0.00  0.00  0.00  0.00  0.00  0.00  0.00  0.00  0.00  0.00
  0.02  0.94  0.50  0.68  0.72  0.48  0.24  0.36  0.46  0.16  0.40  0.82  0.84  0.82  0.70  1.84  0.50  0.46  0.62  0.78  0.18  0.28  0.74  0.38  1.24  0.36  0.52  0.40  0.42  0.20  0.80  0.52  0.46  0.54  0.44  0.90  0.92  0.20  0.20  0.20  0.28  0.56  0.22  4.14  0.82  0.12  0.00  0.00  0.00  0.00  0.00  0.00  0.00  0.00  0.00  0.00  0.00  0.00  0.00  0.00  0.00  0.00  0.00  0.00
  0.58  0.80  0.26  0.14  0.24  0.42  0.04  0.28  0.76  0.62  0.42  0.24  1.36  0.60  0.64  1.08  0.76  2.72  0.74  0.66  0.68  0.62  0.56  0.44  0.50  0.38  0.16  0.38  0.66  0.48  0.58  1.48  0.64  0.26  0.46  0.98  0.78  0.18  0.22  0.36  0.02  0.58  0.64  0.78  2.14  0.28  0.00  0.00  0.00  0.00  0.00  0.00  0.00  0.00  0.00  0.00  0.00  0.00  0.00  0.00  0.00  0.00  0.00  0.00
  0.14  0.36  0.24  0.12  0.60  0.62  0.46  0.38  0.64  0.24  0.36  0.46  0.52  0.28  0.46  0.24  0.36  0.36  0.66  0.68  0.76  0.62  1.54  1.92  3.00  0.46  0.64  0.46  0.44  1.06  0.46  1.20  3.10  1.50  0.52  0.36  0.62  0.90  0.36  0.14  0.30  0.28  0.62  0.26  0.50  0.50  0.22  0.00  0.00  0.00  0.00  0.00  0.00  0.00  0.00  0.00  0.00  0.00  0.00  0.00  0.00  0.00  0.00  0.00
  0.06  0.04  0.08  0.16  0.48  0.42  0.76  0.90  0.52  0.38  0.00  0.46  0.72  0.54  0.58  0.32  0.44  1.06  0.84  1.64  1.14  0.54  1.14  0.70  0.74  0.60  0.86  0.62  2.70  1.26  0.78  0.52  2.76  0.22  0.34  0.72  0.56  0.66  0.46  0.20  1.72  1.68  0.08  0.04  0.14  0.14  0.14  0.00  0.00  0.00  0.00  0.00  0.00  0.00  0.00  0.00  0.00  0.00  0.00  0.00  0.00  0.00  0.00  0.00
  0.12  0.00  0.08  0.38  0.58  0.18  0.36  0.22  0.28  0.24  0.18  0.20  0.58  0.56  1.06  0.56  0.46  0.60  1.10  0.40  0.38  0.62  1.04  0.74  1.04  1.58  1.12  0.36  0.86  0.96  0.86  0.98  0.28  0.36  0.30  0.44  0.66  0.06  0.90  0.88  0.54  0.20  0.20  0.08  0.02  0.44  0.12  0.00  0.00  0.00  0.00  0.00  0.00  0.00  0.00  0.00  0.00  0.00  0.00  0.00  0.00  0.00  0.00  0.00
  0.08  0.00  1.70  1.02  0.38  0.48  0.34  0.48  0.46  0.54  0.22  0.10  0.28  0.26  1.00  0.72  0.38  0.82  1.22  0.50  1.22  0.80  1.26  1.54  1.90  0.88  0.44  1.86  0.40  0.64  0.44  0.30  0.80  0.46  0.40  0.42  0.38  0.60  1.30  0.56  0.06  0.76  0.14  0.12  0.96  0.58  0.64  0.00  0.00  0.00  0.00  0.00  0.00  0.00  0.00  0.00  0.00  0.00  0.00  0.00  0.00  0.00  0.00  0.00
  0.06  0.72  0.64  0.40  0.24  0.20  0.42  0.16  0.28  0.66  0.52  0.50  0.44  0.36  0.22  0.80  0.22  0.74  0.86  0.48  0.26  0.78  0.26  3.24  0.80  0.86  0.46  1.78  0.64  0.64  0.36  0.08  0.70  0.70  0.90  0.40  0.72  0.82  0.60  0.24  0.20  0.72  0.10  0.06  0.54  1.24  3.24  0.00  0.00  0.00  0.00  0.00  0.00  0.00  0.00  0.00  0.00  0.00  0.00  0.00  0.00  0.00  0.00  0.00
  0.02  0.40  0.94  0.00  0.24  0.20  0.24  0.20  0.18  0.10  0.24  0.62  0.34  0.20  0.40  0.52  0.80  0.52  1.92  0.58  0.48  0.34  1.00  0.78  0.26  1.32  0.50  0.26  0.20  0.56  0.30  0.06  0.64  0.68  0.54  0.24  0.88  0.38  0.36  0.24  0.32  0.46  0.00  0.08  0.32  0.20  3.20  0.00  0.00  0.00  0.00  0.00  0.00  0.00  0.00  0.00  0.00  0.00  0.00  0.00  0.00  0.00  0.00  0.00
  0.00  0.20  0.36  0.06  0.54  0.32  0.08  0.30  0.48  0.32  0.08  0.24  0.38  1.16  0.46  0.52  0.44  0.44  0.96  0.46  0.20  0.56  0.26  0.48  0.72  0.80  0.94  1.38  0.32  0.58  0.70  0.22  0.38  0.42  0.38  0.26  0.20  0.52  0.42  0.44  0.66  0.42  0.40  0.30  0.30  0.04  0.22  0.00  0.00  0.00  0.00  0.00  0.00  0.00  0.00  0.00  0.00  0.00  0.00  0.00  0.00  0.00  0.00  0.00
  0.18  0.60  0.10  0.50  0.52  0.22  0.36  0.44  0.26  0.30  0.62  0.20  0.34  0.40  0.44  0.30  0.26  0.46  0.72  0.84  0.24  0.00  0.30  0.06  0.28  0.26  1.56  1.44  1.32  0.70  0.40  0.28  0.20  0.36  0.16  0.18  0.94  0.34  0.28  0.28  0.34  0.30  0.22  0.24  0.32  0.14  0.00  0.00  0.00  0.00  0.00  0.00  0.00  0.00  0.00  0.00  0.00  0.00  0.00  0.00  0.00  0.00  0.00  0.00
  0.00  0.52  0.18  0.10  0.46  0.86  0.26  1.08  1.70  0.56  0.30  0.52  0.36  0.40  0.14  0.28  0.64  0.38  0.82  0.82  0.88  0.56  0.40  0.24  0.32  0.24  0.14  1.04  0.46  1.30  0.48  0.20  0.22  0.26  0.34  0.46  0.58  0.36  0.14  0.18  0.10  0.32  0.18  0.00  0.14  0.88  0.00  0.00  0.00  0.00  0.00  0.00  0.00  0.00  0.00  0.00  0.00  0.00  0.00  0.00  0.00  0.00  0.00  0.00
  0.00  0.00  0.26  0.00  0.00  0.46  0.34  0.34  0.46  0.22  0.22  0.26  0.58  0.10  0.34  0.36  0.26  0.58  0.80  0.62  0.00  0.24  0.84  0.32  0.50  0.12  0.18  0.38  0.18  0.56  0.50  0.48  1.28  0.22  0.68  0.52  0.78  0.40  0.32  0.20  0.00  0.28  0.44  0.10  0.36  0.14  0.00  0.00  0.00  0.00  0.00  0.00  0.00  0.00  0.00  0.00  0.00  0.00  0.00  0.00  0.00  0.00  0.00  0.00
  0.00  0.00  0.10  0.12  0.14  0.24  1.68  0.44  0.38  0.08  0.12  0.42  0.42  0.36  0.28  0.46  1.24  1.12  1.38  0.96  0.10  0.14  0.58  0.46  0.44  0.60  0.38  0.42  0.34  0.58  0.24  0.54  0.42  0.02  0.18  0.44  0.04  0.24  0.54  0.36  0.00  0.20  0.30  0.54  0.42  0.24  0.00  0.00  0.00  0.00  0.00  0.00  0.00  0.00  0.00  0.00  0.00  0.00  0.00  0.00  0.00  0.00  0.00  0.00
  0.00  0.00  0.00  0.12  0.12  0.20  0.78  0.44  0.50  0.26  0.32  0.34  0.64  0.28  0.26  0.68  1.10  0.20  0.52  0.04  0.66  0.44  0.12  0.50  0.82  1.24  0.44  0.52  0.18  0.32  0.40  0.30  0.26  0.28  0.22  0.22  0.30  0.26  0.46  0.34  0.18  0.58  1.60  0.18  0.58  0.24  0.00  0.00  0.00  0.00  0.00  0.00  0.00  0.00  0.00  0.00  0.00  0.00  0.00  0.00  0.00  0.00  0.00  0.00
  0.00  0.00  0.00  0.18  0.08  0.08  0.50  0.48  0.32  0.56  0.60  0.72  0.38  0.10  0.62  0.58  0.46  0.26  0.14  0.28  0.16  0.50  0.82  0.32  0.12  0.74  0.40  0.82  0.18  0.42  0.46  0.40  0.34  0.30  0.34  0.84  0.50  0.34  0.16  0.76  0.62  0.10  0.00  0.12  0.20  0.40  0.26  0.00  0.00  0.00  0.00  0.00  0.00  0.00  0.00  0.00  0.00  0.00  0.00  0.00  0.00  0.00  0.00  0.00
  0.00  0.00  0.16  0.16  0.18  0.30  0.48  0.74  0.42  0.84  0.68  0.42  0.34  0.36  0.16  0.50  0.14  0.22  0.54  0.30  0.22  0.62  0.56  1.76  0.68  0.68  0.72  0.68  0.06  0.22  0.26  0.54  0.12  0.34  0.16  0.18  0.22  0.12  0.24  0.20  0.18  0.10  0.02  0.26  0.36  0.08  0.00  0.00  0.00  0.00  0.00  0.00  0.00  0.00  0.00  0.00  0.00  0.00  0.00  0.00  0.00  0.00  0.00  0.00
  0.00  0.04  0.14  0.08  0.06  0.18  0.40  0.52  0.42  1.08  0.80  0.40  1.44  0.20  0.16  0.34  0.04  0.10  0.38  0.24  0.38  0.72  0.64  0.50  0.54  0.46  0.72  0.58  0.14  0.22  0.44  0.50  0.34  0.28  0.20  0.14  0.34  0.46  0.26  0.00  0.44  0.32  0.34  0.32  0.22  0.74  0.00  0.00  0.00  0.00  0.00  0.00  0.00  0.00  0.00  0.00  0.00  0.00  0.00  0.00  0.00  0.00  0.00  0.00
  0.00  0.24  0.00  0.06  0.08  0.16  1.06  0.94  0.46  0.62  0.48  1.06  0.42  0.58  0.48  0.40  0.22  0.28  0.36  0.86  1.20  0.60  0.18  0.50  0.48  0.30  0.64  0.78  0.94  1.34  0.40  0.06  0.44  0.26  0.00  0.06  0.14  1.06  0.38  0.06  0.14  0.40  0.20  0.36  0.10  0.30  0.00  0.00  0.00  0.00  0.00  0.00  0.00  0.00  0.00  0.00  0.00  0.00  0.00  0.00  0.00  0.00  0.00  0.00
  0.06  0.12  0.02  0.02  0.08  0.18  0.42  0.54  0.62  0.36  0.08  0.08  0.32  0.22  0.10  0.28  1.40  0.42  0.32  0.76  0.04  0.18  0.28  0.46  0.28  0.06  0.38  1.12  1.04  0.32  0.46  0.04  0.16  0.44  0.24  0.00  0.10  0.32  0.38  0.22  0.62  0.28  0.04  0.26  0.12  0.28  0.00  0.00  0.00  0.00  0.00  0.00  0.00  0.00  0.00  0.00  0.00  0.00  0.00  0.00  0.00  0.00  0.00  0.00
  0.08  0.12  0.04  0.00  0.00  0.34  0.56  0.28  0.16  0.38  0.30  0.16  0.10  0.56  0.46  0.50  0.60  0.54  0.54  0.24  0.04  0.20  0.18  0.16  0.52  0.10  0.74  1.54  1.20  0.76  0.98  0.34  0.20  0.94  0.50  0.14  0.42  0.30  0.08  0.62  0.64  0.22  0.20  0.14  0.48  0.04  0.00  0.00  0.00  0.00  0.00  0.00  0.00  0.00  0.00  0.00  0.00  0.00  0.00  0.00  0.00  0.00  0.00  0.00
  0.12  0.60  0.54  0.00  0.68  0.62  0.90  0.44  0.50  0.58  0.24  0.24  0.10  0.40  1.04  0.56  0.36  0.12  0.86  0.28  0.50  0.06  0.22  0.22  0.22  0.56  0.42  0.30  0.48  0.52  1.48  1.12  0.42  1.58  0.20  0.12  0.34  0.20  0.54  1.32  0.38  0.22  0.30  0.26  0.72  0.06  0.00  0.00  0.00  0.00  0.00  0.00  0.00  0.00  0.00  0.00  0.00  0.00  0.00  0.00  0.00  0.00  0.00  0.00
  0.14  0.16  0.32  0.18  0.08  0.46  0.66  0.50  0.26  0.60  0.36  0.10  0.10  0.58  0.52  1.00  0.68  1.04  0.46  0.52  0.30  0.64  0.44  0.28  0.42  0.00  0.14  0.24  0.40  0.46  0.98  1.12  0.80  0.60  0.06  0.24  0.16  0.44  0.94  0.84  0.08  0.18  0.04  0.58  0.46  0.06  0.00  0.00  0.00  0.00  0.00  0.00  0.00  0.00  0.00  0.00  0.00  0.00  0.00  0.00  0.00  0.00  0.00  0.00
  0.12  0.02  0.12  0.24  0.10  0.20  0.36  0.30  0.12  0.00  0.10  0.14  0.54  0.42  0.10  0.12  0.38  0.44  1.04  0.70  0.72  0.26  0.66  0.52  0.70  0.08  0.16  0.26  0.52  0.32  1.06  0.48  0.34  0.80  0.40  0.42  0.14  0.32  1.12  0.34  0.18  0.04  0.20  0.40  0.26  0.06  0.00  0.00  0.00  0.00  0.00  0.00  0.00  0.00  0.00  0.00  0.00  0.00  0.00  0.00  0.00  0.00  0.00  0.00
  0.18  0.00  0.00  0.00  0.12  0.30  0.42  0.38  0.50  0.04  0.46  0.20  0.04  0.18  0.10  0.02  0.26  0.24  0.68  0.28  0.16  0.24  0.28  0.34  1.70  0.18  0.18  0.18  0.08  0.62  0.66  0.82  0.52  0.90  0.48  0.82  0.46  0.92  1.06  0.42  0.08  0.12  0.24  0.48  0.08  0.06  0.00  0.00  0.00  0.00  0.00  0.00  0.00  0.00  0.00  0.00  0.00  0.00  0.00  0.00  0.00  0.00  0.00  0.00
  0.08  0.18  0.00  0.08  0.32  0.18  0.64  0.42  0.42  0.16  0.24  0.16  0.20  0.08  0.04  0.18  0.36  0.78  0.86  0.10  0.22  0.28  0.32  0.26  3.12  0.00  0.04  0.32  0.14  0.12  0.22  0.50  0.64  0.70  0.46  0.98  0.80  1.30  0.80  0.40  0.00  0.18  0.22  1.00  0.24  0.04  0.00  0.00  0.00  0.00  0.00  0.00  0.00  0.00  0.00  0.00  0.00  0.00  0.00  0.00  0.00  0.00  0.00  0.00
  0.06  0.00  0.10  0.26  0.16  0.00  0.22  0.08  0.20  0.16  0.24  0.04  0.20  0.18  0.16  0.10  0.28  0.20  0.26  0.48  0.28  0.18  0.16  0.00  0.30  0.42  0.14  0.22  0.20  0.62  1.28  0.32  0.72  0.76  1.34  1.04  1.96  1.16  0.68  0.26  0.00  0.36  0.60  0.48  0.02  0.00  0.00  0.00  0.00  0.00  0.00  0.00  0.00  0.00  0.00  0.00  0.00  0.00  0.00  0.00  0.00  0.00  0.00  0.00
  0.06  0.00  0.04  0.28  1.38  0.10  0.78  0.38  0.24  0.32  0.08  0.08  0.88  0.20  0.28  0.12  0.32  0.08  0.12  0.20  0.16  0.10  0.20  0.32  0.32  0.38  0.96  0.48  0.44  0.22  1.98  0.16  0.56  0.66  0.98  1.26  2.22  1.68  1.78  0.64  0.66  0.40  0.62  0.26  0.00  0.00  0.00  0.00  0.00  0.00  0.00  0.00  0.00  0.00  0.00  0.00  0.00  0.00  0.00  0.00  0.00  0.00  0.00  0.00
  0.42  0.38  0.22  0.00  0.08  0.34  0.00  0.00  0.00  0.00  0.00  0.64  1.86  0.00  0.28  0.56  0.10  0.00  0.00  0.00  0.00  0.00  0.00  0.00  0.00  0.24  0.16  0.20  0.24  0.60  0.44  0.16  0.18  0.46  0.76  1.10  4.92  2.70  1.74  0.22  0.12  0.28  2.20  0.86  0.56  0.00  0.00  0.00  0.00  0.00  0.00  0.00  0.00  0.00  0.00  0.00  0.00  0.00  0.00  0.00  0.00  0.00  0.00  0.00
  0.00  0.00  0.00  0.00  0.00  0.00  0.00  0.00  0.00  0.00  0.00  0.00  0.00  0.00  0.00  0.00  0.00  0.00  0.00  0.00  0.00  0.00  0.00  0.00  0.00  0.00  0.00  0.00  0.00  0.00  0.00  0.00  0.00  0.00  0.00  0.00  0.00  0.00  0.00  0.00  0.00  0.00  0.00  0.00  0.00  0.00  0.00  0.00  0.00  0.00  0.00  0.00  0.00  0.00  0.00  0.00  0.00  0.00  0.00  0.00  0.00  0.00  0.00  0.00
  0.00  0.00  0.00  0.00  0.00  0.00  0.00  0.00  0.00  0.00  0.00  0.00  0.00  0.00  0.00  0.00  0.00  0.00  0.00  0.00  0.00  0.00  0.00  0.00  0.00  0.00  0.00  0.00  0.00  0.00  0.00  0.00  0.00  0.00  0.00  0.00  0.00  0.00  0.00  0.00  0.00  0.00  0.00  0.00  0.00  0.00  0.00  0.00  0.00  0.00  0.00  0.00  0.00  0.00  0.00  0.00  0.00  0.00  0.00  0.00  0.00  0.00  0.00  0.00
  0.00  0.00  0.00  0.00  0.00  0.00  0.00  0.00  0.00  0.00  0.00  0.00  0.00  0.00  0.00  0.00  0.00  0.00  0.00  0.00  0.00  0.00  0.00  0.00  0.00  0.00  0.00  0.00  0.00  0.00  0.00  0.00  0.00  0.00  0.00  0.00  0.00  0.00  0.00  0.00  0.00  0.00  0.00  0.00  0.00  0.00  0.00  0.00  0.00  0.00  0.00  0.00  0.00  0.00  0.00  0.00  0.00  0.00  0.00  0.00  0.00  0.00  0.00  0.00
  0.00  0.00  0.00  0.00  0.00  0.00  0.00  0.00  0.00  0.00  0.00  0.00  0.00  0.00  0.00  0.00  0.00  0.00  0.00  0.00  0.00  0.00  0.00  0.00  0.00  0.00  0.00  0.00  0.00  0.00  0.00  0.00  0.00  0.00  0.00  0.00  0.00  0.00  0.00  0.00  0.00  0.00  0.00  0.00  0.00  0.00  0.00  0.00  0.00  0.00  0.00  0.00  0.00  0.00  0.00  0.00  0.00  0.00  0.00  0.00  0.00  0.00  0.00  0.00
  0.00  0.00  0.00  0.00  0.00  0.00  0.00  0.00  0.00  0.00  0.00  0.00  0.00  0.00  0.00  0.00  0.00  0.00  0.00  0.00  0.00  0.00  0.00  0.00  0.00  0.00  0.00  0.00  0.00  0.00  0.00  0.00  0.00  0.00  0.00  0.00  0.00  0.00  0.00  0.00  0.00  0.00  0.00  0.00  0.00  0.00  0.00  0.00  0.00  0.00  0.00  0.00  0.00  0.00  0.00  0.00  0.00  0.00  0.00  0.00  0.00  0.00  0.00  0.00
  0.00  0.00  0.00  0.00  0.00  0.00  0.00  0.00  0.00  0.00  0.00  0.00  0.00  0.00  0.00  0.00  0.00  0.00  0.00  0.00  0.00  0.00  0.00  0.00  0.00  0.00  0.00  0.00  0.00  0.00  0.00  0.00  0.00  0.00  0.00  0.00  0.00  0.00  0.00  0.00  0.00  0.00  0.00  0.00  0.00  0.00  0.00  0.00  0.00  0.00  0.00  0.00  0.00  0.00  0.00  0.00  0.00  0.00  0.00  0.00  0.00  0.00  0.00  0.00
  0.00  0.00  0.00  0.00  0.00  0.00  0.00  0.00  0.00  0.00  0.00  0.00  0.00  0.00  0.00  0.00  0.00  0.00  0.00  0.00  0.00  0.00  0.00  0.00  0.00  0.00  0.00  0.00  0.00  0.00  0.00  0.00  0.00  0.00  0.00  0.00  0.00  0.00  0.00  0.00  0.00  0.00  0.00  0.00  0.00  0.00  0.00  0.00  0.00  0.00  0.00  0.00  0.00  0.00  0.00  0.00  0.00  0.00  0.00  0.00  0.00  0.00  0.00  0.00
  0.00  0.00  0.00  0.00  0.00  0.00  0.00  0.00  0.00  0.00  0.00  0.00  0.00  0.00  0.00  0.00  0.00  0.00  0.00  0.00  0.00  0.00  0.00  0.00  0.00  0.00  0.00  0.00  0.00  0.00  0.00  0.00  0.00  0.00  0.00  0.00  0.00  0.00  0.00  0.00  0.00  0.00  0.00  0.00  0.00  0.00  0.00  0.00  0.00  0.00  0.00  0.00  0.00  0.00  0.00  0.00  0.00  0.00  0.00  0.00  0.00  0.00  0.00  0.00
  0.00  0.00  0.00  0.00  0.00  0.00  0.00  0.00  0.00  0.00  0.00  0.00  0.00  0.00  0.00  0.00  0.00  0.00  0.00  0.00  0.00  0.00  0.00  0.00  0.00  0.00  0.00  0.00  0.00  0.00  0.00  0.00  0.00  0.00  0.00  0.00  0.00  0.00  0.00  0.00  0.00  0.00  0.00  0.00  0.00  0.00  0.00  0.00  0.00  0.00  0.00  0.00  0.00  0.00  0.00  0.00  0.00  0.00  0.00  0.00  0.00  0.00  0.00  0.00
  0.00  0.00  0.00  0.00  0.00  0.00  0.00  0.00  0.00  0.00  0.00  0.00  0.00  0.00  0.00  0.00  0.00  0.00  0.00  0.00  0.00  0.00  0.00  0.00  0.00  0.00  0.00  0.00  0.00  0.00  0.00  0.00  0.00  0.00  0.00  0.00  0.00  0.00  0.00  0.00  0.00  0.00  0.00  0.00  0.00  0.00  0.00  0.00  0.00  0.00  0.00  0.00  0.00  0.00  0.00  0.00  0.00  0.00  0.00  0.00  0.00  0.00  0.00  0.00
  0.00  0.00  0.00  0.00  0.00  0.00  0.00  0.00  0.00  0.00  0.00  0.00  0.00  0.00  0.00  0.00  0.00  0.00  0.00  0.00  0.00  0.00  0.00  0.00  0.00  0.00  0.00  0.00  0.00  0.00  0.00  0.00  0.00  0.00  0.00  0.00  0.00  0.00  0.00  0.00  0.00  0.00  0.00  0.00  0.00  0.00  0.00  0.00  0.00  0.00  0.00  0.00  0.00  0.00  0.00  0.00  0.00  0.00  0.00  0.00  0.00  0.00  0.00  0.00
  0.00  0.00  0.00  0.00  0.00  0.00  0.00  0.00  0.00  0.00  0.00  0.00  0.00  0.00  0.00  0.00  0.00  0.00  0.00  0.00  0.00  0.00  0.00  0.00  0.00  0.00  0.00  0.00  0.00  0.00  0.00  0.00  0.00  0.00  0.00  0.00  0.00  0.00  0.00  0.00  0.00  0.00  0.00  0.00  0.00  0.00  0.00  0.00  0.00  0.00  0.00  0.00  0.00  0.00  0.00  0.00  0.00  0.00  0.00  0.00  0.00  0.00  0.00  0.00
  0.00  0.00  0.00  0.00  0.00  0.00  0.00  0.00  0.00  0.00  0.00  0.00  0.00  0.00  0.00  0.00  0.00  0.00  0.00  0.00  0.00  0.00  0.00  0.00  0.00  0.00  0.00  0.00  0.00  0.00  0.00  0.00  0.00  0.00  0.00  0.00  0.00  0.00  0.00  0.00  0.00  0.00  0.00  0.00  0.00  0.00  0.00  0.00  0.00  0.00  0.00  0.00  0.00  0.00  0.00  0.00  0.00  0.00  0.00  0.00  0.00  0.00  0.00  0.00
  0.00  0.00  0.00  0.00  0.00  0.00  0.00  0.00  0.00  0.00  0.00  0.00  0.00  0.00  0.00  0.00  0.00  0.00  0.00  0.00  0.00  0.00  0.00  0.00  0.00  0.00  0.00  0.00  0.00  0.00  0.00  0.00  0.00  0.00  0.00  0.00  0.00  0.00  0.00  0.00  0.00  0.00  0.00  0.00  0.00  0.00  0.00  0.00  0.00  0.00  0.00  0.00  0.00  0.00  0.00  0.00  0.00  0.00  0.00  0.00  0.00  0.00  0.00  0.00
  0.00  0.00  0.00  0.00  0.00  0.00  0.00  0.00  0.00  0.00  0.00  0.00  0.00  0.00  0.00  0.00  0.00  0.00  0.00  0.00  0.00  0.00  0.00  0.00  0.00  0.00  0.00  0.00  0.00  0.00  0.00  0.00  0.00  0.00  0.00  0.00  0.00  0.00  0.00  0.00  0.00  0.00  0.00  0.00  0.00  0.00  0.00  0.00  0.00  0.00  0.00  0.00  0.00  0.00  0.00  0.00  0.00  0.00  0.00  0.00  0.00  0.00  0.00  0.00
  0.00  0.00  0.00  0.00  0.00  0.00  0.00  0.00  0.00  0.00  0.00  0.00  0.00  0.00  0.00  0.00  0.00  0.00  0.00  0.00  0.00  0.00  0.00  0.00  0.00  0.00  0.00  0.00  0.00  0.00  0.00  0.00  0.00  0.00  0.00  0.00  0.00  0.00  0.00  0.00  0.00  0.00  0.00  0.00  0.00  0.00  0.00  0.00  0.00  0.00  0.00  0.00  0.00  0.00  0.00  0.00  0.00  0.00  0.00  0.00  0.00  0.00  0.00  0.00
  0.00  0.00  0.00  0.00  0.00  0.00  0.00  0.00  0.00  0.00  0.00  0.00  0.00  0.00  0.00  0.00  0.00  0.00  0.00  0.00  0.00  0.00  0.00  0.00  0.00  0.00  0.00  0.00  0.00  0.00  0.00  0.00  0.00  0.00  0.00  0.00  0.00  0.00  0.00  0.00  0.00  0.00  0.00  0.00  0.00  0.00  0.00  0.00  0.00  0.00  0.00  0.00  0.00  0.00  0.00  0.00  0.00  0.00  0.00  0.00  0.00  0.00  0.00  0.00
  0.00  0.00  0.00  0.00  0.00  0.00  0.00  0.00  0.00  0.00  0.00  0.00  0.00  0.00  0.00  0.00  0.00  0.00  0.00  0.00  0.00  0.00  0.00  0.00  0.00  0.00  0.00  0.00  0.00  0.00  0.00  0.00  0.00  0.00  0.00  0.00  0.00  0.00  0.00  0.00  0.00  0.00  0.00  0.00  0.00  0.00  0.00  0.00  0.00  0.00  0.00  0.00  0.00  0.00  0.00  0.00  0.00  0.00  0.00  0.00  0.00  0.00  0.00  0.00

 density range (Hz): 0.000000 4.920000