Array Size: 64  64
  0.00  0.00  0.00  0.00  0.00  1.68  1.39  1.09  0.76  0.76  0.54  0.31  0.17  0.17  0.00  0.00  0.00  0.00  0.15  0.17  0.29  0.20  0.14  0.05  0.05  0.05  0.05  0.07  0.11  0.15  0.00  0.00  0.00  0.00  0.00  0.00  0.00  0.00  0.33  0.29  0.00  0.00  0.00  0.00  0.00  0.00  0.00  0.00  0.00  0.00  0.00  0.00  0.00  0.00  0.00  0.00  0.00  0.00  0.00  0.00  0.00  0.00  0.00  0.00
  0.00  0.00  0.00  0.00  1.60  1.51  1.23  1.00  0.65  0.64  0.44  0.37  0.26  0.25  0.12  0.11  0.11  0.10  0.22  0.24  0.35  0.17  0.12  0.04  0.04  0.04  0.05  0.06  0.09  0.11  0.00  0.00  0.00  0.00  0.00  0.00  0.00  0.25  0.23  0.23  0.00  0.00  0.00  0.00  0.00  0.00  0.00  0.00  0.00  0.00  0.00  0.00  0.00  0.00  0.00  0.00  0.00  0.00  0.00  0.00  0.00  0.00  0.00  0.00
  0.00  0.00  0.00  1.96  1.53  1.47  1.19  0.97  0.58  0.55  0.37  0.31  0.21  0.18  0.08  0.08  0.07  0.08  0.17  0.19  0.27  0.14  0.10  0.04  0.04  0.04  0.04  0.05  0.07  0.09  0.00  0.00  0.00  0.00  0.00  0.16  0.16  0.16  0.17  0.20  0.00  0.00  0.00  0.00  0.00  0.00  0.00  0.00  0.00  0.00  0.00  0.00  0.00  0.00  0.00  0.00  0.00  0.00  0.00  0.00  0.00  0.00  0.00  0.00
  0.00  0.00  0.00  1.62  1.60  1.77  1.44  1.32  0.90  0.70  0.38  0.41  0.27  0.23  0.15  0.15  0.07  0.08  0.09  0.20  0.30  0.18  0.14  0.11  0.05  0.05  0.05  0.06  0.08  0.09  0.00  0.00  0.00  0.00  0.00  0.12  0.12  0.13  0.15  0.18  0.00  0.00  0.00  0.00  0.00  0.00  0.00  0.00  0.00  0.00  0.00  0.00  0.00  0.00  0.00  0.00  0.00  0.00  0.00  0.00  0.00  0.00  0.00  0.00
  0.00  0.00  0.81  1.47  1.31  1.73  1.13  1.13  0.96  0.82  0.45  0.64  0.49  0.32  0.23  0.22  0.35  0.34  0.28  0.41  0.43  0.09  0.17  0.15  0.13  0.31  0.32  0.28  0.35  0.28  0.00  0.00  0.00  0.08  0.08  0.18  0.23  0.27  0.17  0.21  0.00  0.00  0.00  0.00  0.00  0.00  0.00  0.00  0.00  0.00  0.00  0.00  0.00  0.00  0.00  0.00  0.00  0.00  0.00  0.00  0.00  0.00  0.00  0.00
  0.00  0.39  0.29  0.65  0.65  1.25  0.84  0.80  0.82  0.60  0.19  0.45  0.40  0.24  0.23  0.23  0.37  0.34  0.28  0.40  0.42  0.09  0.20  0.22  0.19  0.36  0.46  0.37  0.38  0.31  0.10  0.00  0.08  0.17  0.16  0.16  0.21  0.13  0.00  0.00  0.00  0.00  0.00  0.00  0.00  0.00  0.00  0.00  0.00  0.00  0.00  0.00  0.00  0.00  0.00  0.00  0.00  0.00  0.00  0.00  0.00  0.00  0.00  0.00
  0.00  0.86  0.68  0.63  0.98  1.45  0.92  0.88  1.10  0.67  0.18  0.32  0.27  0.15  0.15  0.16  0.37  0.38  0.33  0.44  0.46  0.16  0.23  0.27  0.34  0.52  0.62  0.53  0.83  0.69  0.45  0.28  0.36  0.17  0.23  0.24  0.30  0.24  0.14  0.00  0.00  0.00  0.00  0.00  0.00  0.00  0.00  0.00  0.00  0.00  0.00  0.00  0.00  0.00  0.00  0.00  0.00  0.00  0.00  0.00  0.00  0.00  0.00  0.00
  0.61  0.77  0.83  0.59  0.91  1.56  1.11  0.93  1.18  0.87  0.36  0.39  0.37  0.28  0.21  0.17  0.42  0.40  0.33  0.45  0.48  0.18  0.41  0.66  0.64  0.89  1.06  0.91  1.18  1.09  0.86  0.49  0.55  0.28  0.34  0.27  0.36  0.28  0.14  0.00  0.00  0.00  0.00  0.00  0.00  0.00  0.00  0.00  0.00  0.00  0.00  0.00  0.00  0.00  0.00  0.00  0.00  0.00  0.00  0.00  0.00  0.00  0.00  0.00
  0.70  0.79  0.96  0.68  0.82  1.23  0.94  0.79  1.00  0.89  0.52  0.49  0.37  0.29  0.23  0.18  0.50  0.48  0.40  0.45  0.50  0.40  0.88  1.28  1.12  1.22  1.18  0.95  1.17  1.17  0.94  0.54  0.61  0.36  0.34  0.30  0.42  0.29  0.13  0.00  0.00  0.08  0.08  0.08  0.09  0.14  0.00  0.00  0.00  0.00  0.00  0.00  0.00  0.00  0.00  0.00  0.00  0.00  0.00  0.00  0.00  0.00  0.00  0.00
  0.00  0.00  0.75  0.67  1.00  1.05  0.98  0.80  0.74  0.57  0.41  0.34  0.22  0.21  0.15  0.09  0.17  0.22  0.23  0.32  0.36  0.57  0.00  1.22  1.26  1.14  1.14  1.13  1.50  1.28  1.20  0.91  0.89  0.33  0.32  0.27  0.29  0.14  0.12  0.00  0.00  0.06  0.06  0.06  0.08  0.12  0.00  0.00  0.00  0.00  0.00  0.00  0.00  0.00  0.00  0.00  0.00  0.00  0.00  0.00  0.00  0.00  0.00  0.00
  0.00  0.51  0.76  0.64  0.88  0.96  0.94  0.74  0.69  0.55  0.39  0.31  0.20  0.20  0.14  0.09  0.15  0.21  0.27  0.42  0.60  0.91  0.00  1.39  1.56  0.00  1.06  1.10  1.43  1.07  1.01  0.88  0.74  0.21  0.21  0.00  0.14  0.34  0.42  0.40  0.35  0.34  0.24  0.18  0.15  0.12  0.00  0.00  0.00  0.00  0.00  0.00  0.00  0.00  0.00  0.00  0.00  0.00  0.00  0.00  0.00  0.00  0.00  0.00
  0.00  0.00  0.35  0.45  0.51  0.60  0.72  0.56  0.45  0.49  0.40  0.31  0.20  0.21  0.22  0.18  0.15  0.15  0.21  0.28  0.44  0.82  1.31  1.59  1.72  1.39  1.33  1.30  1.23  0.97  0.94  0.68  0.44  0.21  0.11  0.13  0.23  0.37  0.39  0.47  0.36  0.43  0.39  0.39  0.00  0.49  0.00  0.00  0.00  0.00  0.00  0.00  0.00  0.00  0.00  0.00  0.00  0.00  0.00  0.00  0.00  0.00  0.00  0.00
  0.00  0.00  0.16  0.46  0.52  0.44  0.46  0.47  0.25  0.22  0.21  0.19  0.07  0.08  0.16  0.18  0.15  0.15  0.28  0.35  0.52  0.94  1.57  1.81  2.03  1.50  1.28  1.14  0.98  0.77  0.78  0.59  0.27  0.11  0.00  0.11  0.20  0.33  0.36  0.45  0.37  0.50  0.47  0.49  0.51  0.67  0.00  0.00  0.00  0.00  0.00  0.00  0.00  0.00  0.00  0.00  0.00  0.00  0.00  0.00  0.00  0.00  0.00  0.00
  0.00  0.00  0.00  0.30  0.39  0.34  0.36  0.34  0.09  0.00  0.00  0.06  0.12  0.20  0.27  0.31  0.22  0.30  0.37  0.45  0.62  0.86  1.26  1.41  1.62  1.25  1.32  1.13  1.00  0.76  0.79  0.60  0.21  0.00  0.00  0.11  0.20  0.34  0.39  0.52  0.46  0.57  0.54  0.55  0.55  0.00  0.00  0.00  0.00  0.00  0.00  0.00  0.00  0.00  0.00  0.00  0.00  0.00  0.00  0.00  0.00  0.00  0.00  0.00
  0.00  0.00  0.00  0.14  0.13  0.11  0.11  0.11  0.00  0.00  0.00  0.07  0.22  0.31  0.35  0.39  0.33  0.29  0.36  0.39  0.58  0.73  1.01  1.16  1.11  0.83  1.11  0.94  0.66  0.60  0.65  0.34  0.00  0.00  0.00  0.10  0.18  0.34  0.40  0.55  0.50  0.66  0.60  0.59  0.55  0.61  0.00  0.00  0.00  0.00  0.00  0.00  0.00  0.00  0.00  0.00  0.00  0.00  0.00  0.00  0.00  0.00  0.00  0.00
  0.00  0.00  0.00  0.14  0.14  0.12  0.11  0.24  0.10  0.08  0.07  0.17  0.24  0.35  0.40  0.47  0.41  0.42  0.37  0.42  0.39  0.47  0.76  1.03  0.73  0.63  0.88  0.71  0.47  0.55  0.56  0.36  0.16  0.17  0.09  0.18  0.24  0.26  0.25  0.00  0.18  0.32  0.39  0.53  0.57  0.75  0.60  0.00  0.00  0.00  0.00  0.00  0.00  0.00  0.00  0.00  0.00  0.00  0.00  0.00  0.00  0.00  0.00  0.00
  0.00  0.00  0.00  0.11  0.12  0.21  0.21  0.36  0.19  0.22  0.14  0.22  0.32  0.39  0.36  0.42  0.37  0.39  0.40  0.56  0.51  0.60  0.54  0.63  0.43  0.39  0.52  0.44  0.27  0.35  0.35  0.28  0.15  0.16  0.08  0.09  0.09  0.10  0.12  0.13  0.26  0.21  0.19  0.26  0.28  0.25  0.28  0.00  0.00  0.00  0.00  0.00  0.00  0.00  0.00  0.00  0.00  0.00  0.00  0.00  0.00  0.00  0.00  0.00
  0.00  0.00  0.00  0.00  0.00  0.11  0.32  0.44  0.41  0.42  0.43  0.35  0.43  0.46  0.42  0.37  0.31  0.31  0.25  0.35  0.35  0.39  0.18  0.27  0.16  0.15  0.30  0.30  0.21  0.26  0.25  0.19  0.13  0.13  0.07  0.08  0.09  0.10  0.13  0.15  0.27  0.14  0.12  0.17  0.18  0.14  0.00  0.00  0.00  0.00  0.00  0.00  0.00  0.00  0.00  0.00  0.00  0.00  0.00  0.00  0.00  0.00  0.00  0.00
  0.00  0.00  0.00  0.00  0.00  0.11  0.28  0.40  0.41  0.43  0.67  0.60  0.64  0.61  0.56  0.36  0.28  0.16  0.12  0.20  0.14  0.14  0.06  0.11  0.11  0.11  0.23  0.30  0.21  0.19  0.15  0.10  0.10  0.09  0.05  0.07  0.08  0.09  0.22  0.25  0.37  0.15  0.12  0.12  0.13  0.08  0.00  0.00  0.00  0.00  0.00  0.00  0.00  0.00  0.00  0.00  0.00  0.00  0.00  0.00  0.00  0.00  0.00  0.00
  0.00  0.00  0.00  0.10  0.11  0.19  0.34  0.55  0.48  0.57  0.80  0.88  0.74  0.69  0.62  0.43  0.25  0.26  0.22  0.27  0.17  0.17  0.05  0.11  0.10  0.11  0.16  0.24  0.17  0.15  0.12  0.13  0.09  0.08  0.05  0.06  0.07  0.08  0.43  0.60  0.72  0.47  0.40  0.25  0.16  0.09  0.00  0.00  0.00  0.00  0.00  0.00  0.00  0.00  0.00  0.00  0.00  0.00  0.00  0.00  0.00  0.00  0.00  0.00
  0.00  0.00  0.00  0.11  0.11  0.20  0.35  0.48  0.41  0.60  0.84  0.92  1.01  0.85  0.71  0.44  0.31  0.20  0.21  0.21  0.16  0.10  0.00  0.05  0.09  0.10  0.15  0.22  0.17  0.15  0.12  0.09  0.05  0.05  0.00  0.00  0.00  0.00  0.32  0.50  0.59  0.47  0.42  0.19  0.08  0.00  0.00  0.00  0.00  0.00  0.00  0.00  0.00  0.00  0.00  0.00  0.00  0.00  0.00  0.00  0.00  0.00  0.00  0.00
  0.00  0.00  0.00  0.10  0.09  0.10  0.27  0.36  0.30  0.42  0.00  0.97  0.99  0.87  0.81  0.47  0.31  0.26  0.24  0.19  0.14  0.09  0.00  0.04  0.08  0.13  0.17  0.25  0.21  0.24  0.16  0.13  0.10  0.10  0.00  0.00  0.00  0.00  0.30  0.43  0.45  0.53  0.47  0.16  0.00  0.00  0.00  0.00  0.00  0.00  0.00  0.00  0.00  0.00  0.00  0.00  0.00  0.00  0.00  0.00  0.00  0.00  0.00  0.00
  0.00  0.00  0.00  0.10  0.18  0.19  0.18  0.28  0.20  0.21  0.51  0.94  1.10  1.06  1.05  0.82  0.50  0.36  0.28  0.21  0.14  0.12  0.04  0.10  0.17  0.21  0.24  0.35  0.28  0.34  0.34  0.33  0.26  0.27  0.11  0.00  0.00  0.00  0.28  0.40  0.45  0.59  0.58  0.19  0.00  0.00  0.00  0.00  0.00  0.00  0.00  0.00  0.00  0.00  0.00  0.00  0.00  0.00  0.00  0.00  0.00  0.00  0.00  0.00
  0.00  0.00  0.00  0.10  0.27  0.32  0.33  0.43  0.34  0.46  0.44  0.76  0.85  0.89  0.71  0.71  0.44  0.38  0.26  0.20  0.14  0.14  0.04  0.20  0.28  0.32  0.35  0.45  0.30  0.38  0.43  0.43  0.41  0.42  0.19  0.08  0.07  0.00  0.21  0.34  0.39  0.52  0.52  0.22  0.00  0.00  0.00  0.00  0.00  0.00  0.00  0.00  0.00  0.00  0.00  0.00  0.00  0.00  0.00  0.00  0.00  0.00  0.00  0.00
  0.00  0.00  0.00  0.00  0.19  0.25  0.38  0.39  0.40  0.38  0.35  0.43  0.85  0.88  0.76  0.70  0.56  0.35  0.24  0.17  0.17  0.11  0.05  0.17  0.25  0.31  0.32  0.39  0.28  0.38  0.54  0.53  0.65  0.71  0.40  0.17  0.15  0.00  0.00  0.00  0.00  0.00  0.00  0.00  0.00  0.00  0.00  0.00  0.00  0.00  0.00  0.00  0.00  0.00  0.00  0.00  0.00  0.00  0.00  0.00  0.00  0.00  0.00  0.00
  0.00  0.00  0.00  0.00  0.19  0.24  0.50  0.62  0.85  1.06  1.15  1.06  1.20  1.07  0.77  0.62  0.50  0.36  0.25  0.18  0.18  0.12  0.06  0.20  0.28  0.32  0.37  0.43  0.32  0.38  0.59  0.52  0.64  0.69  0.49  0.24  0.24  0.08  0.08  0.00  0.00  0.13  0.00  0.11  0.07  0.08  0.00  0.00  0.00  0.00  0.00  0.00  0.00  0.00  0.00  0.00  0.00  0.00  0.00  0.00  0.00  0.00  0.00  0.00
  0.00  0.17  0.25  0.21  0.36  0.36  0.49  0.49  0.69  0.92  1.04  1.08  1.32  1.23  0.74  0.61  0.49  0.25  0.13  0.13  0.13  0.07  0.07  0.26  0.36  0.40  0.44  0.56  0.43  0.45  0.75  0.79  0.80  0.86  0.85  0.50  0.44  0.29  0.28  0.00  0.00  0.15  0.14  0.13  0.08  0.09  0.00  0.00  0.00  0.00  0.00  0.00  0.00  0.00  0.00  0.00  0.00  0.00  0.00  0.00  0.00  0.00  0.00  0.00
  0.27  0.23  0.32  0.25  0.26  0.25  0.38  0.39  0.62  0.98  1.11  1.10  1.18  1.01  0.48  0.37  0.36  0.20  0.13  0.14  0.20  0.00  0.10  0.27  0.31  0.34  0.40  0.48  0.37  0.35  0.40  0.42  0.58  0.62  0.76  0.63  0.56  0.30  0.31  0.00  0.00  0.15  0.45  0.46  0.36  0.43  0.00  0.00  0.00  0.00  0.00  0.00  0.00  0.00  0.00  0.00  0.00  0.00  0.00  0.00  0.00  0.00  0.00  0.00
  0.00  0.30  0.40  0.29  0.12  0.10  0.24  0.25  0.44  0.77  0.92  0.89  0.98  0.72  0.37  0.25  0.28  0.12  0.13  0.14  0.29  0.28  0.33  0.31  0.26  0.22  0.20  0.37  0.36  0.40  0.47  0.52  0.52  0.55  0.81  0.65  0.52  0.32  0.35  0.00  0.00  0.15  0.44  0.00  0.51  0.68  0.00  0.00  0.00  0.00  0.00  0.00  0.00  0.00  0.00  0.00  0.00  0.00  0.00  0.00  0.00  0.00  0.00  0.00
  0.00  0.00  0.50  0.00  0.00  0.29  0.32  0.31  0.48  0.65  0.87  0.93  0.81  0.55  0.18  0.00  0.07  0.06  0.06  0.07  0.00  0.29  0.32  0.30  0.26  0.16  0.14  0.34  0.48  0.52  0.58  0.65  0.56  0.34  0.73  0.68  0.64  0.55  0.63  0.14  0.00  0.27  0.51  0.45  0.55  0.66  0.00  0.00  0.00  0.00  0.00  0.00  0.00  0.00  0.00  0.00  0.00  0.00  0.00  0.00  0.00  0.00  0.00  0.00
  0.00  0.00  0.84  0.47  0.41  0.32  0.24  0.15  0.15  0.09  0.18  0.22  0.22  0.20  0.09  0.00  0.00  0.00  0.00  0.00  0.16  0.27  0.29  0.26  0.27  0.17  0.09  0.33  0.53  0.51  0.54  0.65  0.53  0.31  0.80  0.77  0.72  0.62  0.74  0.13  0.00  0.13  0.40  0.35  0.41  0.42  0.00  0.00  0.00  0.00  0.00  0.00  0.00  0.00  0.00  0.00  0.00  0.00  0.00  0.00  0.00  0.00  0.00  0.00
  0.00  0.00  0.00  0.00  0.45  0.47  0.50  0.43  0.41  0.19  0.19  0.10  0.11  0.10  0.09  0.00  0.00  0.00  0.00  0.00  0.17  0.26  0.25  0.21  0.21  0.14  0.08  0.18  0.41  0.40  0.31  0.31  0.32  0.10  0.43  0.49  0.69  0.56  0.64  0.28  0.37  0.13  0.39  0.38  0.44  0.45  0.00  0.00  0.00  0.00  0.00  0.00  0.00  0.00  0.00  0.00  0.00  0.00  0.00  0.00  0.00  0.00  0.00  0.00
  0.00  0.00  0.00  0.00  0.46  0.46  0.50  0.41  0.36  0.24  0.23  0.16  0.18  0.18  0.09  0.00  0.00  0.00  0.00  0.00  0.09  0.17  0.16  0.13  0.13  0.13  0.08  0.17  0.39  0.41  0.36  0.35  0.25  0.00  0.43  0.43  0.68  0.63  0.66  0.27  0.36  0.25  0.00  0.24  0.27  0.19  0.00  0.00  0.00  0.00  0.00  0.00  0.00  0.00  0.00  0.00  0.00  0.00  0.00  0.00  0.00  0.00  0.00  0.00
  0.00  0.00  0.59  0.38  0.54  0.48  0.51  0.39  0.34  0.21  0.21  0.14  0.16  0.17  0.09  0.00  0.00  0.00  0.00  0.00  0.00  0.00  0.00  0.00  0.00  0.13  0.22  0.22  0.41  0.45  0.32  0.22  0.26  0.00  0.44  0.40  0.66  0.75  0.74  0.37  0.50  0.38  0.25  0.25  0.29  0.21  0.00  0.00  0.00  0.00  0.00  0.00  0.00  0.00  0.00  0.00  0.00  0.00  0.00  0.00  0.00  0.00  0.00  0.00
  0.00  1.56  1.14  0.38  0.20  0.25  0.31  0.24  0.21  0.21  0.14  0.08  0.09  0.09  0.10  0.23  0.22  0.20  0.21  0.10  0.00  0.00  0.00  0.00  0.00  0.14  0.22  0.21  0.22  0.24  0.10  0.00  0.00  0.00  0.31  0.27  0.42  0.53  0.48  0.00  0.31  0.31  0.16  0.17  0.20  0.23  0.00  0.00  0.00  0.00  0.00  0.00  0.00  0.00  0.00  0.00  0.00  0.00  0.00  0.00  0.00  0.00  0.00  0.00
  0.00  1.49  0.00  0.36  0.19  0.26  0.31  0.24  0.22  0.23  0.24  0.16  0.19  0.30  0.29  0.32  0.32  0.29  0.19  0.10  0.00  0.00  0.00  0.00  0.00  0.20  0.26  0.25  0.24  0.27  0.09  0.00  0.00  0.00  0.00  0.00  0.16  0.31  0.38  0.37  0.46  0.46  0.30  0.16  0.21  0.25  0.00  0.00  0.00  0.00  0.00  0.00  0.00  0.00  0.00  0.00  0.00  0.00  0.00  0.00  0.00  0.00  0.00  0.00
  1.42  1.32  0.94  0.45  0.30  0.12  0.09  0.08  0.08  0.09  0.18  0.18  0.19  0.38  0.35  0.39  0.46  0.55  0.45  0.39  0.29  0.21  0.11  0.00  0.00  0.16  0.28  0.32  0.33  0.41  0.35  0.21  0.17  0.11  0.00  0.00  0.14  0.25  0.31  0.30  0.23  0.36  0.26  0.14  0.18  0.23  0.00  0.00  0.00  0.00  0.00  0.00  0.00  0.00  0.00  0.00  0.00  0.00  0.00  0.00  0.00  0.00  0.00  0.00
  1.56  1.42  1.07  0.00  0.00  0.22  0.18  0.16  0.08  0.00  0.12  0.22  0.22  0.39  0.42  0.37  0.37  0.44  0.39  0.35  0.39  0.32  0.23  0.13  0.12  0.18  0.30  0.34  0.33  0.38  0.30  0.18  0.14  0.10  0.00  0.11  0.14  0.21  0.28  0.28  0.21  0.23  0.27  0.16  0.20  0.24  0.00  0.00  0.00  0.00  0.00  0.00  0.00  0.00  0.00  0.00  0.00  0.00  0.00  0.00  0.00  0.00  0.00  0.00
  1.55  1.32  1.01  0.00  0.42  0.25  0.21  0.19  0.10  0.00  0.15  0.28  0.27  0.46  0.44  0.39  0.50  0.56  0.53  0.53  0.57  0.34  0.24  0.13  0.12  0.10  0.17  0.25  0.25  0.29  0.31  0.24  0.19  0.17  0.10  0.11  0.37  0.30  0.36  0.37  0.30  0.23  0.41  0.34  0.40  0.48  0.00  0.00  0.00  0.00  0.00  0.00  0.00  0.00  0.00  0.00  0.00  0.00  0.00  0.00  0.00  0.00  0.00  0.00
  1.17  1.01  1.01  0.76  0.55  0.49  0.43  0.30  0.21  0.14  0.16  0.29  0.27  0.48  0.41  0.27  0.39  0.72  0.67  0.72  0.86  0.71  0.20  0.22  0.21  0.00  0.27  0.38  0.27  0.30  0.30  0.21  0.22  0.35  0.33  0.34  0.55  0.39  0.41  0.43  0.38  0.35  0.57  0.34  0.39  0.48  0.00  0.00  0.00  0.00  0.00  0.00  0.00  0.00  0.00  0.00  0.00  0.00  0.00  0.00  0.00  0.00  0.00  0.00
  1.16  0.97  0.91  0.73  0.53  0.47  0.40  0.30  0.21  0.00  0.00  0.16  0.15  0.28  0.24  0.20  0.33  0.65  0.65  0.76  0.90  0.80  0.23  0.25  0.17  0.09  0.18  0.45  0.29  0.30  0.34  0.22  0.23  0.32  0.37  0.51  0.66  0.52  0.52  0.48  0.29  0.24  0.43  0.31  0.35  0.42  0.00  0.00  0.00  0.00  0.00  0.00  0.00  0.00  0.00  0.00  0.00  0.00  0.00  0.00  0.00  0.00  0.00  0.00
  1.35  0.00  0.00  0.00  0.54  0.60  0.41  0.26  0.13  0.16  0.00  0.18  0.18  0.18  0.15  0.12  0.19  0.52  0.60  0.70  0.86  0.81  0.23  0.34  0.28  0.20  0.20  0.33  0.00  0.00  0.07  0.06  0.12  0.25  0.30  0.45  0.54  0.50  0.54  0.57  0.32  0.26  0.46  0.31  0.36  0.47  0.00  0.00  0.00  0.00  0.00  0.00  0.00  0.00  0.00  0.00  0.00  0.00  0.00  0.00  0.00  0.00  0.00  0.00
  1.04  1.10  0.00  0.48  0.47  0.52  0.36  0.29  0.28  0.18  0.00  0.00  0.00  0.00  0.35  0.36  0.66  1.16  1.15  1.10  1.12  0.94  0.17  0.27  0.17  0.00  0.26  0.41  0.09  0.08  0.15  0.19  0.23  0.41  0.44  0.65  0.77  0.78  0.83  0.94  0.00  0.23  0.28  0.16  0.19  0.30  0.00  0.00  0.00  0.00  0.00  0.00  0.00  0.00  0.00  0.00  0.00  0.00  0.00  0.00  0.00  0.00  0.00  0.00
  1.16  0.00  0.91  0.66  0.50  0.00  0.39  0.32  0.31  0.18  0.14  0.15  0.15  0.15  0.57  0.59  0.63  1.37  1.56  1.36  1.44  1.54  0.22  0.00  0.30  0.29  0.38  0.54  0.19  0.09  0.16  0.20  0.24  0.52  0.66  1.01  1.02  1.05  1.11  1.22  0.00  0.18  0.20  0.00  0.00  0.00  0.00  0.00  0.00  0.00  0.00  0.00  0.00  0.00  0.00  0.00  0.00  0.00  0.00  0.00  0.00  0.00  0.00  0.00
  1.30  0.00  0.73  0.49  0.39  0.35  0.17  0.22  0.22  0.00  0.16  0.17  0.17  0.16  0.63  0.70  0.79  1.18  1.46  1.16  1.28  1.23  0.32  0.30  0.27  0.25  0.36  0.49  0.22  0.11  0.21  0.27  0.23  0.44  0.62  1.03  1.05  1.12  1.21  1.37  0.49  0.10  0.11  0.00  0.00  0.00  0.00  0.00  0.00  0.00  0.00  0.00  0.00  0.00  0.00  0.00  0.00  0.00  0.00  0.00  0.00  0.00  0.00  0.00
  1.56  1.65  0.87  0.00  0.51  0.49  0.00  0.00  0.00  0.00  0.00  0.20  0.20  0.00  0.72  1.05  1.40  0.00  0.00  0.00  0.00  0.00  0.00  0.00  0.00  0.48  0.64  0.54  0.24  0.13  0.25  0.33  0.28  0.57  0.69  1.09  1.11  1.20  1.25  1.50  0.57  0.13  0.13  0.00  0.00  0.00  0.00  0.00  0.00  0.00  0.00  0.00  0.00  0.00  0.00  0.00  0.00  0.00  0.00  0.00  0.00  0.00  0.00  0.00
  0.00  0.00  0.00  0.00  0.00  0.00  0.00  0.00  0.00  0.00  0.00  0.00  0.00  0.00  0.00  0.00  0.00  0.00  0.00  0.00  0.00  0.00  0.00  0.00  0.00  0.00  0.00  0.00  0.00  0.00  0.00  0.00  0.00  0.00  0.00  0.00  0.00  0.00  0.00  0.00  0.00  0.00  0.00  0.00  0.00  0.00  0.00  0.00  0.00  0.00  0.00  0.00  0.00  0.00  0.00  0.00  0.00  0.00  0.00  0.00  0.00  0.00  0.00  0.00
  0.00  0.00  0.00  0.00  0.00  0.00  0.00  0.00  0.00  0.00  0.00  0.00  0.00  0.00  0.00  0.00  0.00  0.00  0.00  0.00  0.00  0.00  0.00  0.00  0.00  0.00  0.00  0.00  0.00  0.00  0.00  0.00  0.00  0.00  0.00  0.00  0.00  0.00  0.00  0.00  0.00  0.00  0.00  0.00  0.00  0.00  0.00  0.00  0.00  0.00  0.00  0.00  0.00  0.00  0.00  0.00  0.00  0.00  0.00  0.00  0.00  0.00  0.00  0.00
  0.00  0.00  0.00  0.00  0.00  0.00  0.00  0.00  0.00  0.00  0.00  0.00  0.00  0.00  0.00  0.00  0.00  0.00  0.00  0.00  0.00  0.00  0.00  0.00  0.00  0.00  0.00  0.00  0.00  0.00  0.00  0.00  0.00  0.00  0.00  0.00  0.00  0.00  0.00  0.00  0.00  0.00  0.00  0.00  0.00  0.00  0.00  0.00  0.00  0.00  0.00  0.00  0.00  0.00  0.00  0.00  0.00  0.00  0.00  0.00  0.00  0.00  0.00  0.00
  0.00  0.00  0.00  0.00  0.00  0.00  0.00  0.00  0.00  0.00  0.00  0.00  0.00  0.00  0.00  0.00  0.00  0.00  0.00  0.00  0.00  0.00  0.00  0.00  0.00  0.00  0.00  0.00  0.00  0.00  0.00  0.00  0.00  0.00  0.00  0.00  0.00  0.00  0.00  0.00  0.00  0.00  0.00  0.00  0.00  0.00  0.00  0.00  0.00  0.00  0.00  0.00  0.00  0.00  0.00  0.00  0.00  0.00  0.00  0.00  0.00  0.00  0.00  0.00
  0.00  0.00  0.00  0.00  0.00  0.00  0.00  0.00  0.00  0.00  0.00  0.00  0.00  0.00  0.00  0.00  0.00  0.00  0.00  0.00  0.00  0.00  0.00  0.00  0.00  0.00  0.00  0.00  0.00  0.00  0.00  0.00  0.00  0.00  0.00  0.00  0.00  0.00  0.00  0.00  0.00  0.00  0.00  0.00  0.00  0.00  0.00  0.00  0.00  0.00  0.00  0.00  0.00  0.00  0.00  0.00  0.00  0.00  0.00  0.00  0.00  0.00  0.00  0.00
  0.00  0.00  0.00  0.00  0.00  0.00  0.00  0.00  0.00  0.00  0.00  0.00  0.00  0.00  0.00  0.00  0.00  0.00  0.00  0.00  0.00  0.00  0.00  0.00  0.00  0.00  0.00  0.00  0.00  0.00  0.00  0.00  0.00  0.00  0.00  0.00  0.00  0.00  0.00  0.00  0.00  0.00  0.00  0.00  0.00  0.00  0.00  0.00  0.00  0.00  0.00  0.00  0.00  0.00  0.00  0.00  0.00  0.00  0.00  0.00  0.00  0.00  0.00  0.00
  0.00  0.00  0.00  0.00  0.00  0.00  0.00  0.00  0.00  0.00  0.00  0.00  0.00  0.00  0.00  0.00  0.00  0.00  0.00  0.00  0.00  0.00  0.00  0.00  0.00  0.00  0.00  0.00  0.00  0.00  0.00  0.00  0.00  0.00  0.00  0.00  0.00  0.00  0.00  0.00  0.00  0.00  0.00  0.00  0.00  0.00  0.00  0.00  0.00  0.00  0.00  0.00  0.00  0.00  0.00  0.00  0.00  0.00  0.00  0.00  0.00  0.00  0.00  0.00
  0.00  0.00  0.00  0.00  0.00  0.00  0.00  0.00  0.00  0.00  0.00  0.00  0.00  0.00  0.00  0.00  0.00  0.00  0.00  0.00  0.00  0.00  0.00  0.00  0.00  0.00  0.00  0.00  0.00  0.00  0.00  0.00  0.00  0.00  0.00  0.00  0.00  0.00  0.00  0.00  0.00  0.00  0.00  0.00  0.00  0.00  0.00  0.00  0.00  0.00  0.00  0.00  0.00  0.00  0.00  0.00  0.00  0.00  0.00  0.00  0.00  0.00  0.00  0.00
  0.00  0.00  0.00  0.00  0.00  0.00  0.00  0.00  0.00  0.00  0.00  0.00  0.00  0.00  0.00  0.00  0.00  0.00  0.00  0.00  0.00  0.00  0.00  0.00  0.00  0.00  0.00  0.00  0.00  0.00  0.00  0.00  0.00  0.00  0.00  0.00  0.00  0.00  0.00  0.00  0.00  0.00  0.00  0.00  0.00  0.00  0.00  0.00  0.00  0.00  0.00  0.00  0.00  0.00  0.00  0.00  0.00  0.00  0.00  0.00  0.00  0.00  0.00  0.00
  0.00  0.00  0.00  0.00  0.00  0.00  0.00  0.00  0.00  0.00  0.00  0.00  0.00  0.00  0.00  0.00  0.00  0.00  0.00  0.00  0.00  0.00  0.00  0.00  0.00  0.00  0.00  0.00  0.00  0.00  0.00  0.00  0.00  0.00  0.00  0.00  0.00  0.00  0.00  0.00  0.00  0.00  0.00  0.00  0.00  0.00  0.00  0.00  0.00  0.00  0.00  0.00  0.00  0.00  0.00  0.00  0.00  0.00  0.00  0.00  0.00  0.00  0.00  0.00
  0.00  0.00  0.00  0.00  0.00  0.00  0.00  0.00  0.00  0.00  0.00  0.00  0.00  0.00  0.00  0.00  0.00  0.00  0.00  0.00  0.00  0.00  0.00  0.00  0.00  0.00  0.00  0.00  0.00  0.00  0.00  0.00  0.00  0.00  0.00  0.00  0.00  0.00  0.00  0.00  0.00  0.00  0.00  0.00  0.00  0.00  0.00  0.00  0.00  0.00  0.00  0.00  0.00  0.00  0.00  0.00  0.00  0.00  0.00  0.00  0.00  0.00  0.00  0.00
  0.00  0.00  0.00  0.00  0.00  0.00  0.00  0.00  0.00  0.00  0.00  0.00  0.00  0.00  0.00  0.00  0.00  0.00  0.00  0.00  0.00  0.00  0.00  0.00  0.00  0.00  0.00  0.00  0.00  0.00  0.00  0.00  0.00  0.00  0.00  0.00  0.00  0.00  0.00  0.00  0.00  0.00  0.00  0.00  0.00  0.00  0.00  0.00  0.00  0.00  0.00  0.00  0.00  0.00  0.00  0.00  0.00  0.00  0.00  0.00  0.00  0.00  0.00  0.00
  0.00  0.00  0.00  0.00  0.00  0.00  0.00  0.00  0.00  0.00  0.00  0.00  0.00  0.00  0.00  0.00  0.00  0.00  0.00  0.00  0.00  0.00  0.00  0.00  0.00  0.00  0.00  0.00  0.00  0.00  0.00  0.00  0.00  0.00  0.00  0.00  0.00  0.00  0.00  0.00  0.00  0.00  0.00  0.00  0.00  0.00  0.00  0.00  0.00  0.00  0.00  0.00  0.00  0.00  0.00  0.00  0.00  0.00  0.00  0.00  0.00  0.00  0.00  0.00
  0.00  0.00  0.00  0.00  0.00  0.00  0.00  0.00  0.00  0.00  0.00  0.00  0.00  0.00  0.00  0.00  0.00  0.00  0.00  0.00  0.00  0.00  0.00  0.00  0.00  0.00  0.00  0.00  0.00  0.00  0.00  0.00  0.00  0.00  0.00  0.00  0.00  0.00  0.00  0.00  0.00  0.00  0.00  0.00  0.00  0.00  0.00  0.00  0.00  0.00  0.00  0.00  0.00  0.00  0.00  0.00  0.00  0.00  0.00  0.00  0.00  0.00  0.00  0.00
  0.00  0.00  0.00  0.00  0.00  0.00  0.00  0.00  0.00  0.00  0.00  0.00  0.00  0.00  0.00  0.00  0.00  0.00  0.00  0.00  0.00  0.00  0.00  0.00  0.00  0.00  0.00  0.00  0.00  0.00  0.00  0.00  0.00  0.00  0.00  0.00  0.00  0.00  0.00  0.00  0.00  0.00  0.00  0.00  0.00  0.00  0.00  0.00  0.00  0.00  0.00  0.00  0.00  0.00  0.00  0.00  0.00  0.00  0.00  0.00  0.00  0.00  0.00  0.00
  0.00  0.00  0.00  0.00  0.00  0.00  0.00  0.00  0.00  0.00  0.00  0.00  0.00  0.00  0.00  0.00  0.00  0.00  0.00  0.00  0.00  0.00  0.00  0.00  0.00  0.00  0.00  0.00  0.00  0.00  0.00  0.00  0.00  0.00  0.00  0.00  0.00  0.00  0.00  0.00  0.00  0.00  0.00  0.00  0.00  0.00  0.00  0.00  0.00  0.00  0.00  0.00  0.00  0.00  0.00  0.00  0.00  0.00  0.00  0.00  0.00  0.00  0.00  0.00
  0.00  0.00  0.00  0.00  0.00  0.00  0.00  0.00  0.00  0.00  0.00  0.00  0.00  0.00  0.00  0.00  0.00  0.00  0.00  0.00  0.00  0.00  0.00  0.00  0.00  0.00  0.00  0.00  0.00  0.00  0.00  0.00  0.00  0.00  0.00  0.00  0.00  0.00  0.00  0.00  0.00  0.00  0.00  0.00  0.00  0.00  0.00  0.00  0.00  0.00  0.00  0.00  0.00  0.00  0.00  0.00  0.00  0.00  0.00  0.00  0.00  0.00  0.00  0.00
  0.00  0.00  0.00  0.00  0.00  0.00  0.00  0.00  0.00  0.00  0.00  0.00  0.00  0.00  0.00  0.00  0.00  0.00  0.00  0.00  0.00  0.00  0.00  0.00  0.00  0.00  0.00  0.00  0.00  0.00  0.00  0.00  0.00  0.00  0.00  0.00  0.00  0.00  0.00  0.00  0.00  0.00  0.00  0.00  0.00  0.00  0.00  0.00  0.00  0.00  0.00  0.00  0.00  0.00  0.00  0.00  0.00  0.00  0.00  0.00  0.00  0.00  0.00  0.00

 density range (Hz): 0.000000 2.031250