Array Size: 64  64
  4.86  0.22  0.60  1.52  0.80  0.72  0.52  0.48  0.36  0.34  0.38  0.68  3.54  0.72  0.46  1.58  1.42  0.78  0.30  0.48  0.66  1.24  1.56  0.90  1.12  1.82  0.82  0.40  0.54  0.90  2.32  0.82  0.52  1.44  2.04  1.06  0.48  0.48  1.70  1.78  0.56  2.12  0.66  0.26  0.92  0.00  0.00  0.00  0.00  0.00  0.00  0.00  0.00  0.00  0.00  0.00  0.00  0.00  0.00  0.00  0.00  0.00  0.00  0.00
  1.82  0.28  0.00  0.24  0.26  0.06  0.10  0.50  0.28  0.32  0.68  0.46  0.48  0.94  1.16  0.80  0.64  0.74  0.70  0.98  0.92  0.76  0.80  0.44  0.62  0.50  0.54  0.72  0.68  0.22  0.34  0.52  1.02  0.86  0.80  0.80  0.60  0.40  1.04  0.96  0.90  0.72  0.52  0.30  0.00  0.00  0.00  0.00  0.00  0.00  0.00  0.00  0.00  0.00  0.00  0.00  0.00  0.00  0.00  0.00  0.00  0.00  0.00  0.00
  0.64  0.08  0.00  0.20  0.10  0.16  0.20  0.10  0.42  0.38  0.62  1.02  0.74  0.46  0.44  0.40  0.70  0.88  0.86  1.24  0.88  0.46  0.26  0.48  0.78  0.44  0.92  1.32  0.38  0.64  0.42  0.56  0.40  0.60  0.78  1.16  0.50  0.36  0.46  0.96  0.80  0.66  0.24  0.32  0.12  0.00  0.00  0.00  0.00  0.00  0.00  0.00  0.00  0.00  0.00  0.00  0.00  0.00  0.00  0.00  0.00  0.00  0.00  0.00
  0.22  0.12  0.06  0.30  0.14  0.08  0.22  0.22  0.08  0.32  0.52  0.78  0.48  0.48  0.30  0.46  0.72  0.24  2.08  1.88  1.02  0.60  0.10  0.04  0.48  1.12  0.76  0.58  0.78  0.74  0.30  0.14  0.30  0.52  1.58  0.58  0.28  0.24  0.16  0.18  0.98  0.96  0.32  0.42  0.22  0.00  0.00  0.00  0.00  0.00  0.00  0.00  0.00  0.00  0.00  0.00  0.00  0.00  0.00  0.00  0.00  0.00  0.00  0.00
  0.26  0.30  0.66  0.44  0.48  0.74  0.28  0.60  0.22  0.32  0.56  0.96  0.26  0.44  0.56  0.92  0.26  0.44  0.12  0.24  0.28  0.54  0.66  0.52  1.28  2.20  1.02  2.26  1.06  1.12  1.70  0.20  0.56  0.24  0.98  0.64  0.52  0.58  0.26  0.16  0.26  0.40  0.44  0.46  0.26  0.00  0.00  0.00  0.00  0.00  0.00  0.00  0.00  0.00  0.00  0.00  0.00  0.00  0.00  0.00  0.00  0.00  0.00  0.00
  0.30  0.38  0.46  0.18  0.22  0.28  0.30  0.20  0.46  0.62  0.92  1.04  0.12  0.18  0.60  2.30  0.22  0.40  0.22  0.38  0.22  0.36  0.36  0.18  0.64  0.68  0.50  0.48  0.38  1.08  0.88  0.56  0.46  0.58  1.14  0.30  0.52  0.28  0.40  0.30  0.10  0.22  0.32  0.34  0.26  0.00  0.00  0.00  0.00  0.00  0.00  0.00  0.00  0.00  0.00  0.00  0.00  0.00  0.00  0.00  0.00  0.00  0.00  0.00
  0.50  0.28  1.64  0.66  0.22  0.16  0.16  0.12  0.48  0.78  2.38  0.78  0.48  0.64  0.70  0.50  0.56  0.58  0.56  1.06  0.14  0.34  0.24  0.72  0.88  1.06  0.38  0.06  0.14  0.36  0.46  0.34  0.48  0.52  0.34  0.22  0.56  0.22  0.76  0.28  0.26  0.34  0.60  0.38  1.24  0.00  0.00  0.00  0.00  0.00  0.00  0.00  0.00  0.00  0.00  0.00  0.00  0.00  0.00  0.00  0.00  0.00  0.00  0.00
  1.00  0.56  0.52  0.20  0.40  0.16  0.48  0.92  0.90  0.60  0.84  0.90  0.12  0.28  0.14  0.58  0.32  0.18  0.48  0.22  0.68  0.34  0.16  0.54  0.50  0.14  0.36  0.20  0.30  0.16  0.14  0.12  0.26  0.44  0.22  0.16  0.16  0.64  0.84  0.42  1.40  0.62  0.72  0.60  0.08  0.00  0.00  0.00  0.00  0.00  0.00  0.00  0.00  0.00  0.00  0.00  0.00  0.00  0.00  0.00  0.00  0.00  0.00  0.00
  1.48  0.30  0.16  0.34  0.32  0.38  0.10  1.10  1.04  2.02  0.94  0.30  0.68  0.68  0.44  0.22  0.34  0.32  0.64  0.58  0.32  0.56  0.36  0.80  0.28  0.06  0.14  0.32  0.36  0.08  0.16  0.32  0.42  0.16  0.30  0.18  0.14  0.28  0.66  0.36  1.04  0.26  0.56  0.88  0.10  0.00  0.00  0.00  0.00  0.00  0.00  0.00  0.00  0.00  0.00  0.00  0.00  0.00  0.00  0.00  0.00  0.00  0.00  0.00
  0.04  0.12  0.52  0.48  0.96  2.84  3.20  3.24  2.86  1.08  0.76  0.20  0.12  0.12  0.24  0.50  0.16  0.58  0.88  0.28  0.28  0.24  0.26  0.90  0.84  1.12  0.56  0.98  0.20  0.24  0.34  1.34  0.50  0.36  0.58  0.54  0.06  0.44  0.40  0.36  0.32  0.34  0.38  0.46  0.16  0.00  0.00  0.00  0.00  0.00  0.00  0.00  0.00  0.00  0.00  0.00  0.00  0.00  0.00  0.00  0.00  0.00  0.00  0.00
  0.72  0.00  0.12  0.66  0.58  0.80  2.22  0.72  1.10  0.32  0.38  0.90  0.40  0.22  0.26  0.14  0.34  0.66  0.74  0.42  0.28  0.32  0.32  0.34  0.38  0.98  0.50  0.34  0.40  0.32  0.80  0.74  0.66  0.26  0.26  0.28  0.32  1.22  1.38  0.22  0.26  0.36  0.26  0.32  0.16  0.00  0.00  0.00  0.00  0.00  0.00  0.00  0.00  0.00  0.00  0.00  0.00  0.00  0.00  0.00  0.00  0.00  0.00  0.00
  0.40  0.00  0.00  0.32  0.50  0.04  0.14  0.26  1.00  0.18  0.24  0.60  1.18  0.88  1.10  0.36  0.48  0.38  0.24  0.16  0.56  0.60  0.22  0.40  0.34  0.18  0.62  0.32  0.46  0.38  1.66  0.66  0.44  0.62  0.22  0.16  0.32  0.40  1.02  0.16  0.32  0.16  0.18  0.30  0.14  0.00  0.00  0.00  0.00  0.00  0.00  0.00  0.00  0.00  0.00  0.00  0.00  0.00  0.00  0.00  0.00  0.00  0.00  0.00
  0.24  0.36  0.22  0.14  0.88  0.50  0.08  0.02  0.52  1.08  0.36  0.74  0.48  0.50  0.36  0.38  0.26  1.10  0.94  0.90  0.78  0.64  0.82  0.64  0.44  0.24  0.38  0.66  0.28  0.36  1.22  0.34  0.14  0.26  0.40  0.38  0.12  0.46  1.00  0.78  0.26  0.02  0.18  0.12  0.64  0.00  0.00  0.00  0.00  0.00  0.00  0.00  0.00  0.00  0.00  0.00  0.00  0.00  0.00  0.00  0.00  0.00  0.00  0.00
  0.18  0.08  0.16  0.38  0.40  0.58  0.16  0.18  0.20  0.82  0.56  0.34  0.38  0.38  0.92  0.84  0.28  0.52  0.70  0.62  0.38  0.60  0.72  0.66  1.12  0.28  0.34  0.36  0.70  0.38  0.50  0.54  0.12  0.24  0.28  0.86  1.16  0.66  0.98  0.76  0.30  0.00  0.20  0.14  0.24  0.00  0.00  0.00  0.00  0.00  0.00  0.00  0.00  0.00  0.00  0.00  0.00  0.00  0.00  0.00  0.00  0.00  0.00  0.00
  0.20  0.04  0.16  0.12  0.56  0.28  0.30  1.10  0.32  0.46  0.38  0.30  0.66  0.48  0.86  0.78  0.42  0.62  0.82  0.44  0.32  0.50  0.30  0.28  0.14  0.76  1.24  0.28  1.08  0.56  0.30  0.48  0.42  0.42  0.28  0.42  0.60  0.64  0.30  0.54  0.20  0.02  0.24  0.22  0.12  0.00  0.00  0.00  0.00  0.00  0.00  0.00  0.00  0.00  0.00  0.00  0.00  0.00  0.00  0.00  0.00  0.00  0.00  0.00
  0.10  0.12  0.00  0.10  0.42  0.24  0.24  0.54  0.32  0.74  0.78  0.76  0.56  0.94  0.38  1.08  1.00  0.34  0.10  0.60  0.40  0.34  0.12  0.26  0.14  0.22  0.58  0.20  1.40  0.72  1.18  0.64  0.46  0.34  0.40  0.22  0.42  0.32  0.20  0.30  0.26  0.24  0.38  0.10  0.14  0.00  0.00  0.00  0.00  0.00  0.00  0.00  0.00  0.00  0.00  0.00  0.00  0.00  0.00  0.00  0.00  0.00  0.00  0.00
  0.06  0.24  0.00  0.28  0.16  0.28  0.36  0.48  0.32  0.28  0.52  0.52  0.34  0.66  0.36  0.56  0.56  0.96  0.48  0.40  0.24  0.14  0.00  0.06  0.16  0.24  0.22  0.40  1.08  0.54  0.56  0.58  0.22  0.02  0.16  0.36  0.24  0.20  0.36  0.50  0.40  0.40  0.20  0.20  0.70  0.00  0.00  0.00  0.00  0.00  0.00  0.00  0.00  0.00  0.00  0.00  0.00  0.00  0.00  0.00  0.00  0.00  0.00  0.00
  0.06  0.44  0.26  0.32  0.32  0.24  0.02  0.10  0.34  0.16  0.72  0.50  0.76  0.48  0.76  0.40  0.30  0.16  0.38  0.34  0.28  0.46  0.02  0.08  0.04  0.30  0.24  0.42  0.88  0.72  0.22  0.74  0.26  0.20  0.16  0.26  0.10  0.28  0.42  0.06  0.46  0.32  0.12  0.44  0.22  0.00  0.00  0.00  0.00  0.00  0.00  0.00  0.00  0.00  0.00  0.00  0.00  0.00  0.00  0.00  0.00  0.00  0.00  0.00
  0.06  0.06  0.16  0.32  0.44  0.12  0.20  0.20  0.28  0.46  0.78  0.54  0.18  0.86  0.96  0.58  0.28  0.72  0.26  0.30  0.30  0.20  0.18  0.20  0.14  0.34  0.42  0.44  0.46  0.90  0.38  0.38  0.30  0.30  0.72  0.14  0.58  0.36  0.48  0.52  0.30  0.18  0.24  0.48  0.44  0.00  0.00  0.00  0.00  0.00  0.00  0.00  0.00  0.00  0.00  0.00  0.00  0.00  0.00  0.00  0.00  0.00  0.00  0.00
  0.00  0.14  0.42  0.10  0.48  0.06  0.16  0.06  0.10  1.06  0.72  0.46  0.56  0.38  0.44  0.48  0.48  0.34  0.22  0.64  0.64  0.32  0.20  0.16  0.14  0.96  1.22  0.38  0.52  0.60  0.40  0.26  0.26  0.44  1.12  1.12  0.88  0.48  0.34  0.14  0.18  0.04  0.22  0.82  1.04  0.00  0.00  0.00  0.00  0.00  0.00  0.00  0.00  0.00  0.00  0.00  0.00  0.00  0.00  0.00  0.00  0.00  0.00  0.00
  0.00  0.06  0.26  0.02  0.28  0.50  0.20  0.08  0.06  0.44  1.00  0.44  0.52  0.34  0.48  0.72  1.18  0.74  0.30  0.62  0.50  0.52  0.92  0.56  0.74  0.82  0.50  0.48  0.46  0.92  0.82  0.50  0.50  0.58  0.56  0.70  0.30  0.38  0.84  0.16  0.24  0.22  0.14  0.24  0.20  0.00  0.00  0.00  0.00  0.00  0.00  0.00  0.00  0.00  0.00  0.00  0.00  0.00  0.00  0.00  0.00  0.00  0.00  0.00
  0.00  0.18  0.10  0.08  0.20  0.26  0.14  0.16  0.32  0.22  0.34  0.68  0.58  0.60  0.38  1.00  0.44  0.88  0.62  0.90  1.56  0.44  0.84  1.50  1.40  0.52  1.00  0.66  0.36  0.44  0.64  0.80  0.46  0.68  0.54  0.22  0.36  0.36  0.58  0.36  0.20  0.24  0.20  0.28  0.46  0.00  0.00  0.00  0.00  0.00  0.00  0.00  0.00  0.00  0.00  0.00  0.00  0.00  0.00  0.00  0.00  0.00  0.00  0.00
  0.06  0.14  0.14  0.06  0.10  0.08  0.06  0.12  0.26  0.28  0.26  0.18  0.56  0.78  0.82  1.18  0.38  0.82  2.06  2.04  0.98  0.24  0.34  1.60  0.78  0.80  0.22  1.08  0.60  0.10  0.60  0.84  0.28  0.52  0.40  0.18  0.28  0.56  0.38  0.48  0.60  0.38  0.14  0.22  0.22  0.00  0.00  0.00  0.00  0.00  0.00  0.00  0.00  0.00  0.00  0.00  0.00  0.00  0.00  0.00  0.00  0.00  0.00  0.00
  0.06  0.10  0.10  0.08  0.18  0.14  0.38  0.36  0.10  0.44  0.12  0.18  0.58  0.42  1.34  0.76  0.72  0.70  0.50  0.38  1.30  0.08  0.12  1.48  0.82  0.54  0.66  0.50  0.14  0.40  0.54  0.10  0.52  0.22  0.20  0.24  0.50  1.02  0.30  0.26  0.58  0.78  0.20  0.34  0.18  0.00  0.00  0.00  0.00  0.00  0.00  0.00  0.00  0.00  0.00  0.00  0.00  0.00  0.00  0.00  0.00  0.00  0.00  0.00
  0.00  0.14  0.38  0.50  0.80  0.20  0.34  0.12  0.38  0.28  0.26  0.24  0.24  0.34  0.70  0.82  0.30  0.78  0.44  0.46  0.60  0.62  1.04  1.04  1.40  0.58  0.78  0.30  0.90  0.52  0.32  0.16  0.30  0.52  0.50  0.28  0.22  0.58  0.32  0.48  0.46  0.46  0.26  0.24  0.76  0.00  0.00  0.00  0.00  0.00  0.00  0.00  0.00  0.00  0.00  0.00  0.00  0.00  0.00  0.00  0.00  0.00  0.00  0.00
  0.00  0.20  0.24  0.08  0.26  0.52  0.32  0.26  0.26  0.34  0.52  0.44  0.40  0.38  0.70  0.96  0.28  0.62  0.38  0.18  0.46  0.26  0.50  1.36  1.38  1.56  2.78  0.60  1.08  0.72  0.44  0.34  1.08  0.26  0.64  0.42  0.34  0.22  0.42  0.26  0.26  0.32  0.26  0.20  0.28  0.00  0.00  0.00  0.00  0.00  0.00  0.00  0.00  0.00  0.00  0.00  0.00  0.00  0.00  0.00  0.00  0.00  0.00  0.00
  0.00  0.18  0.22  0.14  0.04  1.54  0.94  0.48  0.86  0.68  0.46  0.24  0.46  0.22  0.16  0.46  0.36  0.64  0.22  0.20  0.22  0.70  0.78  1.08  1.92  0.70  0.56  1.16  0.52  0.54  0.36  0.48  0.40  0.36  0.28  0.50  0.98  0.18  0.46  0.98  0.38  0.24  0.48  0.36  0.58  0.00  0.00  0.00  0.00  0.00  0.00  0.00  0.00  0.00  0.00  0.00  0.00  0.00  0.00  0.00  0.00  0.00  0.00  0.00
  0.00  0.18  0.06  0.14  0.20  0.56  0.30  0.28  0.26  0.58  1.44  0.66  0.16  0.46  0.14  0.62  0.96  0.48  0.20  0.36  0.46  0.42  0.62  0.66  1.68  0.50  0.52  0.68  0.62  1.24  0.58  0.52  0.96  1.04  0.88  0.38  0.18  0.18  0.32  0.34  0.80  0.52  0.74  0.46  0.14  0.00  0.00  0.00  0.00  0.00  0.00  0.00  0.00  0.00  0.00  0.00  0.00  0.00  0.00  0.00  0.00  0.00  0.00  0.00
  0.00  0.20  0.10  0.14  0.10  0.24  0.34  0.58  0.34  0.28  0.30  0.14  0.26  0.48  0.86  0.42  0.62  0.62  0.82  0.52  0.42  0.22  0.50  0.76  0.42  0.74  0.82  0.60  0.70  1.10  0.72  0.46  0.80  0.80  0.42  0.24  0.08  0.24  0.40  0.46  0.32  0.82  0.76  0.74  0.18  0.00  0.00  0.00  0.00  0.00  0.00  0.00  0.00  0.00  0.00  0.00  0.00  0.00  0.00  0.00  0.00  0.00  0.00  0.00
  0.00  0.16  0.16  0.10  0.16  0.14  0.64  0.20  0.38  0.76  0.30  0.10  0.36  0.78  0.34  1.86  1.38  0.82  0.72  0.36  0.62  0.42  0.40  0.42  0.90  0.56  0.76  0.38  0.58  2.34  0.54  0.42  0.04  0.62  0.24  0.24  0.06  0.18  0.02  0.22  0.32  0.90  1.84  0.36  0.22  0.00  0.00  0.00  0.00  0.00  0.00  0.00  0.00  0.00  0.00  0.00  0.00  0.00  0.00  0.00  0.00  0.00  0.00  0.00
  0.00  0.22  0.18  0.12  0.12  0.42  0.44  0.42  0.44  0.42  0.46  0.28  0.32  1.84  0.86  2.66  1.42  0.96  0.22  1.00  0.50  0.38  0.28  0.22  0.44  0.56  1.02  0.72  0.62  0.22  0.44  0.14  0.22  0.26  0.34  0.26  0.58  0.14  0.40  0.38  0.40  0.36  0.66  0.30  0.34  0.00  0.00  0.00  0.00  0.00  0.00  0.00  0.00  0.00  0.00  0.00  0.00  0.00  0.00  0.00  0.00  0.00  0.00  0.00
  0.02  0.16  0.42  0.52  0.82  0.50  0.58  0.78  0.44  0.18  0.48  0.66  0.18  0.08  0.14  0.42  0.52  0.38  0.30  0.52  0.42  0.16  0.12  0.38  0.30  1.14  1.84  0.96  0.98  1.34  0.06  0.10  0.40  0.62  0.38  0.30  0.30  0.06  0.18  0.14  0.18  0.04  0.32  0.52  0.00  0.00  0.00  0.00  0.00  0.00  0.00  0.00  0.00  0.00  0.00  0.00  0.00  0.00  0.00  0.00  0.00  0.00  0.00  0.00
  0.06  0.00  0.26  0.24  0.50  0.72  0.38  0.26  0.10  0.46  0.18  0.82  0.20  0.14  0.00  0.10  0.32  0.12  0.76  0.56  0.42  0.54  0.54  0.06  0.32  1.94  1.52  1.22  0.28  0.12  0.68  0.80  0.52  0.80  0.18  0.52  0.48  0.22  0.32  0.22  0.16  0.10  0.36  0.30  0.00  0.00  0.00  0.00  0.00  0.00  0.00  0.00  0.00  0.00  0.00  0.00  0.00  0.00  0.00  0.00  0.00  0.00  0.00  0.00
  0.10  0.28  0.28  0.34  0.26  0.34  0.00  0.30  0.12  0.22  0.04  0.08  0.00  0.08  0.26  0.38  0.24  0.34  0.30  0.32  0.38  0.40  0.62  0.40  0.72  0.60  0.58  0.32  0.60  0.58  0.24  0.32  0.46  0.32  0.22  1.02  0.30  0.72  0.36  0.42  0.42  0.24  0.24  0.36  0.14  0.00  0.00  0.00  0.00  0.00  0.00  0.00  0.00  0.00  0.00  0.00  0.00  0.00  0.00  0.00  0.00  0.00  0.00  0.00
  0.30  0.52  0.20  0.22  0.06  0.30  0.10  0.16  0.26  0.20  0.04  0.12  0.14  0.28  0.26  0.42  1.04  0.40  0.26  0.40  0.40  0.24  0.18  0.44  0.70  0.24  0.30  0.18  0.12  0.06  0.12  0.28  0.30  0.54  0.70  0.30  0.60  0.78  0.50  0.30  0.14  0.20  0.44  0.18  0.14  0.00  0.00  0.00  0.00  0.00  0.00  0.00  0.00  0.00  0.00  0.00  0.00  0.00  0.00  0.00  0.00  0.00  0.00  0.00
  0.00  0.54  0.40  0.50  0.12  0.08  0.16  0.50  0.22  0.02  0.36  0.92  0.40  0.18  0.32  0.36  0.18  0.60  0.52  0.52  0.58  0.28  0.36  0.34  0.60  0.54  0.12  0.02  0.16  0.14  0.70  0.20  0.10  0.64  0.44  0.38  0.32  0.82  0.22  0.08  0.08  0.02  0.58  0.26  0.06  0.00  0.00  0.00  0.00  0.00  0.00  0.00  0.00  0.00  0.00  0.00  0.00  0.00  0.00  0.00  0.00  0.00  0.00  0.00
  0.18  0.30  0.22  0.30  0.38  0.08  0.16  0.68  0.48  0.12  0.40  1.38  0.72  0.20  0.78  0.28  0.14  0.52  0.50  0.30  0.78  0.68  0.18  0.52  0.66  0.14  0.24  0.30  0.20  0.06  0.16  0.54  0.26  0.92  0.80  0.80  0.94  0.68  0.02  0.06  0.02  0.06  0.52  0.28  0.00  0.00  0.00  0.00  0.00  0.00  0.00  0.00  0.00  0.00  0.00  0.00  0.00  0.00  0.00  0.00  0.00  0.00  0.00  0.00
  0.34  0.34  0.92  0.26  0.16  0.18  0.22  0.38  0.60  0.90  0.98  0.54  0.48  0.78  0.60  0.28  0.04  0.38  0.12  0.36  0.58  0.50  0.44  0.58  0.40  0.38  0.04  0.12  0.14  0.12  0.18  0.14  0.26  0.76  0.58  1.00  0.74  0.54  0.24  0.16  0.08  0.00  0.22  0.28  0.06  0.00  0.00  0.00  0.00  0.00  0.00  0.00  0.00  0.00  0.00  0.00  0.00  0.00  0.00  0.00  0.00  0.00  0.00  0.00
  1.40  0.42  0.32  0.68  0.42  0.16  0.54  0.76  0.54  0.30  0.64  0.60  0.62  0.36  0.18  0.14  0.20  0.36  0.20  0.54  0.06  0.48  0.56  0.92  0.28  0.56  0.32  0.06  0.38  0.50  0.04  0.02  0.14  0.20  0.58  1.10  0.24  0.34  0.06  0.08  0.22  0.08  0.10  0.44  0.00  0.00  0.00  0.00  0.00  0.00  0.00  0.00  0.00  0.00  0.00  0.00  0.00  0.00  0.00  0.00  0.00  0.00  0.00  0.00
  0.78  0.28  0.38  0.00  0.10  0.18  0.46  0.56  0.26  0.44  0.50  0.44  0.54  0.00  0.30  0.38  0.04  0.12  0.20  0.32  0.26  0.38  0.26  0.92  0.32  0.38  0.34  0.80  0.48  0.72  1.48  0.12  0.34  0.70  0.62  0.06  0.08  0.22  0.02  0.00  0.12  0.14  0.12  0.48  0.08  0.00  0.00  0.00  0.00  0.00  0.00  0.00  0.00  0.00  0.00  0.00  0.00  0.00  0.00  0.00  0.00  0.00  0.00  0.00
  1.76  0.24  0.24  0.30  0.00  0.08  0.06  0.14  0.22  0.42  0.28  0.38  0.36  0.08  0.28  0.10  0.18  0.30  0.68  0.48  0.36  0.18  0.10  0.70  0.52  0.16  0.40  0.28  0.48  0.48  0.74  0.90  0.44  0.08  0.78  0.58  0.40  0.10  0.00  0.00  0.02  0.26  0.72  0.58  0.24  0.00  0.00  0.00  0.00  0.00  0.00  0.00  0.00  0.00  0.00  0.00  0.00  0.00  0.00  0.00  0.00  0.00  0.00  0.00
  0.38  0.38  0.28  0.10  0.00  0.08  0.16  0.02  0.00  0.16  0.60  0.06  0.02  0.36  0.14  0.16  0.10  0.32  0.24  0.18  0.36  0.20  0.18  0.16  0.56  0.38  0.44  0.04  0.14  0.96  0.48  0.12  0.02  0.08  0.62  0.42  0.46  0.16  0.04  0.02  0.12  0.34  0.46  0.10  0.84  0.00  0.00  0.00  0.00  0.00  0.00  0.00  0.00  0.00  0.00  0.00  0.00  0.00  0.00  0.00  0.00  0.00  0.00  0.00
  0.56  0.32  1.08  0.32  0.66  0.14  0.18  0.58  1.10  0.66  0.38  0.18  0.08  0.40  0.22  0.14  0.18  0.24  0.34  0.36  0.30  0.24  0.18  0.10  0.34  0.52  0.60  0.10  0.14  0.28  0.46  0.50  0.36  0.28  0.56  0.28  0.70  0.28  0.16  0.26  0.34  0.24  0.20  0.32  0.00  0.00  0.00  0.00  0.00  0.00  0.00  0.00  0.00  0.00  0.00  0.00  0.00  0.00  0.00  0.00  0.00  0.00  0.00  0.00
  1.42  3.30  3.24  0.80  0.94  0.28  0.28  0.58  0.36  1.10  0.96  0.90  0.68  1.02  1.58  1.00  0.92  0.86  1.36  0.80  2.30  1.22  1.22  0.64  3.70  1.24  1.14  0.70  0.44  3.86  1.12  1.06  2.68  1.86  1.00  0.70  0.86  5.82  0.88  1.14  0.52  0.42  0.06  0.00  0.00  0.00  0.00  0.00  0.00  0.00  0.00  0.00  0.00  0.00  0.00  0.00  0.00  0.00  0.00  0.00  0.00  0.00  0.00  0.00
  0.00  0.00  0.00  0.00  0.00  0.00  0.00  0.00  0.00  0.00  0.00  0.00  0.00  0.00  0.00  0.00  0.00  0.00  0.00  0.00  0.00  0.00  0.00  0.00  0.00  0.00  0.00  0.00  0.00  0.00  0.00  0.00  0.00  0.00  0.00  0.00  0.00  0.00  0.06  0.00  0.00  0.00  0.00  0.00  0.00  0.00  0.00  0.00  0.00  0.00  0.00  0.00  0.00  0.00  0.00  0.00  0.00  0.00  0.00  0.00  0.00  0.00  0.00  0.00
  0.00  0.00  0.00  0.00  0.00  0.00  0.00  0.00  0.00  0.00  0.00  0.00  0.00  0.00  0.00  0.00  0.00  0.00  0.00  0.00  0.00  0.00  0.00  0.00  0.00  0.00  0.00  0.00  0.00  0.00  0.00  0.00  0.00  0.00  0.00  0.00  0.00  0.00  0.00  0.00  0.00  0.00  0.00  0.00  0.00  0.00  0.00  0.00  0.00  0.00  0.00  0.00  0.00  0.00  0.00  0.00  0.00  0.00  0.00  0.00  0.00  0.00  0.00  0.00
  0.00  0.00  0.00  0.00  0.00  0.00  0.00  0.00  0.00  0.00  0.00  0.00  0.00  0.00  0.00  0.00  0.00  0.00  0.00  0.00  0.00  0.00  0.00  0.00  0.00  0.00  0.00  0.00  0.00  0.00  0.00  0.00  0.00  0.00  0.00  0.00  0.00  0.00  0.00  0.00  0.00  0.00  0.00  0.00  0.00  0.00  0.00  0.00  0.00  0.00  0.00  0.00  0.00  0.00  0.00  0.00  0.00  0.00  0.00  0.00  0.00  0.00  0.00  0.00
  0.00  0.00  0.00  0.00  0.00  0.00  0.00  0.00  0.00  0.00  0.00  0.00  0.00  0.00  0.00  0.00  0.00  0.00  0.00  0.00  0.00  0.00  0.00  0.00  0.00  0.00  0.00  0.00  0.00  0.00  0.00  0.00  0.00  0.00  0.00  0.00  0.00  0.00  0.00  0.00  0.00  0.00  0.00  0.00  0.00  0.00  0.00  0.00  0.00  0.00  0.00  0.00  0.00  0.00  0.00  0.00  0.00  0.00  0.00  0.00  0.00  0.00  0.00  0.00
  0.00  0.00  0.00  0.00  0.00  0.00  0.00  0.00  0.00  0.00  0.00  0.00  0.00  0.00  0.00  0.00  0.00  0.00  0.00  0.00  0.00  0.00  0.00  0.00  0.00  0.00  0.00  0.00  0.00  0.00  0.00  0.00  0.00  0.00  0.00  0.00  0.00  0.00  0.00  0.00  0.00  0.00  0.00  0.00  0.00  0.00  0.00  0.00  0.00  0.00  0.00  0.00  0.00  0.00  0.00  0.00  0.00  0.00  0.00  0.00  0.00  0.00  0.00  0.00
  0.00  0.00  0.00  0.00  0.00  0.00  0.00  0.00  0.00  0.00  0.00  0.00  0.00  0.00  0.00  0.00  0.00  0.00  0.00  0.00  0.00  0.00  0.00  0.00  0.00  0.00  0.00  0.00  0.00  0.00  0.00  0.00  0.00  0.00  0.00  0.00  0.00  0.00  0.00  0.00  0.00  0.00  0.00  0.00  0.00  0.00  0.00  0.00  0.00  0.00  0.00  0.00  0.00  0.00  0.00  0.00  0.00  0.00  0.00  0.00  0.00  0.00  0.00  0.00
  0.00  0.00  0.00  0.00  0.00  0.00  0.00  0.00  0.00  0.00  0.00  0.00  0.00  0.00  0.00  0.00  0.00  0.00  0.00  0.00  0.00  0.00  0.00  0.00  0.00  0.00  0.00  0.00  0.00  0.00  0.00  0.00  0.00  0.00  0.00  0.00  0.00  0.00  0.00  0.00  0.00  0.00  0.00  0.00  0.00  0.00  0.00  0.00  0.00  0.00  0.00  0.00  0.00  0.00  0.00  0.00  0.00  0.00  0.00  0.00  0.00  0.00  0.00  0.00
  0.00  0.00  0.00  0.00  0.00  0.00  0.00  0.00  0.00  0.00  0.00  0.00  0.00  0.00  0.00  0.00  0.00  0.00  0.00  0.00  0.00  0.00  0.00  0.00  0.00  0.00  0.00  0.00  0.00  0.00  0.00  0.00  0.00  0.00  0.00  0.00  0.00  0.00  0.00  0.00  0.00  0.00  0.00  0.00  0.00  0.00  0.00  0.00  0.00  0.00  0.00  0.00  0.00  0.00  0.00  0.00  0.00  0.00  0.00  0.00  0.00  0.00  0.00  0.00
  0.00  0.00  0.00  0.00  0.00  0.00  0.00  0.00  0.00  0.00  0.00  0.00  0.00  0.00  0.00  0.00  0.00  0.00  0.00  0.00  0.00  0.00  0.00  0.00  0.00  0.00  0.00  0.00  0.00  0.00  0.00  0.00  0.00  0.00  0.00  0.00  0.00  0.00  0.00  0.00  0.00  0.00  0.00  0.00  0.00  0.00  0.00  0.00  0.00  0.00  0.00  0.00  0.00  0.00  0.00  0.00  0.00  0.00  0.00  0.00  0.00  0.00  0.00  0.00
  0.00  0.00  0.00  0.00  0.00  0.00  0.00  0.00  0.00  0.00  0.00  0.00  0.00  0.00  0.00  0.00  0.00  0.00  0.00  0.00  0.00  0.00  0.00  0.00  0.00  0.00  0.00  0.00  0.00  0.00  0.00  0.00  0.00  0.00  0.00  0.00  0.00  0.00  0.00  0.00  0.00  0.00  0.00  0.00  0.00  0.00  0.00  0.00  0.00  0.00  0.00  0.00  0.00  0.00  0.00  0.00  0.00  0.00  0.00  0.00  0.00  0.00  0.00  0.00
  0.00  0.00  0.00  0.00  0.00  0.00  0.00  0.00  0.00  0.00  0.00  0.00  0.00  0.00  0.00  0.00  0.00  0.00  0.00  0.00  0.00  0.00  0.00  0.00  0.00  0.00  0.00  0.00  0.00  0.00  0.00  0.00  0.00  0.00  0.00  0.00  0.00  0.00  0.00  0.00  0.00  0.00  0.00  0.00  0.00  0.00  0.00  0.00  0.00  0.00  0.00  0.00  0.00  0.00  0.00  0.00  0.00  0.00  0.00  0.00  0.00  0.00  0.00  0.00
  0.00  0.00  0.00  0.00  0.00  0.00  0.00  0.00  0.00  0.00  0.00  0.00  0.00  0.00  0.00  0.00  0.00  0.00  0.00  0.00  0.00  0.00  0.00  0.00  0.00  0.00  0.00  0.00  0.00  0.00  0.00  0.00  0.00  0.00  0.00  0.00  0.00  0.00  0.00  0.00  0.00  0.00  0.00  0.00  0.00  0.00  0.00  0.00  0.00  0.00  0.00  0.00  0.00  0.00  0.00  0.00  0.00  0.00  0.00  0.00  0.00  0.00  0.00  0.00
  0.00  0.00  0.00  0.00  0.00  0.00  0.00  0.00  0.00  0.00  0.00  0.00  0.00  0.00  0.00  0.00  0.00  0.00  0.00  0.00  0.00  0.00  0.00  0.00  0.00  0.00  0.00  0.00  0.00  0.00  0.00  0.00  0.00  0.00  0.00  0.00  0.00  0.00  0.00  0.00  0.00  0.00  0.00  0.00  0.00  0.00  0.00  0.00  0.00  0.00  0.00  0.00  0.00  0.00  0.00  0.00  0.00  0.00  0.00  0.00  0.00  0.00  0.00  0.00
  0.00  0.00  0.00  0.00  0.00  0.00  0.00  0.00  0.00  0.00  0.00  0.00  0.00  0.00  0.00  0.00  0.00  0.00  0.00  0.00  0.00  0.00  0.00  0.00  0.00  0.00  0.00  0.00  0.00  0.00  0.00  0.00  0.00  0.00  0.00  0.00  0.00  0.00  0.00  0.00  0.00  0.00  0.00  0.00  0.00  0.00  0.00  0.00  0.00  0.00  0.00  0.00  0.00  0.00  0.00  0.00  0.00  0.00  0.00  0.00  0.00  0.00  0.00  0.00
  0.00  0.00  0.00  0.00  0.00  0.00  0.00  0.00  0.00  0.00  0.00  0.00  0.00  0.00  0.00  0.00  0.00  0.00  0.00  0.00  0.00  0.00  0.00  0.00  0.00  0.00  0.00  0.00  0.00  0.00  0.00  0.00  0.00  0.00  0.00  0.00  0.00  0.00  0.00  0.00  0.00  0.00  0.00  0.00  0.00  0.00  0.00  0.00  0.00  0.00  0.00  0.00  0.00  0.00  0.00  0.00  0.00  0.00  0.00  0.00  0.00  0.00  0.00  0.00
  0.00  0.00  0.00  0.00  0.00  0.00  0.00  0.00  0.00  0.00  0.00  0.00  0.00  0.00  0.00  0.00  0.00  0.00  0.00  0.00  0.00  0.00  0.00  0.00  0.00  0.00  0.00  0.00  0.00  0.00  0.00  0.00  0.00  0.00  0.00  0.00  0.00  0.00  0.00  0.00  0.00  0.00  0.00  0.00  0.00  0.00  0.00  0.00  0.00  0.00  0.00  0.00  0.00  0.00  0.00  0.00  0.00  0.00  0.00  0.00  0.00  0.00  0.00  0.00
  0.00  0.00  0.00  0.00  0.00  0.00  0.00  0.00  0.00  0.00  0.00  0.00  0.00  0.00  0.00  0.00  0.00  0.00  0.00  0.00  0.00  0.00  0.00  0.00  0.00  0.00  0.00  0.00  0.00  0.00  0.00  0.00  0.00  0.00  0.00  0.00  0.00  0.00  0.00  0.00  0.00  0.00  0.00  0.00  0.00  0.00  0.00  0.00  0.00  0.00  0.00  0.00  0.00  0.00  0.00  0.00  0.00  0.00  0.00  0.00  0.00  0.00  0.00  0.00
  0.00  0.00  0.00  0.00  0.00  0.00  0.00  0.00  0.00  0.00  0.00  0.00  0.00  0.00  0.00  0.00  0.00  0.00  0.00  0.00  0.00  0.00  0.00  0.00  0.00  0.00  0.00  0.00  0.00  0.00  0.00  0.00  0.00  0.00  0.00  0.00  0.00  0.00  0.00  0.00  0.00  0.00  0.00  0.00  0.00  0.00  0.00  0.00  0.00  0.00  0.00  0.00  0.00  0.00  0.00  0.00  0.00  0.00  0.00  0.00  0.00  0.00  0.00  0.00
  0.00  0.00  0.00  0.00  0.00  0.00  0.00  0.00  0.00  0.00  0.00  0.00  0.00  0.00  0.00  0.00  0.00  0.00  0.00  0.00  0.00  0.00  0.00  0.00  0.00  0.00  0.00  0.00  0.00  0.00  0.00  0.00  0.00  0.00  0.00  0.00  0.00  0.00  0.00  0.00  0.00  0.00  0.00  0.00  0.00  0.00  0.00  0.00  0.00  0.00  0.00  0.00  0.00  0.00  0.00  0.00  0.00  0.00  0.00  0.00  0.00  0.00  0.00  0.00
  0.00  0.00  0.00  0.00  0.00  0.00  0.00  0.00  0.00  0.00  0.00  0.00  0.00  0.00  0.00  0.00  0.00  0.00  0.00  0.00  0.00  0.00  0.00  0.00  0.00  0.00  0.00  0.00  0.00  0.00  0.00  0.00  0.00  0.00  0.00  0.00  0.00  0.00  0.00  0.00  0.00  0.00  0.00  0.00  0.00  0.00  0.00  0.00  0.00  0.00  0.00  0.00  0.00  0.00  0.00  0.00  0.00  0.00  0.00  0.00  0.00  0.00  0.00  0.00

 density range (Hz): 0.000000 5.820000