Array Size: 64  64
  0.47  0.38  0.43  0.38  0.18  0.34  0.40  0.20  0.18  0.14  0.00  0.00  0.00  0.00  0.00  0.00  0.08  0.08  0.16  0.17  0.17  0.08  0.08  0.08  0.08  0.08  0.09  0.09  0.00  0.00  0.10  0.09  0.07  0.15  0.15  0.08  0.08  0.08  0.08  0.07  0.14  0.17  0.22  0.15  0.30  0.00  0.00  0.00  0.00  0.00  0.00  0.00  0.00  0.00  0.00  0.00  0.00  0.00  0.00  0.00  0.00  0.00  0.00  0.00
  0.56  0.63  0.00  0.84  0.48  0.72  0.52  0.51  0.43  0.34  0.08  0.07  0.00  0.00  0.00  0.00  0.06  0.06  0.11  0.11  0.11  0.06  0.07  0.07  0.07  0.07  0.07  0.07  0.00  0.00  0.08  0.07  0.06  0.12  0.12  0.06  0.06  0.07  0.07  0.06  0.18  0.21  0.25  0.23  0.00  0.00  0.00  0.00  0.00  0.00  0.00  0.00  0.00  0.00  0.00  0.00  0.00  0.00  0.00  0.00  0.00  0.00  0.00  0.00
  0.69  0.78  0.00  1.40  1.13  1.06  0.86  0.62  0.55  0.43  0.20  0.18  0.11  0.00  0.00  0.00  0.06  0.05  0.10  0.21  0.20  0.22  0.52  0.61  0.50  0.50  0.43  0.22  0.05  0.05  0.06  0.06  0.05  0.10  0.10  0.05  0.05  0.06  0.06  0.06  0.16  0.18  0.22  0.19  0.37  0.00  0.00  0.00  0.00  0.00  0.00  0.00  0.00  0.00  0.00  0.00  0.00  0.00  0.00  0.00  0.00  0.00  0.00  0.00
  1.61  1.73  1.72  2.09  2.11  1.52  1.04  1.07  0.95  0.63  0.54  0.50  0.26  0.06  0.00  0.00  0.00  0.05  0.06  0.23  0.24  0.41  0.73  1.05  0.80  0.72  0.57  0.33  0.05  0.06  0.06  0.07  0.06  0.12  0.12  0.06  0.07  0.08  0.00  0.00  0.08  0.08  0.09  0.13  0.22  0.00  0.00  0.00  0.00  0.00  0.00  0.00  0.00  0.00  0.00  0.00  0.00  0.00  0.00  0.00  0.00  0.00  0.00  0.00
  1.53  1.56  1.58  1.92  1.92  1.48  1.05  1.01  0.78  0.54  0.44  0.43  0.24  0.06  0.00  0.00  0.00  0.11  0.12  0.31  0.40  0.76  1.12  1.36  1.08  0.91  0.68  0.39  0.05  0.06  0.00  0.00  0.00  0.00  0.00  0.00  0.00  0.00  0.00  0.00  0.09  0.09  0.09  0.12  0.17  0.00  0.00  0.00  0.00  0.00  0.00  0.00  0.00  0.00  0.00  0.00  0.00  0.00  0.00  0.00  0.00  0.00  0.00  0.00
  1.65  1.88  1.90  2.39  2.44  1.84  1.41  1.24  0.96  0.67  0.63  0.51  0.32  0.07  0.00  0.00  0.07  0.19  0.22  0.44  0.53  0.93  1.52  1.70  1.42  1.25  0.93  0.45  0.06  0.07  0.00  0.00  0.00  0.00  0.00  0.00  0.00  0.10  0.09  0.09  0.17  0.17  0.08  0.11  0.15  0.00  0.00  0.00  0.00  0.00  0.00  0.00  0.00  0.00  0.00  0.00  0.00  0.00  0.00  0.00  0.00  0.00  0.00  0.00
  1.93  1.98  2.04  2.68  2.72  1.80  1.49  1.04  0.69  0.50  0.53  0.56  0.50  0.27  0.24  0.23  0.16  0.32  0.51  0.88  0.99  1.30  1.76  1.88  1.57  1.42  1.08  0.54  0.07  0.08  0.00  0.00  0.00  0.00  0.00  0.00  0.00  0.10  0.09  0.09  0.08  0.09  0.00  0.00  0.00  0.00  0.00  0.00  0.00  0.00  0.00  0.00  0.00  0.00  0.00  0.00  0.00  0.00  0.00  0.00  0.00  0.00  0.00  0.00
  2.18  2.08  1.96  2.20  2.15  1.59  1.40  1.18  0.91  0.63  0.47  0.46  0.41  0.31  0.27  0.25  0.16  0.31  0.47  0.74  0.89  1.14  1.26  1.51  1.34  1.28  1.04  0.77  0.22  0.10  0.00  0.00  0.00  0.00  0.00  0.00  0.00  0.11  0.09  0.09  0.08  0.08  0.00  0.00  0.00  0.00  0.00  0.00  0.00  0.00  0.00  0.00  0.00  0.00  0.00  0.00  0.00  0.00  0.00  0.00  0.00  0.00  0.00  0.00
  2.14  1.94  1.88  2.02  1.75  1.35  1.22  0.97  0.80  0.62  0.47  0.53  0.65  0.57  0.54  0.52  0.27  0.42  0.52  0.60  0.84  1.03  1.18  1.26  1.25  1.12  1.05  0.92  0.72  0.54  0.41  0.30  0.19  0.10  0.00  0.00  0.00  0.09  0.08  0.07  0.07  0.08  0.08  0.11  0.14  0.00  0.00  0.00  0.00  0.00  0.00  0.00  0.00  0.00  0.00  0.00  0.00  0.00  0.00  0.00  0.00  0.00  0.00  0.00
  2.19  2.14  2.06  2.22  1.89  1.50  1.26  1.01  0.94  0.81  0.71  0.87  1.01  0.78  0.68  0.50  0.28  0.39  0.57  0.73  0.89  0.89  1.02  1.07  0.97  0.91  0.92  0.93  1.06  0.88  0.79  0.69  0.50  0.10  0.00  0.00  0.09  0.18  0.15  0.14  0.15  0.18  0.29  0.43  0.57  0.00  0.00  0.00  0.00  0.00  0.00  0.00  0.00  0.00  0.00  0.00  0.00  0.00  0.00  0.00  0.00  0.00  0.00  0.00
  2.14  0.00  1.62  1.56  1.45  1.30  1.10  0.89  0.88  0.82  0.67  0.98  1.15  0.92  0.74  0.64  0.33  0.42  0.55  0.67  0.73  0.75  0.67  0.73  0.99  1.02  1.05  1.34  1.41  0.90  0.78  0.70  0.68  0.29  0.25  0.23  0.26  0.09  0.08  0.08  0.09  0.11  0.37  0.50  0.62  0.00  0.00  0.00  0.00  0.00  0.00  0.00  0.00  0.00  0.00  0.00  0.00  0.00  0.00  0.00  0.00  0.00  0.00  0.00
  1.27  0.00  0.00  0.86  1.07  1.08  0.96  0.83  0.97  0.91  0.71  0.98  1.03  0.72  0.62  0.50  0.30  0.39  0.46  0.43  0.62  0.65  0.54  0.66  0.96  0.86  0.92  1.21  1.28  0.83  0.73  0.67  0.67  0.45  0.52  0.46  0.43  0.28  0.15  0.08  0.19  0.42  0.80  1.05  1.29  0.00  0.00  0.00  0.00  0.00  0.00  0.00  0.00  0.00  0.00  0.00  0.00  0.00  0.00  0.00  0.00  0.00  0.00  0.00
  0.35  0.44  0.54  0.38  0.49  0.50  0.37  0.22  0.53  0.76  0.79  1.06  1.08  0.76  0.67  0.59  0.55  0.59  0.67  0.56  0.75  0.65  0.58  0.57  0.87  0.74  0.70  0.89  1.11  0.78  0.72  0.70  0.73  0.51  0.52  0.44  0.42  0.26  0.14  0.08  0.20  0.61  1.12  1.49  1.73  0.00  0.00  0.00  0.00  0.00  0.00  0.00  0.00  0.00  0.00  0.00  0.00  0.00  0.00  0.00  0.00  0.00  0.00  0.00
  0.00  0.30  0.49  0.45  0.43  0.47  0.31  0.10  0.36  0.55  0.57  0.68  0.73  0.55  0.56  0.51  0.59  0.56  0.60  0.51  0.62  0.57  0.60  0.64  0.87  0.81  0.55  0.62  0.80  0.57  0.52  0.60  0.72  0.51  0.52  0.47  0.49  0.30  0.16  0.10  0.22  0.00  0.98  1.32  1.50  0.00  0.00  0.00  0.00  0.00  0.00  0.00  0.00  0.00  0.00  0.00  0.00  0.00  0.00  0.00  0.00  0.00  0.00  0.00
  0.00  0.00  0.18  0.15  0.14  0.11  0.21  0.10  0.27  0.40  0.39  0.43  0.52  0.41  0.49  0.51  0.58  0.51  0.49  0.36  0.49  0.45  0.49  0.61  0.97  0.87  0.70  0.67  0.71  0.46  0.41  0.35  0.57  0.56  0.56  0.51  0.44  0.23  0.08  0.00  0.11  0.43  0.68  0.89  1.05  0.00  0.00  0.00  0.00  0.00  0.00  0.00  0.00  0.00  0.00  0.00  0.00  0.00  0.00  0.00  0.00  0.00  0.00  0.00
  0.00  0.00  0.00  0.16  0.16  0.12  0.35  0.22  0.29  0.34  0.33  0.22  0.35  0.33  0.46  0.47  0.55  0.51  0.51  0.36  0.62  0.58  0.52  0.63  0.59  0.33  0.31  0.28  0.40  0.39  0.39  0.35  0.41  0.33  0.35  0.32  0.29  0.27  0.09  0.00  0.12  0.43  0.64  0.86  1.09  0.00  0.00  0.00  0.00  0.00  0.00  0.00  0.00  0.00  0.00  0.00  0.00  0.00  0.00  0.00  0.00  0.00  0.00  0.00
  0.00  0.00  0.00  0.18  0.17  0.26  0.49  0.36  0.38  0.42  0.33  0.14  0.27  0.26  0.33  0.32  0.50  0.47  0.45  0.40  0.51  0.44  0.00  0.53  0.45  0.38  0.34  0.27  0.39  0.39  0.39  0.34  0.40  0.11  0.00  0.00  0.00  0.11  0.11  0.24  0.26  0.41  0.57  0.74  0.71  0.00  0.00  0.00  0.00  0.00  0.00  0.00  0.00  0.00  0.00  0.00  0.00  0.00  0.00  0.00  0.00  0.00  0.00  0.00
  0.00  0.00  0.20  0.35  0.35  0.48  0.77  0.95  1.01  0.85  0.71  0.48  0.40  0.21  0.28  0.28  0.32  0.25  0.19  0.10  0.13  0.29  0.19  0.37  0.30  0.25  0.26  0.21  0.33  0.40  0.41  0.34  0.37  0.20  0.10  0.10  0.10  0.22  0.11  0.26  0.28  0.27  0.47  0.58  0.52  0.00  0.00  0.00  0.00  0.00  0.00  0.00  0.00  0.00  0.00  0.00  0.00  0.00  0.00  0.00  0.00  0.00  0.00  0.00
  0.00  0.00  0.00  0.17  0.17  0.35  0.68  1.22  1.10  0.94  0.75  0.51  0.35  0.23  0.29  0.28  0.31  0.24  0.17  0.10  0.11  0.24  0.14  0.13  0.11  0.10  0.17  0.14  0.28  0.28  0.30  0.17  0.19  0.09  0.10  0.09  0.09  0.20  0.11  0.24  0.27  0.28  0.47  0.58  0.53  0.00  0.00  0.00  0.00  0.00  0.00  0.00  0.00  0.00  0.00  0.00  0.00  0.00  0.00  0.00  0.00  0.00  0.00  0.00
  0.00  0.00  0.00  0.34  0.35  0.59  0.75  1.35  1.08  0.98  0.82  0.65  0.48  0.36  0.35  0.42  0.44  0.45  0.37  0.32  0.17  0.24  0.16  0.17  0.22  0.22  0.14  0.07  0.14  0.15  0.15  0.16  0.16  0.16  0.09  0.17  0.16  0.29  0.21  0.37  0.28  0.29  0.38  0.46  0.36  0.00  0.00  0.00  0.00  0.00  0.00  0.00  0.00  0.00  0.00  0.00  0.00  0.00  0.00  0.00  0.00  0.00  0.00  0.00
  0.00  0.00  0.00  0.42  0.40  0.67  0.61  1.19  1.01  1.05  0.89  0.76  0.51  0.34  0.26  0.31  0.30  0.28  0.22  0.17  0.06  0.12  0.13  0.13  0.18  0.18  0.13  0.07  0.07  0.14  0.23  0.31  0.38  0.47  0.48  0.55  0.54  0.63  0.58  0.56  0.38  0.28  0.38  0.47  0.37  0.00  0.00  0.00  0.00  0.00  0.00  0.00  0.00  0.00  0.00  0.00  0.00  0.00  0.00  0.00  0.00  0.00  0.00  0.00
  0.00  0.48  0.30  0.70  0.66  0.69  0.62  1.32  1.21  1.18  1.05  0.99  0.68  0.47  0.37  0.54  0.50  0.42  0.35  0.33  0.12  0.11  0.11  0.12  0.16  0.15  0.12  0.07  0.07  0.15  0.33  0.48  0.55  0.65  0.66  0.70  0.62  0.61  0.56  0.50  0.24  0.13  0.24  0.30  0.20  0.00  0.00  0.00  0.00  0.00  0.00  0.00  0.00  0.00  0.00  0.00  0.00  0.00  0.00  0.00  0.00  0.00  0.00  0.00
  0.58  0.41  0.50  0.59  0.54  0.55  0.52  0.68  0.60  0.68  0.67  0.68  0.48  0.47  0.37  0.51  0.58  0.56  0.45  0.42  0.22  0.10  0.09  0.10  0.14  0.14  0.18  0.21  0.22  0.30  0.49  0.65  0.66  0.74  0.80  0.83  0.65  0.58  0.56  0.62  0.43  0.37  0.36  0.49  0.00  0.00  0.00  0.00  0.00  0.00  0.00  0.00  0.00  0.00  0.00  0.00  0.00  0.00  0.00  0.00  0.00  0.00  0.00  0.00
  0.54  0.38  0.48  0.57  0.52  0.52  0.47  0.47  0.60  0.70  0.83  0.83  0.83  0.72  0.57  0.70  0.86  0.75  0.59  0.60  0.35  0.10  0.09  0.09  0.16  0.16  0.19  0.22  0.24  0.38  0.63  0.85  0.92  1.03  0.98  0.97  0.89  0.83  0.77  0.83  0.65  0.47  0.35  0.47  0.00  0.00  0.00  0.00  0.00  0.00  0.00  0.00  0.00  0.00  0.00  0.00  0.00  0.00  0.00  0.00  0.00  0.00  0.00  0.00
  0.00  0.35  0.48  0.30  0.26  0.25  0.22  0.21  0.45  0.49  0.67  0.86  0.91  0.81  0.70  0.70  0.82  0.66  0.50  0.50  0.33  0.06  0.05  0.05  0.12  0.12  0.13  0.27  0.30  0.37  0.81  1.10  1.13  1.20  1.15  0.87  0.77  0.65  0.61  0.70  0.59  0.42  0.33  0.43  0.00  0.00  0.00  0.00  0.00  0.00  0.00  0.00  0.00  0.00  0.00  0.00  0.00  0.00  0.00  0.00  0.00  0.00  0.00  0.00
  0.00  0.36  0.70  0.42  0.35  0.33  0.30  0.18  0.56  0.59  0.76  0.95  1.07  0.91  0.85  0.84  1.05  0.94  0.82  0.77  0.61  0.20  0.14  0.09  0.16  0.12  0.13  0.26  0.29  0.36  0.80  1.08  1.25  1.30  1.15  0.81  0.57  0.39  0.36  0.54  0.46  0.38  0.29  0.38  0.00  0.00  0.00  0.00  0.00  0.00  0.00  0.00  0.00  0.00  0.00  0.00  0.00  0.00  0.00  0.00  0.00  0.00  0.00  0.00
  0.00  0.00  0.47  0.27  0.23  0.32  0.38  0.18  0.54  0.66  0.76  0.78  1.03  1.09  1.11  0.90  1.11  0.94  0.78  0.62  0.60  0.42  0.31  0.23  0.28  0.24  0.17  0.34  0.42  0.51  0.88  1.07  1.17  1.15  1.09  0.75  0.62  0.42  0.30  0.38  0.35  0.26  0.18  0.23  0.00  0.00  0.00  0.00  0.00  0.00  0.00  0.00  0.00  0.00  0.00  0.00  0.00  0.00  0.00  0.00  0.00  0.00  0.00  0.00
  0.00  0.00  0.33  0.17  0.26  0.34  0.49  0.33  0.58  0.63  0.82  0.71  1.02  1.08  0.99  0.83  0.90  0.73  0.62  0.53  0.46  0.47  0.34  0.26  0.35  0.30  0.22  0.58  0.81  0.90  1.25  1.34  1.32  1.09  1.06  0.70  0.71  0.48  0.47  0.31  0.23  0.15  0.08  0.00  0.00  0.00  0.00  0.00  0.00  0.00  0.00  0.00  0.00  0.00  0.00  0.00  0.00  0.00  0.00  0.00  0.00  0.00  0.00  0.00
  0.00  0.00  0.34  0.17  0.27  0.34  0.58  0.40  0.56  0.62  0.73  0.80  0.99  0.86  0.81  0.69  0.48  0.37  0.40  0.24  0.26  0.40  0.32  0.25  0.34  0.32  0.27  0.69  0.93  0.96  1.29  1.35  1.22  0.97  0.99  0.62  0.49  0.24  0.22  0.10  0.07  0.07  0.08  0.00  0.00  0.00  0.00  0.00  0.00  0.00  0.00  0.00  0.00  0.00  0.00  0.00  0.00  0.00  0.00  0.00  0.00  0.00  0.00  0.00
  0.00  0.00  0.23  0.16  0.27  0.45  0.72  0.57  0.77  0.81  0.79  0.75  0.91  0.73  0.72  0.65  0.48  0.37  0.38  0.24  0.27  0.45  0.41  0.30  0.48  0.44  0.37  0.70  0.93  0.94  1.12  1.19  1.08  0.81  0.85  0.67  0.71  0.48  0.58  0.36  0.25  0.16  0.16  0.00  0.00  0.00  0.00  0.00  0.00  0.00  0.00  0.00  0.00  0.00  0.00  0.00  0.00  0.00  0.00  0.00  0.00  0.00  0.00  0.00
  0.00  0.33  0.21  0.15  0.24  0.32  0.60  0.57  0.69  0.61  0.57  0.57  0.76  0.70  0.72  0.66  0.51  0.38  0.33  0.23  0.17  0.28  0.30  0.24  0.41  0.42  0.34  0.65  0.92  0.91  1.03  1.10  0.82  0.49  0.62  0.58  0.59  0.45  0.77  0.56  0.39  0.27  0.29  0.00  0.00  0.00  0.00  0.00  0.00  0.00  0.00  0.00  0.00  0.00  0.00  0.00  0.00  0.00  0.00  0.00  0.00  0.00  0.00  0.00
  0.87  0.55  0.36  0.27  0.23  0.22  0.42  0.41  0.56  0.45  0.50  0.64  0.78  0.54  0.54  0.49  0.32  0.24  0.22  0.17  0.09  0.00  0.00  0.00  0.24  0.27  0.30  0.60  0.84  0.87  1.00  1.11  0.85  0.51  0.52  0.43  0.37  0.25  0.70  0.56  0.43  0.31  0.33  0.00  0.00  0.00  0.00  0.00  0.00  0.00  0.00  0.00  0.00  0.00  0.00  0.00  0.00  0.00  0.00  0.00  0.00  0.00  0.00  0.00
  1.00  0.00  0.48  0.25  0.12  0.11  0.34  0.35  0.54  0.51  0.44  0.63  0.76  0.47  0.00  0.44  0.23  0.14  0.16  0.09  0.10  0.00  0.00  0.00  0.19  0.23  0.22  0.28  0.33  0.26  0.30  0.80  0.85  0.97  0.92  0.82  0.49  0.41  0.46  0.41  0.40  0.27  0.31  0.00  0.00  0.00  0.00  0.00  0.00  0.00  0.00  0.00  0.00  0.00  0.00  0.00  0.00  0.00  0.00  0.00  0.00  0.00  0.00  0.00
  1.98  1.49  1.12  0.82  0.60  0.23  0.00  0.27  0.46  0.38  0.29  0.15  0.00  0.00  0.00  0.00  0.11  0.19  0.19  0.20  0.20  0.10  0.00  0.00  0.20  0.19  0.18  0.25  0.30  0.19  0.31  0.77  0.79  1.01  0.99  0.84  0.56  0.51  0.48  0.43  0.48  0.32  0.36  0.00  0.00  0.00  0.00  0.00  0.00  0.00  0.00  0.00  0.00  0.00  0.00  0.00  0.00  0.00  0.00  0.00  0.00  0.00  0.00  0.00
  2.20  1.72  1.37  0.94  0.76  0.14  0.15  0.16  0.17  0.12  0.12  0.00  0.00  0.00  0.00  0.00  0.11  0.20  0.18  0.18  0.18  0.10  0.00  0.00  0.00  0.00  0.00  0.00  0.00  0.12  0.25  0.71  0.71  0.97  0.93  0.76  0.47  0.44  0.22  0.14  0.16  0.17  0.19  0.00  0.00  0.00  0.00  0.00  0.00  0.00  0.00  0.00  0.00  0.00  0.00  0.00  0.00  0.00  0.00  0.00  0.00  0.00  0.00  0.00
  0.00  1.68  1.46  1.06  0.96  0.16  0.16  0.15  0.13  0.10  0.10  0.00  0.00  0.00  0.00  0.00  0.00  0.11  0.10  0.19  0.20  0.19  0.08  0.09  0.00  0.00  0.00  0.00  0.00  0.17  0.31  0.60  0.49  0.81  0.66  0.50  0.36  0.41  0.00  0.00  0.18  0.18  0.20  0.23  0.27  0.00  0.00  0.00  0.00  0.00  0.00  0.00  0.00  0.00  0.00  0.00  0.00  0.00  0.00  0.00  0.00  0.00  0.00  0.00
  1.56  1.67  1.47  1.24  1.26  0.53  0.13  0.12  0.10  0.08  0.08  0.00  0.00  0.00  0.00  0.00  0.00  0.11  0.10  0.19  0.20  0.36  0.26  0.27  0.20  0.22  0.00  0.00  0.00  0.00  0.00  0.41  0.31  0.67  0.59  0.51  0.36  0.44  0.00  0.00  0.22  0.20  0.22  0.26  0.00  0.00  0.00  0.00  0.00  0.00  0.00  0.00  0.00  0.00  0.00  0.00  0.00  0.00  0.00  0.00  0.00  0.00  0.00  0.00
  1.61  1.75  1.64  1.55  1.36  0.62  0.12  0.00  0.00  0.00  0.00  0.00  0.00  0.00  0.00  0.00  0.00  0.26  0.48  0.49  0.50  0.60  0.42  0.26  0.19  0.20  0.00  0.00  0.00  0.00  0.00  0.21  0.18  0.43  0.38  0.34  0.25  0.33  0.00  0.00  0.30  0.00  0.23  0.26  0.29  0.00  0.00  0.00  0.00  0.00  0.00  0.00  0.00  0.00  0.00  0.00  0.00  0.00  0.00  0.00  0.00  0.00  0.00  0.00
  1.97  2.07  1.96  1.15  1.03  0.69  0.26  0.22  0.18  0.15  0.15  0.08  0.00  0.00  0.00  0.00  0.00  0.14  0.37  0.52  0.53  0.70  0.69  0.54  0.39  0.39  0.12  0.00  0.00  0.00  0.00  0.19  0.17  0.31  0.30  0.29  0.17  0.24  0.00  0.00  0.30  0.20  0.20  0.21  0.00  0.00  0.00  0.00  0.00  0.00  0.00  0.00  0.00  0.00  0.00  0.00  0.00  0.00  0.00  0.00  0.00  0.00  0.00  0.00
  1.77  2.04  2.00  0.00  1.27  1.00  0.32  0.26  0.20  0.19  0.18  0.09  0.00  0.00  0.00  0.00  0.00  0.16  0.43  0.61  0.73  0.89  0.88  0.67  0.49  0.40  0.12  0.00  0.00  0.00  0.00  0.20  0.19  0.38  0.35  0.35  0.20  0.28  0.00  0.00  0.28  0.19  0.16  0.18  0.21  0.00  0.00  0.00  0.00  0.00  0.00  0.00  0.00  0.00  0.00  0.00  0.00  0.00  0.00  0.00  0.00  0.00  0.00  0.00
  1.70  1.96  1.84  1.26  0.00  1.05  0.41  0.37  0.30  0.29  0.20  0.11  0.00  0.00  0.00  0.00  0.00  0.31  0.72  0.78  0.92  1.14  1.01  0.63  0.49  0.39  0.11  0.10  0.18  0.19  0.19  0.38  0.38  0.40  0.40  0.40  0.23  0.17  0.00  0.00  0.00  0.00  0.00  0.00  0.00  0.00  0.00  0.00  0.00  0.00  0.00  0.00  0.00  0.00  0.00  0.00  0.00  0.00  0.00  0.00  0.00  0.00  0.00  0.00
  1.37  1.42  1.34  0.73  0.00  0.71  0.40  0.35  0.00  0.27  0.18  0.09  0.00  0.00  0.00  0.11  0.10  0.30  0.59  0.79  0.79  0.97  0.76  0.54  0.32  0.26  0.14  0.32  0.35  0.47  0.48  0.55  0.52  0.66  0.60  0.56  0.57  0.44  0.31  0.26  0.15  0.00  0.00  0.00  0.00  0.00  0.00  0.00  0.00  0.00  0.00  0.00  0.00  0.00  0.00  0.00  0.00  0.00  0.00  0.00  0.00  0.00  0.00  0.00
  1.36  1.43  1.29  0.63  0.65  0.70  0.34  0.45  0.36  0.33  0.22  0.11  0.00  0.00  0.00  0.12  0.11  0.22  0.37  0.62  0.62  0.88  0.74  0.64  0.38  0.31  0.16  0.39  0.45  0.60  0.57  0.54  0.50  0.60  0.53  0.50  0.67  0.53  0.41  0.36  0.32  0.00  0.00  0.00  0.00  0.00  0.00  0.00  0.00  0.00  0.00  0.00  0.00  0.00  0.00  0.00  0.00  0.00  0.00  0.00  0.00  0.00  0.00  0.00
  0.82  0.90  0.80  0.59  0.59  0.59  0.19  0.18  0.14  0.13  0.00  0.00  0.00  0.00  0.00  0.13  0.13  0.28  0.45  0.64  0.63  0.83  0.60  0.46  0.26  0.19  0.10  0.46  0.55  0.77  0.71  0.64  0.62  0.76  0.64  0.57  0.77  0.57  0.42  0.37  0.38  0.00  0.00  0.00  0.00  0.00  0.00  0.00  0.00  0.00  0.00  0.00  0.00  0.00  0.00  0.00  0.00  0.00  0.00  0.00  0.00  0.00  0.00  0.00
  0.00  0.00  0.00  0.00  0.00  0.00  0.00  0.00  0.00  0.00  0.00  0.00  0.00  0.00  0.00  0.00  0.00  0.00  0.00  0.00  0.00  0.00  0.00  0.00  0.00  0.00  0.00  0.00  0.00  0.00  0.00  0.00  0.00  0.00  0.00  0.00  0.00  0.00  0.45  0.00  0.00  0.00  0.00  0.00  0.00  0.00  0.00  0.00  0.00  0.00  0.00  0.00  0.00  0.00  0.00  0.00  0.00  0.00  0.00  0.00  0.00  0.00  0.00  0.00
  0.00  0.00  0.00  0.00  0.00  0.00  0.00  0.00  0.00  0.00  0.00  0.00  0.00  0.00  0.00  0.00  0.00  0.00  0.00  0.00  0.00  0.00  0.00  0.00  0.00  0.00  0.00  0.00  0.00  0.00  0.00  0.00  0.00  0.00  0.00  0.00  0.00  0.00  0.00  0.00  0.00  0.00  0.00  0.00  0.00  0.00  0.00  0.00  0.00  0.00  0.00  0.00  0.00  0.00  0.00  0.00  0.00  0.00  0.00  0.00  0.00  0.00  0.00  0.00
  0.00  0.00  0.00  0.00  0.00  0.00  0.00  0.00  0.00  0.00  0.00  0.00  0.00  0.00  0.00  0.00  0.00  0.00  0.00  0.00  0.00  0.00  0.00  0.00  0.00  0.00  0.00  0.00  0.00  0.00  0.00  0.00  0.00  0.00  0.00  0.00  0.00  0.00  0.00  0.00  0.00  0.00  0.00  0.00  0.00  0.00  0.00  0.00  0.00  0.00  0.00  0.00  0.00  0.00  0.00  0.00  0.00  0.00  0.00  0.00  0.00  0.00  0.00  0.00
  0.00  0.00  0.00  0.00  0.00  0.00  0.00  0.00  0.00  0.00  0.00  0.00  0.00  0.00  0.00  0.00  0.00  0.00  0.00  0.00  0.00  0.00  0.00  0.00  0.00  0.00  0.00  0.00  0.00  0.00  0.00  0.00  0.00  0.00  0.00  0.00  0.00  0.00  0.00  0.00  0.00  0.00  0.00  0.00  0.00  0.00  0.00  0.00  0.00  0.00  0.00  0.00  0.00  0.00  0.00  0.00  0.00  0.00  0.00  0.00  0.00  0.00  0.00  0.00
  0.00  0.00  0.00  0.00  0.00  0.00  0.00  0.00  0.00  0.00  0.00  0.00  0.00  0.00  0.00  0.00  0.00  0.00  0.00  0.00  0.00  0.00  0.00  0.00  0.00  0.00  0.00  0.00  0.00  0.00  0.00  0.00  0.00  0.00  0.00  0.00  0.00  0.00  0.00  0.00  0.00  0.00  0.00  0.00  0.00  0.00  0.00  0.00  0.00  0.00  0.00  0.00  0.00  0.00  0.00  0.00  0.00  0.00  0.00  0.00  0.00  0.00  0.00  0.00
  0.00  0.00  0.00  0.00  0.00  0.00  0.00  0.00  0.00  0.00  0.00  0.00  0.00  0.00  0.00  0.00  0.00  0.00  0.00  0.00  0.00  0.00  0.00  0.00  0.00  0.00  0.00  0.00  0.00  0.00  0.00  0.00  0.00  0.00  0.00  0.00  0.00  0.00  0.00  0.00  0.00  0.00  0.00  0.00  0.00  0.00  0.00  0.00  0.00  0.00  0.00  0.00  0.00  0.00  0.00  0.00  0.00  0.00  0.00  0.00  0.00  0.00  0.00  0.00
  0.00  0.00  0.00  0.00  0.00  0.00  0.00  0.00  0.00  0.00  0.00  0.00  0.00  0.00  0.00  0.00  0.00  0.00  0.00  0.00  0.00  0.00  0.00  0.00  0.00  0.00  0.00  0.00  0.00  0.00  0.00  0.00  0.00  0.00  0.00  0.00  0.00  0.00  0.00  0.00  0.00  0.00  0.00  0.00  0.00  0.00  0.00  0.00  0.00  0.00  0.00  0.00  0.00  0.00  0.00  0.00  0.00  0.00  0.00  0.00  0.00  0.00  0.00  0.00
  0.00  0.00  0.00  0.00  0.00  0.00  0.00  0.00  0.00  0.00  0.00  0.00  0.00  0.00  0.00  0.00  0.00  0.00  0.00  0.00  0.00  0.00  0.00  0.00  0.00  0.00  0.00  0.00  0.00  0.00  0.00  0.00  0.00  0.00  0.00  0.00  0.00  0.00  0.00  0.00  0.00  0.00  0.00  0.00  0.00  0.00  0.00  0.00  0.00  0.00  0.00  0.00  0.00  0.00  0.00  0.00  0.00  0.00  0.00  0.00  0.00  0.00  0.00  0.00
  0.00  0.00  0.00  0.00  0.00  0.00  0.00  0.00  0.00  0.00  0.00  0.00  0.00  0.00  0.00  0.00  0.00  0.00  0.00  0.00  0.00  0.00  0.00  0.00  0.00  0.00  0.00  0.00  0.00  0.00  0.00  0.00  0.00  0.00  0.00  0.00  0.00  0.00  0.00  0.00  0.00  0.00  0.00  0.00  0.00  0.00  0.00  0.00  0.00  0.00  0.00  0.00  0.00  0.00  0.00  0.00  0.00  0.00  0.00  0.00  0.00  0.00  0.00  0.00
  0.00  0.00  0.00  0.00  0.00  0.00  0.00  0.00  0.00  0.00  0.00  0.00  0.00  0.00  0.00  0.00  0.00  0.00  0.00  0.00  0.00  0.00  0.00  0.00  0.00  0.00  0.00  0.00  0.00  0.00  0.00  0.00  0.00  0.00  0.00  0.00  0.00  0.00  0.00  0.00  0.00  0.00  0.00  0.00  0.00  0.00  0.00  0.00  0.00  0.00  0.00  0.00  0.00  0.00  0.00  0.00  0.00  0.00  0.00  0.00  0.00  0.00  0.00  0.00
  0.00  0.00  0.00  0.00  0.00  0.00  0.00  0.00  0.00  0.00  0.00  0.00  0.00  0.00  0.00  0.00  0.00  0.00  0.00  0.00  0.00  0.00  0.00  0.00  0.00  0.00  0.00  0.00  0.00  0.00  0.00  0.00  0.00  0.00  0.00  0.00  0.00  0.00  0.00  0.00  0.00  0.00  0.00  0.00  0.00  0.00  0.00  0.00  0.00  0.00  0.00  0.00  0.00  0.00  0.00  0.00  0.00  0.00  0.00  0.00  0.00  0.00  0.00  0.00
  0.00  0.00  0.00  0.00  0.00  0.00  0.00  0.00  0.00  0.00  0.00  0.00  0.00  0.00  0.00  0.00  0.00  0.00  0.00  0.00  0.00  0.00  0.00  0.00  0.00  0.00  0.00  0.00  0.00  0.00  0.00  0.00  0.00  0.00  0.00  0.00  0.00  0.00  0.00  0.00  0.00  0.00  0.00  0.00  0.00  0.00  0.00  0.00  0.00  0.00  0.00  0.00  0.00  0.00  0.00  0.00  0.00  0.00  0.00  0.00  0.00  0.00  0.00  0.00
  0.00  0.00  0.00  0.00  0.00  0.00  0.00  0.00  0.00  0.00  0.00  0.00  0.00  0.00  0.00  0.00  0.00  0.00  0.00  0.00  0.00  0.00  0.00  0.00  0.00  0.00  0.00  0.00  0.00  0.00  0.00  0.00  0.00  0.00  0.00  0.00  0.00  0.00  0.00  0.00  0.00  0.00  0.00  0.00  0.00  0.00  0.00  0.00  0.00  0.00  0.00  0.00  0.00  0.00  0.00  0.00  0.00  0.00  0.00  0.00  0.00  0.00  0.00  0.00
  0.00  0.00  0.00  0.00  0.00  0.00  0.00  0.00  0.00  0.00  0.00  0.00  0.00  0.00  0.00  0.00  0.00  0.00  0.00  0.00  0.00  0.00  0.00  0.00  0.00  0.00  0.00  0.00  0.00  0.00  0.00  0.00  0.00  0.00  0.00  0.00  0.00  0.00  0.00  0.00  0.00  0.00  0.00  0.00  0.00  0.00  0.00  0.00  0.00  0.00  0.00  0.00  0.00  0.00  0.00  0.00  0.00  0.00  0.00  0.00  0.00  0.00  0.00  0.00
  0.00  0.00  0.00  0.00  0.00  0.00  0.00  0.00  0.00  0.00  0.00  0.00  0.00  0.00  0.00  0.00  0.00  0.00  0.00  0.00  0.00  0.00  0.00  0.00  0.00  0.00  0.00  0.00  0.00  0.00  0.00  0.00  0.00  0.00  0.00  0.00  0.00  0.00  0.00  0.00  0.00  0.00  0.00  0.00  0.00  0.00  0.00  0.00  0.00  0.00  0.00  0.00  0.00  0.00  0.00  0.00  0.00  0.00  0.00  0.00  0.00  0.00  0.00  0.00
  0.00  0.00  0.00  0.00  0.00  0.00  0.00  0.00  0.00  0.00  0.00  0.00  0.00  0.00  0.00  0.00  0.00  0.00  0.00  0.00  0.00  0.00  0.00  0.00  0.00  0.00  0.00  0.00  0.00  0.00  0.00  0.00  0.00  0.00  0.00  0.00  0.00  0.00  0.00  0.00  0.00  0.00  0.00  0.00  0.00  0.00  0.00  0.00  0.00  0.00  0.00  0.00  0.00  0.00  0.00  0.00  0.00  0.00  0.00  0.00  0.00  0.00  0.00  0.00
  0.00  0.00  0.00  0.00  0.00  0.00  0.00  0.00  0.00  0.00  0.00  0.00  0.00  0.00  0.00  0.00  0.00  0.00  0.00  0.00  0.00  0.00  0.00  0.00  0.00  0.00  0.00  0.00  0.00  0.00  0.00  0.00  0.00  0.00  0.00  0.00  0.00  0.00  0.00  0.00  0.00  0.00  0.00  0.00  0.00  0.00  0.00  0.00  0.00  0.00  0.00  0.00  0.00  0.00  0.00  0.00  0.00  0.00  0.00  0.00  0.00  0.00  0.00  0.00
  0.00  0.00  0.00  0.00  0.00  0.00  0.00  0.00  0.00  0.00  0.00  0.00  0.00  0.00  0.00  0.00  0.00  0.00  0.00  0.00  0.00  0.00  0.00  0.00  0.00  0.00  0.00  0.00  0.00  0.00  0.00  0.00  0.00  0.00  0.00  0.00  0.00  0.00  0.00  0.00  0.00  0.00  0.00  0.00  0.00  0.00  0.00  0.00  0.00  0.00  0.00  0.00  0.00  0.00  0.00  0.00  0.00  0.00  0.00  0.00  0.00  0.00  0.00  0.00
  0.00  0.00  0.00  0.00  0.00  0.00  0.00  0.00  0.00  0.00  0.00  0.00  0.00  0.00  0.00  0.00  0.00  0.00  0.00  0.00  0.00  0.00  0.00  0.00  0.00  0.00  0.00  0.00  0.00  0.00  0.00  0.00  0.00  0.00  0.00  0.00  0.00  0.00  0.00  0.00  0.00  0.00  0.00  0.00  0.00  0.00  0.00  0.00  0.00  0.00  0.00  0.00  0.00  0.00  0.00  0.00  0.00  0.00  0.00  0.00  0.00  0.00  0.00  0.00
  0.00  0.00  0.00  0.00  0.00  0.00  0.00  0.00  0.00  0.00  0.00  0.00  0.00  0.00  0.00  0.00  0.00  0.00  0.00  0.00  0.00  0.00  0.00  0.00  0.00  0.00  0.00  0.00  0.00  0.00  0.00  0.00  0.00  0.00  0.00  0.00  0.00  0.00  0.00  0.00  0.00  0.00  0.00  0.00  0.00  0.00  0.00  0.00  0.00  0.00  0.00  0.00  0.00  0.00  0.00  0.00  0.00  0.00  0.00  0.00  0.00  0.00  0.00  0.00

 density range (Hz): 0.000000 2.716298