Array Size: 64  64
  0.13  0.14  0.22  0.29  0.33  0.33  0.40  0.38  0.40  0.41  0.53  0.58  0.58  0.56  0.59  0.52  0.52  0.58  0.60  0.65  0.73  0.74  0.91  0.93  0.89  1.06  1.06  0.91  0.99  1.03  0.74  0.71  0.67  0.60  0.56  0.57  0.49  0.44  0.44  0.48  0.50  0.58  0.62  0.51  0.38  0.26  0.13  0.01  0.00  0.00  0.00  0.00  0.00  0.00  0.00  0.00  0.00  0.00  0.00  0.00  0.00  0.00  0.00  0.00
  0.13  0.22  0.34  0.43  0.50  0.50  0.50  0.41  0.42  0.40  0.48  0.50  0.51  0.49  0.53  0.50  0.52  0.56  0.57  0.59  0.63  0.65  0.80  0.84  0.86  1.00  0.98  0.87  0.95  1.03  0.88  0.88  0.82  0.75  0.64  0.59  0.53  0.51  0.49  0.51  0.56  0.61  0.67  0.59  0.45  0.30  0.17  0.03  0.00  0.00  0.00  0.00  0.00  0.00  0.00  0.00  0.00  0.00  0.00  0.00  0.00  0.00  0.00  0.00
  0.14  0.22  0.34  0.42  0.49  0.49  0.49  0.42  0.47  0.46  0.54  0.57  0.59  0.54  0.58  0.55  0.56  0.62  0.61  0.60  0.63  0.63  0.72  0.76  0.79  0.92  0.91  0.81  0.92  1.02  0.92  0.94  0.89  0.78  0.67  0.59  0.53  0.51  0.49  0.48  0.51  0.54  0.59  0.53  0.41  0.28  0.16  0.03  0.00  0.00  0.00  0.00  0.00  0.00  0.00  0.00  0.00  0.00  0.00  0.00  0.00  0.00  0.00  0.00
  0.22  0.30  0.38  0.48  0.52  0.51  0.50  0.45  0.48  0.46  0.44  0.44  0.45  0.40  0.44  0.46  0.48  0.51  0.48  0.45  0.50  0.53  0.55  0.64  0.72  0.84  0.81  0.81  1.00  1.12  1.03  1.06  1.01  0.79  0.64  0.57  0.50  0.50  0.48  0.49  0.50  0.53  0.58  0.52  0.40  0.29  0.18  0.04  0.00  0.00  0.00  0.00  0.00  0.00  0.00  0.00  0.00  0.00  0.00  0.00  0.00  0.00  0.00  0.00
  0.23  0.32  0.38  0.47  0.52  0.51  0.49  0.46  0.49  0.48  0.45  0.45  0.49  0.45  0.46  0.49  0.51  0.50  0.49  0.48  0.50  0.54  0.56  0.62  0.70  0.71  0.66  0.66  0.88  0.98  1.03  1.06  0.99  0.78  0.65  0.56  0.50  0.51  0.45  0.42  0.42  0.45  0.48  0.44  0.35  0.25  0.16  0.04  0.00  0.00  0.00  0.00  0.00  0.00  0.00  0.00  0.00  0.00  0.00  0.00  0.00  0.00  0.00  0.00
  0.20  0.29  0.34  0.42  0.46  0.46  0.43  0.43  0.50  0.56  0.56  0.56  0.59  0.55  0.51  0.54  0.57  0.58  0.55  0.53  0.53  0.55  0.56  0.60  0.66  0.67  0.62  0.58  0.75  0.88  0.94  0.99  0.94  0.79  0.66  0.57  0.51  0.50  0.43  0.35  0.33  0.35  0.38  0.35  0.28  0.21  0.13  0.04  0.00  0.00  0.00  0.00  0.00  0.00  0.00  0.00  0.00  0.00  0.00  0.00  0.00  0.00  0.00  0.00
  0.21  0.24  0.25  0.32  0.36  0.37  0.38  0.43  0.53  0.61  0.62  0.65  0.69  0.65  0.58  0.57  0.57  0.56  0.52  0.51  0.56  0.56  0.58  0.62  0.67  0.65  0.60  0.55  0.69  0.76  0.77  0.81  0.79  0.67  0.59  0.53  0.47  0.45  0.36  0.29  0.23  0.26  0.26  0.23  0.18  0.16  0.08  0.02  0.00  0.00  0.00  0.00  0.00  0.00  0.00  0.00  0.00  0.00  0.00  0.00  0.00  0.00  0.00  0.00
  0.24  0.27  0.26  0.33  0.36  0.37  0.38  0.43  0.50  0.59  0.60  0.65  0.69  0.68  0.58  0.54  0.51  0.47  0.43  0.44  0.52  0.52  0.57  0.62  0.67  0.62  0.60  0.60  0.67  0.68  0.67  0.68  0.65  0.62  0.59  0.56  0.50  0.44  0.35  0.29  0.23  0.26  0.26  0.29  0.24  0.22  0.15  0.09  0.00  0.00  0.00  0.00  0.00  0.00  0.00  0.00  0.00  0.00  0.00  0.00  0.00  0.00  0.00  0.00
  0.35  0.34  0.32  0.38  0.36  0.35  0.37  0.41  0.47  0.59  0.66  0.73  0.77  0.78  0.65  0.60  0.58  0.54  0.49  0.49  0.56  0.51  0.54  0.58  0.61  0.56  0.59  0.60  0.58  0.55  0.52  0.52  0.49  0.56  0.61  0.60  0.53  0.47  0.38  0.28  0.24  0.26  0.26  0.28  0.24  0.21  0.14  0.09  0.00  0.00  0.00  0.00  0.00  0.00  0.00  0.00  0.00  0.00  0.00  0.00  0.00  0.00  0.00  0.00
  0.37  0.35  0.34  0.41  0.42  0.40  0.41  0.44  0.49  0.57  0.63  0.70  0.71  0.73  0.62  0.58  0.59  0.57  0.51  0.52  0.59  0.54  0.58  0.62  0.66  0.59  0.63  0.63  0.57  0.55  0.54  0.52  0.53  0.60  0.63  0.61  0.54  0.48  0.42  0.33  0.29  0.29  0.28  0.28  0.23  0.19  0.14  0.09  0.00  0.00  0.00  0.00  0.00  0.00  0.00  0.00  0.00  0.00  0.00  0.00  0.00  0.00  0.00  0.00
  0.36  0.33  0.34  0.40  0.42  0.44  0.49  0.50  0.53  0.54  0.57  0.59  0.61  0.61  0.56  0.52  0.55  0.54  0.50  0.50  0.56  0.51  0.57  0.63  0.66  0.60  0.66  0.63  0.56  0.52  0.53  0.51  0.53  0.60  0.67  0.62  0.55  0.50  0.49  0.41  0.38  0.35  0.31  0.28  0.22  0.18  0.14  0.09  0.00  0.00  0.00  0.00  0.00  0.00  0.00  0.00  0.00  0.00  0.00  0.00  0.00  0.00  0.00  0.00
  0.39  0.34  0.32  0.36  0.37  0.39  0.46  0.49  0.50  0.50  0.52  0.51  0.51  0.52  0.50  0.50  0.57  0.59  0.56  0.56  0.57  0.49  0.51  0.56  0.55  0.54  0.60  0.58  0.51  0.50  0.51  0.49  0.52  0.61  0.72  0.70  0.65  0.61  0.63  0.51  0.45  0.40  0.35  0.29  0.22  0.18  0.13  0.09  0.00  0.00  0.00  0.00  0.00  0.00  0.00  0.00  0.00  0.00  0.00  0.00  0.00  0.00  0.00  0.00
  0.39  0.32  0.32  0.32  0.34  0.37  0.47  0.49  0.49  0.46  0.47  0.44  0.44  0.58  0.61  0.65  0.75  0.78  0.63  0.63  0.62  0.55  0.55  0.59  0.56  0.55  0.61  0.54  0.46  0.47  0.49  0.46  0.50  0.58  0.67  0.62  0.60  0.64  0.66  0.56  0.52  0.43  0.36  0.22  0.15  0.10  0.06  0.01  0.00  0.00  0.00  0.00  0.00  0.00  0.00  0.00  0.00  0.00  0.00  0.00  0.00  0.00  0.00  0.00
  0.33  0.28  0.28  0.20  0.30  0.37  0.48  0.52  0.52  0.44  0.42  0.36  0.35  0.49  0.55  0.60  0.71  0.77  0.64  0.64  0.62  0.54  0.52  0.56  0.55  0.57  0.61  0.56  0.47  0.48  0.53  0.51  0.52  0.60  0.65  0.56  0.57  0.64  0.64  0.57  0.52  0.44  0.33  0.21  0.13  0.09  0.05  0.01  0.00  0.00  0.00  0.00  0.00  0.00  0.00  0.00  0.00  0.00  0.00  0.00  0.00  0.00  0.00  0.00
  0.55  0.44  0.40  0.20  0.24  0.32  0.45  0.49  0.52  0.47  0.44  0.38  0.37  0.50  0.56  0.61  0.69  0.80  0.68  0.65  0.64  0.56  0.47  0.53  0.54  0.56  0.61  0.59  0.48  0.48  0.57  0.54  0.55  0.61  0.66  0.54  0.53  0.60  0.60  0.54  0.51  0.46  0.36  0.24  0.18  0.12  0.06  0.01  0.00  0.00  0.00  0.00  0.00  0.00  0.00  0.00  0.00  0.00  0.00  0.00  0.00  0.00  0.00  0.00
  0.59  0.49  0.45  0.23  0.27  0.35  0.46  0.53  0.57  0.52  0.49  0.44  0.43  0.55  0.61  0.64  0.68  0.76  0.65  0.62  0.62  0.55  0.42  0.49  0.60  0.68  0.79  0.81  0.70  0.62  0.66  0.61  0.62  0.68  0.68  0.57  0.53  0.57  0.54  0.49  0.45  0.39  0.31  0.22  0.17  0.11  0.06  0.01  0.00  0.00  0.00  0.00  0.00  0.00  0.00  0.00  0.00  0.00  0.00  0.00  0.00  0.00  0.00  0.00
  0.57  0.50  0.51  0.33  0.35  0.44  0.53  0.56  0.61  0.60  0.57  0.52  0.51  0.60  0.63  0.62  0.65  0.74  0.68  0.68  0.72  0.70  0.56  0.59  0.72  0.80  0.96  1.00  0.96  0.87  0.93  0.82  0.79  0.76  0.69  0.50  0.46  0.49  0.45  0.42  0.41  0.34  0.27  0.21  0.16  0.11  0.07  0.01  0.00  0.00  0.00  0.00  0.00  0.00  0.00  0.00  0.00  0.00  0.00  0.00  0.00  0.00  0.00  0.00
  0.53  0.46  0.48  0.36  0.37  0.46  0.56  0.61  0.63  0.64  0.61  0.55  0.48  0.46  0.48  0.45  0.50  0.62  0.71  0.73  0.78  0.76  0.64  0.64  0.76  0.84  0.99  1.05  1.08  1.00  1.05  0.95  0.90  0.79  0.72  0.64  0.60  0.59  0.54  0.50  0.38  0.30  0.26  0.20  0.16  0.10  0.06  0.01  0.00  0.00  0.00  0.00  0.00  0.00  0.00  0.00  0.00  0.00  0.00  0.00  0.00  0.00  0.00  0.00
  0.45  0.40  0.44  0.40  0.40  0.46  0.54  0.60  0.62  0.63  0.61  0.56  0.52  0.48  0.51  0.51  0.53  0.60  0.70  0.71  0.78  0.80  0.71  0.70  0.82  0.94  1.12  1.25  1.30  1.24  1.21  1.06  0.94  0.81  0.73  0.68  0.66  0.67  0.65  0.59  0.44  0.36  0.28  0.21  0.17  0.11  0.06  0.01  0.00  0.00  0.00  0.00  0.00  0.00  0.00  0.00  0.00  0.00  0.00  0.00  0.00  0.00  0.00  0.00
  0.22  0.22  0.30  0.39  0.44  0.48  0.56  0.61  0.62  0.63  0.64  0.62  0.60  0.57  0.59  0.58  0.56  0.58  0.65  0.65  0.73  0.75  0.70  0.71  0.83  0.97  1.16  1.30  1.38  1.36  1.26  1.15  1.01  0.87  0.75  0.74  0.71  0.71  0.66  0.61  0.46  0.36  0.28  0.22  0.16  0.10  0.04  0.01  0.00  0.00  0.00  0.00  0.00  0.00  0.00  0.00  0.00  0.00  0.00  0.00  0.00  0.00  0.00  0.00
  0.19  0.18  0.26  0.38  0.45  0.48  0.54  0.56  0.52  0.52  0.53  0.53  0.54  0.53  0.55  0.56  0.56  0.60  0.66  0.67  0.73  0.77  0.71  0.72  0.78  0.89  1.03  1.19  1.29  1.34  1.27  1.16  1.01  0.91  0.79  0.78  0.77  0.77  0.66  0.62  0.53  0.45  0.36  0.31  0.24  0.13  0.05  0.01  0.00  0.00  0.00  0.00  0.00  0.00  0.00  0.00  0.00  0.00  0.00  0.00  0.00  0.00  0.00  0.00
  0.19  0.17  0.21  0.32  0.40  0.42  0.47  0.52  0.46  0.44  0.45  0.46  0.48  0.50  0.54  0.58  0.59  0.65  0.68  0.68  0.69  0.71  0.62  0.69  0.77  0.92  1.04  1.18  1.26  1.28  1.14  1.09  0.97  0.90  0.79  0.84  0.77  0.75  0.60  0.58  0.53  0.49  0.44  0.40  0.32  0.17  0.08  0.01  0.00  0.00  0.00  0.00  0.00  0.00  0.00  0.00  0.00  0.00  0.00  0.00  0.00  0.00  0.00  0.00
  0.21  0.20  0.23  0.31  0.40  0.42  0.46  0.47  0.43  0.42  0.42  0.46  0.51  0.53  0.54  0.58  0.55  0.61  0.60  0.59  0.59  0.65  0.59  0.71  0.86  1.04  1.16  1.28  1.27  1.23  1.08  1.01  0.92  0.90  0.81  0.75  0.66  0.59  0.46  0.44  0.50  0.49  0.47  0.44  0.36  0.20  0.11  0.02  0.00  0.00  0.00  0.00  0.00  0.00  0.00  0.00  0.00  0.00  0.00  0.00  0.00  0.00  0.00  0.00
  0.21  0.22  0.26  0.31  0.38  0.42  0.47  0.44  0.40  0.42  0.43  0.44  0.48  0.52  0.48  0.50  0.50  0.59  0.58  0.58  0.57  0.62  0.57  0.69  0.86  1.00  1.05  1.09  1.09  1.05  0.97  0.99  1.00  1.00  0.92  0.83  0.68  0.56  0.38  0.38  0.45  0.45  0.51  0.52  0.42  0.24  0.17  0.05  0.00  0.00  0.00  0.00  0.00  0.00  0.00  0.00  0.00  0.00  0.00  0.00  0.00  0.00  0.00  0.00
  0.27  0.27  0.32  0.34  0.39  0.42  0.46  0.42  0.37  0.39  0.41  0.40  0.44  0.47  0.43  0.45  0.49  0.59  0.61  0.62  0.62  0.67  0.61  0.74  0.91  1.09  1.16  1.23  1.20  1.11  1.03  1.06  1.09  1.12  1.09  0.97  0.75  0.57  0.39  0.39  0.46  0.48  0.55  0.57  0.45  0.28  0.19  0.07  0.00  0.00  0.00  0.00  0.00  0.00  0.00  0.00  0.00  0.00  0.00  0.00  0.00  0.00  0.00  0.00
  0.34  0.35  0.40  0.39  0.39  0.42  0.43  0.37  0.34  0.39  0.42  0.43  0.49  0.52  0.47  0.48  0.49  0.57  0.60  0.61  0.62  0.68  0.64  0.74  0.91  1.14  1.23  1.30  1.30  1.31  1.20  1.23  1.27  1.25  1.15  1.03  0.79  0.60  0.44  0.41  0.42  0.44  0.53  0.55  0.44  0.30  0.22  0.07  0.00  0.00  0.00  0.00  0.00  0.00  0.00  0.00  0.00  0.00  0.00  0.00  0.00  0.00  0.00  0.00
  0.34  0.34  0.39  0.38  0.37  0.40  0.42  0.36  0.32  0.40  0.41  0.43  0.50  0.54  0.46  0.47  0.45  0.45  0.49  0.51  0.54  0.62  0.63  0.73  0.84  1.02  1.10  1.17  1.18  1.24  1.22  1.26  1.34  1.36  1.29  1.16  0.92  0.72  0.56  0.50  0.45  0.46  0.50  0.48  0.36  0.26  0.18  0.07  0.00  0.00  0.00  0.00  0.00  0.00  0.00  0.00  0.00  0.00  0.00  0.00  0.00  0.00  0.00  0.00
  0.32  0.31  0.36  0.35  0.32  0.36  0.38  0.33  0.31  0.38  0.37  0.37  0.42  0.46  0.41  0.42  0.44  0.44  0.49  0.52  0.53  0.60  0.60  0.78  0.87  1.03  1.12  1.19  1.12  1.21  1.22  1.31  1.42  1.46  1.40  1.32  1.08  0.87  0.70  0.60  0.51  0.48  0.50  0.52  0.41  0.33  0.25  0.14  0.00  0.00  0.00  0.00  0.00  0.00  0.00  0.00  0.00  0.00  0.00  0.00  0.00  0.00  0.00  0.00
  0.31  0.29  0.35  0.40  0.42  0.45  0.46  0.41  0.35  0.37  0.36  0.38  0.42  0.46  0.42  0.44  0.45  0.44  0.49  0.51  0.55  0.64  0.69  0.87  0.97  1.14  1.23  1.27  1.17  1.23  1.17  1.26  1.34  1.39  1.34  1.32  1.06  0.87  0.73  0.62  0.51  0.48  0.50  0.48  0.39  0.30  0.23  0.12  0.00  0.00  0.00  0.00  0.00  0.00  0.00  0.00  0.00  0.00  0.00  0.00  0.00  0.00  0.00  0.00
  0.22  0.24  0.28  0.35  0.39  0.43  0.44  0.42  0.36  0.34  0.32  0.35  0.39  0.44  0.46  0.52  0.50  0.48  0.52  0.51  0.53  0.62  0.70  0.85  0.92  0.99  1.04  1.02  0.96  1.05  1.00  1.06  1.16  1.18  1.11  1.15  1.02  0.87  0.76  0.65  0.51  0.43  0.43  0.39  0.32  0.26  0.20  0.10  0.00  0.00  0.00  0.00  0.00  0.00  0.00  0.00  0.00  0.00  0.00  0.00  0.00  0.00  0.00  0.00
  0.13  0.16  0.20  0.28  0.35  0.41  0.44  0.43  0.37  0.34  0.32  0.33  0.35  0.39  0.42  0.47  0.47  0.46  0.50  0.47  0.50  0.57  0.68  0.83  0.91  0.92  0.94  0.89  0.79  0.80  0.84  0.92  1.00  1.03  1.09  1.10  0.99  0.86  0.80  0.64  0.50  0.41  0.38  0.33  0.27  0.22  0.17  0.10  0.00  0.00  0.00  0.00  0.00  0.00  0.00  0.00  0.00  0.00  0.00  0.00  0.00  0.00  0.00  0.00
  0.11  0.16  0.22  0.28  0.36  0.41  0.41  0.40  0.35  0.32  0.33  0.34  0.33  0.37  0.40  0.45  0.47  0.48  0.51  0.48  0.51  0.55  0.66  0.82  0.94  0.93  0.95  0.89  0.73  0.70  0.73  0.79  0.85  0.89  0.92  0.92  0.84  0.73  0.71  0.58  0.48  0.54  0.52  0.48  0.43  0.37  0.18  0.10  0.00  0.00  0.00  0.00  0.00  0.00  0.00  0.00  0.00  0.00  0.00  0.00  0.00  0.00  0.00  0.00
  0.11  0.17  0.24  0.31  0.42  0.47  0.49  0.46  0.40  0.37  0.39  0.37  0.36  0.37  0.39  0.46  0.50  0.52  0.55  0.51  0.51  0.53  0.62  0.68  0.76  0.74  0.76  0.72  0.67  0.64  0.71  0.75  0.76  0.80  0.85  0.79  0.73  0.67  0.64  0.51  0.44  0.51  0.50  0.41  0.35  0.29  0.10  0.02  0.00  0.00  0.00  0.00  0.00  0.00  0.00  0.00  0.00  0.00  0.00  0.00  0.00  0.00  0.00  0.00
  0.17  0.21  0.25  0.24  0.29  0.33  0.38  0.37  0.35  0.37  0.39  0.36  0.37  0.38  0.42  0.59  0.62  0.64  0.67  0.62  0.50  0.47  0.50  0.52  0.55  0.52  0.59  0.59  0.59  0.61  0.73  0.76  0.82  0.86  0.96  0.85  0.80  0.74  0.68  0.52  0.46  0.54  0.46  0.37  0.30  0.26  0.06  0.02  0.00  0.00  0.00  0.00  0.00  0.00  0.00  0.00  0.00  0.00  0.00  0.00  0.00  0.00  0.00  0.00
  0.16  0.19  0.22  0.22  0.24  0.28  0.33  0.30  0.29  0.32  0.35  0.30  0.30  0.29  0.28  0.41  0.45  0.49  0.52  0.51  0.46  0.41  0.41  0.44  0.46  0.39  0.47  0.48  0.47  0.48  0.61  0.63  0.69  0.74  0.86  0.76  0.75  0.71  0.66  0.50  0.45  0.49  0.42  0.34  0.29  0.25  0.05  0.01  0.00  0.00  0.00  0.00  0.00  0.00  0.00  0.00  0.00  0.00  0.00  0.00  0.00  0.00  0.00  0.00
  0.15  0.17  0.20  0.19  0.20  0.22  0.26  0.23  0.22  0.26  0.28  0.24  0.23  0.22  0.22  0.35  0.39  0.43  0.46  0.46  0.39  0.34  0.32  0.33  0.33  0.26  0.31  0.34  0.33  0.33  0.41  0.43  0.48  0.54  0.62  0.55  0.57  0.54  0.48  0.39  0.36  0.41  0.36  0.30  0.26  0.23  0.04  0.00  0.00  0.00  0.00  0.00  0.00  0.00  0.00  0.00  0.00  0.00  0.00  0.00  0.00  0.00  0.00  0.00
  0.14  0.13  0.14  0.13  0.14  0.14  0.20  0.19  0.18  0.20  0.21  0.16  0.16  0.15  0.15  0.29  0.33  0.35  0.37  0.37  0.30  0.26  0.23  0.23  0.21  0.15  0.19  0.21  0.24  0.24  0.29  0.32  0.35  0.39  0.47  0.44  0.46  0.45  0.40  0.31  0.27  0.19  0.14  0.10  0.07  0.06  0.03  0.00  0.00  0.00  0.00  0.00  0.00  0.00  0.00  0.00  0.00  0.00  0.00  0.00  0.00  0.00  0.00  0.00
  0.11  0.09  0.08  0.06  0.04  0.03  0.07  0.07  0.07  0.09  0.10  0.08  0.09  0.09  0.11  0.22  0.22  0.23  0.25  0.24  0.21  0.18  0.16  0.13  0.11  0.05  0.09  0.10  0.14  0.14  0.16  0.17  0.21  0.22  0.27  0.27  0.30  0.30  0.27  0.22  0.19  0.13  0.08  0.05  0.03  0.02  0.00  0.00  0.00  0.00  0.00  0.00  0.00  0.00  0.00  0.00  0.00  0.00  0.00  0.00  0.00  0.00  0.00  0.00
  0.00  0.00  0.00  0.00  0.00  0.00  0.01  0.01  0.01  0.01  0.01  0.01  0.01  0.00  0.00  0.00  0.00  0.01  0.02  0.02  0.08  0.08  0.07  0.06  0.06  0.00  0.00  0.00  0.00  0.00  0.01  0.01  0.01  0.01  0.01  0.02  0.08  0.09  0.09  0.09  0.08  0.02  0.02  0.01  0.01  0.01  0.00  0.00  0.00  0.00  0.00  0.00  0.00  0.00  0.00  0.00  0.00  0.00  0.00  0.00  0.00  0.00  0.00  0.00
  0.00  0.00  0.00  0.00  0.00  0.00  0.00  0.00  0.00  0.00  0.00  0.00  0.00  0.00  0.00  0.00  0.00  0.00  0.00  0.00  0.00  0.00  0.00  0.00  0.00  0.00  0.00  0.00  0.00  0.00  0.00  0.00  0.00  0.00  0.00  0.00  0.00  0.00  0.00  0.00  0.00  0.00  0.00  0.00  0.00  0.00  0.00  0.00  0.00  0.00  0.00  0.00  0.00  0.00  0.00  0.00  0.00  0.00  0.00  0.00  0.00  0.00  0.00  0.00
  0.00  0.00  0.00  0.00  0.00  0.00  0.00  0.00  0.00  0.00  0.00  0.00  0.00  0.00  0.00  0.00  0.00  0.00  0.00  0.00  0.00  0.00  0.00  0.00  0.00  0.00  0.00  0.00  0.00  0.00  0.00  0.00  0.00  0.00  0.00  0.00  0.00  0.00  0.00  0.00  0.00  0.00  0.00  0.00  0.00  0.00  0.00  0.00  0.00  0.00  0.00  0.00  0.00  0.00  0.00  0.00  0.00  0.00  0.00  0.00  0.00  0.00  0.00  0.00
  0.00  0.00  0.00  0.00  0.00  0.00  0.00  0.00  0.00  0.00  0.00  0.00  0.00  0.00  0.00  0.00  0.00  0.00  0.00  0.00  0.00  0.00  0.00  0.00  0.00  0.00  0.00  0.00  0.00  0.00  0.00  0.00  0.00  0.00  0.00  0.00  0.00  0.00  0.00  0.00  0.00  0.00  0.00  0.00  0.00  0.00  0.00  0.00  0.00  0.00  0.00  0.00  0.00  0.00  0.00  0.00  0.00  0.00  0.00  0.00  0.00  0.00  0.00  0.00
  0.00  0.00  0.00  0.00  0.00  0.00  0.00  0.00  0.00  0.00  0.00  0.00  0.00  0.00  0.00  0.00  0.00  0.00  0.00  0.00  0.00  0.00  0.00  0.00  0.00  0.00  0.00  0.00  0.00  0.00  0.00  0.00  0.00  0.00  0.00  0.00  0.00  0.00  0.00  0.00  0.00  0.00  0.00  0.00  0.00  0.00  0.00  0.00  0.00  0.00  0.00  0.00  0.00  0.00  0.00  0.00  0.00  0.00  0.00  0.00  0.00  0.00  0.00  0.00
  0.00  0.00  0.00  0.00  0.00  0.00  0.00  0.00  0.00  0.00  0.00  0.00  0.00  0.00  0.00  0.00  0.00  0.00  0.00  0.00  0.00  0.00  0.00  0.00  0.00  0.00  0.00  0.00  0.00  0.00  0.00  0.00  0.00  0.00  0.00  0.00  0.00  0.00  0.00  0.00  0.00  0.00  0.00  0.00  0.00  0.00  0.00  0.00  0.00  0.00  0.00  0.00  0.00  0.00  0.00  0.00  0.00  0.00  0.00  0.00  0.00  0.00  0.00  0.00
  0.00  0.00  0.00  0.00  0.00  0.00  0.00  0.00  0.00  0.00  0.00  0.00  0.00  0.00  0.00  0.00  0.00  0.00  0.00  0.00  0.00  0.00  0.00  0.00  0.00  0.00  0.00  0.00  0.00  0.00  0.00  0.00  0.00  0.00  0.00  0.00  0.00  0.00  0.00  0.00  0.00  0.00  0.00  0.00  0.00  0.00  0.00  0.00  0.00  0.00  0.00  0.00  0.00  0.00  0.00  0.00  0.00  0.00  0.00  0.00  0.00  0.00  0.00  0.00
  0.00  0.00  0.00  0.00  0.00  0.00  0.00  0.00  0.00  0.00  0.00  0.00  0.00  0.00  0.00  0.00  0.00  0.00  0.00  0.00  0.00  0.00  0.00  0.00  0.00  0.00  0.00  0.00  0.00  0.00  0.00  0.00  0.00  0.00  0.00  0.00  0.00  0.00  0.00  0.00  0.00  0.00  0.00  0.00  0.00  0.00  0.00  0.00  0.00  0.00  0.00  0.00  0.00  0.00  0.00  0.00  0.00  0.00  0.00  0.00  0.00  0.00  0.00  0.00
  0.00  0.00  0.00  0.00  0.00  0.00  0.00  0.00  0.00  0.00  0.00  0.00  0.00  0.00  0.00  0.00  0.00  0.00  0.00  0.00  0.00  0.00  0.00  0.00  0.00  0.00  0.00  0.00  0.00  0.00  0.00  0.00  0.00  0.00  0.00  0.00  0.00  0.00  0.00  0.00  0.00  0.00  0.00  0.00  0.00  0.00  0.00  0.00  0.00  0.00  0.00  0.00  0.00  0.00  0.00  0.00  0.00  0.00  0.00  0.00  0.00  0.00  0.00  0.00
  0.00  0.00  0.00  0.00  0.00  0.00  0.00  0.00  0.00  0.00  0.00  0.00  0.00  0.00  0.00  0.00  0.00  0.00  0.00  0.00  0.00  0.00  0.00  0.00  0.00  0.00  0.00  0.00  0.00  0.00  0.00  0.00  0.00  0.00  0.00  0.00  0.00  0.00  0.00  0.00  0.00  0.00  0.00  0.00  0.00  0.00  0.00  0.00  0.00  0.00  0.00  0.00  0.00  0.00  0.00  0.00  0.00  0.00  0.00  0.00  0.00  0.00  0.00  0.00
  0.00  0.00  0.00  0.00  0.00  0.00  0.00  0.00  0.00  0.00  0.00  0.00  0.00  0.00  0.00  0.00  0.00  0.00  0.00  0.00  0.00  0.00  0.00  0.00  0.00  0.00  0.00  0.00  0.00  0.00  0.00  0.00  0.00  0.00  0.00  0.00  0.00  0.00  0.00  0.00  0.00  0.00  0.00  0.00  0.00  0.00  0.00  0.00  0.00  0.00  0.00  0.00  0.00  0.00  0.00  0.00  0.00  0.00  0.00  0.00  0.00  0.00  0.00  0.00
  0.00  0.00  0.00  0.00  0.00  0.00  0.00  0.00  0.00  0.00  0.00  0.00  0.00  0.00  0.00  0.00  0.00  0.00  0.00  0.00  0.00  0.00  0.00  0.00  0.00  0.00  0.00  0.00  0.00  0.00  0.00  0.00  0.00  0.00  0.00  0.00  0.00  0.00  0.00  0.00  0.00  0.00  0.00  0.00  0.00  0.00  0.00  0.00  0.00  0.00  0.00  0.00  0.00  0.00  0.00  0.00  0.00  0.00  0.00  0.00  0.00  0.00  0.00  0.00
  0.00  0.00  0.00  0.00  0.00  0.00  0.00  0.00  0.00  0.00  0.00  0.00  0.00  0.00  0.00  0.00  0.00  0.00  0.00  0.00  0.00  0.00  0.00  0.00  0.00  0.00  0.00  0.00  0.00  0.00  0.00  0.00  0.00  0.00  0.00  0.00  0.00  0.00  0.00  0.00  0.00  0.00  0.00  0.00  0.00  0.00  0.00  0.00  0.00  0.00  0.00  0.00  0.00  0.00  0.00  0.00  0.00  0.00  0.00  0.00  0.00  0.00  0.00  0.00
  0.00  0.00  0.00  0.00  0.00  0.00  0.00  0.00  0.00  0.00  0.00  0.00  0.00  0.00  0.00  0.00  0.00  0.00  0.00  0.00  0.00  0.00  0.00  0.00  0.00  0.00  0.00  0.00  0.00  0.00  0.00  0.00  0.00  0.00  0.00  0.00  0.00  0.00  0.00  0.00  0.00  0.00  0.00  0.00  0.00  0.00  0.00  0.00  0.00  0.00  0.00  0.00  0.00  0.00  0.00  0.00  0.00  0.00  0.00  0.00  0.00  0.00  0.00  0.00
  0.00  0.00  0.00  0.00  0.00  0.00  0.00  0.00  0.00  0.00  0.00  0.00  0.00  0.00  0.00  0.00  0.00  0.00  0.00  0.00  0.00  0.00  0.00  0.00  0.00  0.00  0.00  0.00  0.00  0.00  0.00  0.00  0.00  0.00  0.00  0.00  0.00  0.00  0.00  0.00  0.00  0.00  0.00  0.00  0.00  0.00  0.00  0.00  0.00  0.00  0.00  0.00  0.00  0.00  0.00  0.00  0.00  0.00  0.00  0.00  0.00  0.00  0.00  0.00
  0.00  0.00  0.00  0.00  0.00  0.00  0.00  0.00  0.00  0.00  0.00  0.00  0.00  0.00  0.00  0.00  0.00  0.00  0.00  0.00  0.00  0.00  0.00  0.00  0.00  0.00  0.00  0.00  0.00  0.00  0.00  0.00  0.00  0.00  0.00  0.00  0.00  0.00  0.00  0.00  0.00  0.00  0.00  0.00  0.00  0.00  0.00  0.00  0.00  0.00  0.00  0.00  0.00  0.00  0.00  0.00  0.00  0.00  0.00  0.00  0.00  0.00  0.00  0.00
  0.00  0.00  0.00  0.00  0.00  0.00  0.00  0.00  0.00  0.00  0.00  0.00  0.00  0.00  0.00  0.00  0.00  0.00  0.00  0.00  0.00  0.00  0.00  0.00  0.00  0.00  0.00  0.00  0.00  0.00  0.00  0.00  0.00  0.00  0.00  0.00  0.00  0.00  0.00  0.00  0.00  0.00  0.00  0.00  0.00  0.00  0.00  0.00  0.00  0.00  0.00  0.00  0.00  0.00  0.00  0.00  0.00  0.00  0.00  0.00  0.00  0.00  0.00  0.00
  0.00  0.00  0.00  0.00  0.00  0.00  0.00  0.00  0.00  0.00  0.00  0.00  0.00  0.00  0.00  0.00  0.00  0.00  0.00  0.00  0.00  0.00  0.00  0.00  0.00  0.00  0.00  0.00  0.00  0.00  0.00  0.00  0.00  0.00  0.00  0.00  0.00  0.00  0.00  0.00  0.00  0.00  0.00  0.00  0.00  0.00  0.00  0.00  0.00  0.00  0.00  0.00  0.00  0.00  0.00  0.00  0.00  0.00  0.00  0.00  0.00  0.00  0.00  0.00
  0.00  0.00  0.00  0.00  0.00  0.00  0.00  0.00  0.00  0.00  0.00  0.00  0.00  0.00  0.00  0.00  0.00  0.00  0.00  0.00  0.00  0.00  0.00  0.00  0.00  0.00  0.00  0.00  0.00  0.00  0.00  0.00  0.00  0.00  0.00  0.00  0.00  0.00  0.00  0.00  0.00  0.00  0.00  0.00  0.00  0.00  0.00  0.00  0.00  0.00  0.00  0.00  0.00  0.00  0.00  0.00  0.00  0.00  0.00  0.00  0.00  0.00  0.00  0.00
  0.00  0.00  0.00  0.00  0.00  0.00  0.00  0.00  0.00  0.00  0.00  0.00  0.00  0.00  0.00  0.00  0.00  0.00  0.00  0.00  0.00  0.00  0.00  0.00  0.00  0.00  0.00  0.00  0.00  0.00  0.00  0.00  0.00  0.00  0.00  0.00  0.00  0.00  0.00  0.00  0.00  0.00  0.00  0.00  0.00  0.00  0.00  0.00  0.00  0.00  0.00  0.00  0.00  0.00  0.00  0.00  0.00  0.00  0.00  0.00  0.00  0.00  0.00  0.00
  0.00  0.00  0.00  0.00  0.00  0.00  0.00  0.00  0.00  0.00  0.00  0.00  0.00  0.00  0.00  0.00  0.00  0.00  0.00  0.00  0.00  0.00  0.00  0.00  0.00  0.00  0.00  0.00  0.00  0.00  0.00  0.00  0.00  0.00  0.00  0.00  0.00  0.00  0.00  0.00  0.00  0.00  0.00  0.00  0.00  0.00  0.00  0.00  0.00  0.00  0.00  0.00  0.00  0.00  0.00  0.00  0.00  0.00  0.00  0.00  0.00  0.00  0.00  0.00
  0.00  0.00  0.00  0.00  0.00  0.00  0.00  0.00  0.00  0.00  0.00  0.00  0.00  0.00  0.00  0.00  0.00  0.00  0.00  0.00  0.00  0.00  0.00  0.00  0.00  0.00  0.00  0.00  0.00  0.00  0.00  0.00  0.00  0.00  0.00  0.00  0.00  0.00  0.00  0.00  0.00  0.00  0.00  0.00  0.00  0.00  0.00  0.00  0.00  0.00  0.00  0.00  0.00  0.00  0.00  0.00  0.00  0.00  0.00  0.00  0.00  0.00  0.00  0.00
  0.00  0.00  0.00  0.00  0.00  0.00  0.00  0.00  0.00  0.00  0.00  0.00  0.00  0.00  0.00  0.00  0.00  0.00  0.00  0.00  0.00  0.00  0.00  0.00  0.00  0.00  0.00  0.00  0.00  0.00  0.00  0.00  0.00  0.00  0.00  0.00  0.00  0.00  0.00  0.00  0.00  0.00  0.00  0.00  0.00  0.00  0.00  0.00  0.00  0.00  0.00  0.00  0.00  0.00  0.00  0.00  0.00  0.00  0.00  0.00  0.00  0.00  0.00  0.00
  0.00  0.00  0.00  0.00  0.00  0.00  0.00  0.00  0.00  0.00  0.00  0.00  0.00  0.00  0.00  0.00  0.00  0.00  0.00  0.00  0.00  0.00  0.00  0.00  0.00  0.00  0.00  0.00  0.00  0.00  0.00  0.00  0.00  0.00  0.00  0.00  0.00  0.00  0.00  0.00  0.00  0.00  0.00  0.00  0.00  0.00  0.00  0.00  0.00  0.00  0.00  0.00  0.00  0.00  0.00  0.00  0.00  0.00  0.00  0.00  0.00  0.00  0.00  0.00
  0.00  0.00  0.00  0.00  0.00  0.00  0.00  0.00  0.00  0.00  0.00  0.00  0.00  0.00  0.00  0.00  0.00  0.00  0.00  0.00  0.00  0.00  0.00  0.00  0.00  0.00  0.00  0.00  0.00  0.00  0.00  0.00  0.00  0.00  0.00  0.00  0.00  0.00  0.00  0.00  0.00  0.00  0.00  0.00  0.00  0.00  0.00  0.00  0.00  0.00  0.00  0.00  0.00  0.00  0.00  0.00  0.00  0.00  0.00  0.00  0.00  0.00  0.00  0.00
  0.00  0.00  0.00  0.00  0.00  0.00  0.00  0.00  0.00  0.00  0.00  0.00  0.00  0.00  0.00  0.00  0.00  0.00  0.00  0.00  0.00  0.00  0.00  0.00  0.00  0.00  0.00  0.00  0.00  0.00  0.00  0.00  0.00  0.00  0.00  0.00  0.00  0.00  0.00  0.00  0.00  0.00  0.00  0.00  0.00  0.00  0.00  0.00  0.00  0.00  0.00  0.00  0.00  0.00  0.00  0.00  0.00  0.00  0.00  0.00  0.00  0.00  0.00  0.00

 density range (Hz): 0.000000 1.464800