Array Size: 64  64
  1.80  0.94  0.42  0.48  0.36  0.34  0.28  0.58  0.32  0.82  0.92  1.00  1.02  1.12  2.14  0.70  1.30  0.76  1.70  1.12  1.64  1.30  2.00  1.38  0.80  0.40  0.46  0.22  0.14  0.98  0.58  1.32  0.38  0.68  0.12  0.22  0.54  0.38  1.44  0.44  0.48  0.70  2.98  0.74  0.00  0.00  0.00  0.00  0.00  0.00  0.00  0.00  0.00  0.00  0.00  0.00  0.00  0.00  0.00  0.00  0.00  0.00  0.00  0.00
  0.44  0.28  0.36  0.10  0.42  0.44  0.20  0.22  0.32  0.42  0.16  0.24  0.02  0.32  0.48  0.76  0.46  0.48  0.52  0.64  0.68  1.02  0.44  0.72  0.28  0.24  0.14  0.46  0.60  0.46  0.52  0.66  0.48  0.28  0.04  0.30  0.32  0.36  0.50  0.30  0.54  0.62  0.22  0.26  0.04  0.00  0.00  0.00  0.00  0.00  0.00  0.00  0.00  0.00  0.00  0.00  0.00  0.00  0.00  0.00  0.00  0.00  0.00  0.00
  0.40  0.32  0.02  0.52  0.20  0.16  0.20  0.22  0.22  0.28  0.14  0.30  0.62  0.38  0.32  0.86  0.28  0.18  0.40  0.36  0.56  0.76  0.92  0.30  0.52  1.02  0.80  0.84  1.22  0.74  0.38  0.36  0.24  0.56  0.74  0.66  0.46  0.22  0.58  0.24  0.30  0.18  0.40  0.14  0.18  0.00  0.00  0.00  0.00  0.00  0.00  0.00  0.00  0.00  0.00  0.00  0.00  0.00  0.00  0.00  0.00  0.00  0.00  0.00
  0.80  0.48  0.32  0.20  0.30  0.44  0.22  0.20  0.22  0.32  0.48  0.54  0.46  0.52  0.22  0.66  0.68  0.68  0.46  0.90  0.14  0.62  0.88  0.64  0.54  0.66  0.54  0.52  1.06  0.94  0.62  0.66  0.76  0.48  0.78  0.40  0.40  0.28  0.32  0.16  0.32  0.14  0.32  0.22  0.14  0.00  0.00  0.00  0.00  0.00  0.00  0.00  0.00  0.00  0.00  0.00  0.00  0.00  0.00  0.00  0.00  0.00  0.00  0.00
  1.48  0.50  0.14  0.26  0.28  0.38  0.20  0.16  0.28  0.18  0.60  0.42  0.38  0.46  0.78  0.30  0.20  0.18  0.62  1.04  0.74  0.86  0.90  0.76  1.02  0.40  0.42  0.50  0.78  1.26  0.48  0.32  0.58  0.42  0.60  0.70  0.84  0.42  0.06  0.28  0.16  0.20  0.28  0.24  0.14  0.00  0.00  0.00  0.00  0.00  0.00  0.00  0.00  0.00  0.00  0.00  0.00  0.00  0.00  0.00  0.00  0.00  0.00  0.00
  0.44  0.28  0.12  0.20  0.34  0.12  0.14  0.16  0.22  0.50  0.32  0.52  0.46  0.78  0.34  0.08  0.20  0.10  0.32  0.54  0.54  0.38  0.34  0.50  0.32  0.34  0.42  0.26  0.64  0.22  0.36  0.44  0.48  0.38  0.20  0.48  0.38  0.64  0.52  0.20  0.28  0.28  0.46  0.66  1.94  0.00  0.00  0.00  0.00  0.00  0.00  0.00  0.00  0.00  0.00  0.00  0.00  0.00  0.00  0.00  0.00  0.00  0.00  0.00
  0.64  0.12  0.38  0.18  0.18  0.06  0.06  0.20  0.44  0.58  0.72  0.98  0.28  0.08  0.22  0.30  0.50  0.06  0.36  0.26  0.58  0.38  0.20  0.24  0.28  0.54  0.16  0.34  0.40  0.14  0.30  0.62  0.38  0.04  0.32  0.34  0.22  0.12  0.22  0.08  0.20  0.10  0.38  0.82  0.20  0.00  0.00  0.00  0.00  0.00  0.00  0.00  0.00  0.00  0.00  0.00  0.00  0.00  0.00  0.00  0.00  0.00  0.00  0.00
  0.18  0.22  0.04  0.18  0.26  0.12  0.00  0.24  0.48  0.44  0.40  0.18  0.52  0.20  0.18  0.46  0.48  0.44  0.20  0.10  0.54  0.22  0.32  0.14  0.32  0.42  0.24  0.32  0.54  0.64  0.20  1.56  0.04  0.22  0.58  0.44  0.20  0.36  0.14  0.10  0.14  0.06  0.54  1.10  0.26  0.00  0.00  0.00  0.00  0.00  0.00  0.00  0.00  0.00  0.00  0.00  0.00  0.00  0.00  0.00  0.00  0.00  0.00  0.00
  0.20  0.20  0.10  0.00  0.56  0.16  0.16  0.32  0.44  0.36  0.24  0.30  0.54  0.38  0.32  0.36  0.48  0.44  0.18  0.30  0.48  0.42  0.44  0.32  1.32  0.94  0.30  0.26  0.28  0.58  1.12  0.54  0.18  0.30  0.26  0.28  0.06  0.34  0.34  0.02  0.00  0.18  0.32  0.46  0.18  0.00  0.00  0.00  0.00  0.00  0.00  0.00  0.00  0.00  0.00  0.00  0.00  0.00  0.00  0.00  0.00  0.00  0.00  0.00
  0.14  0.18  0.10  0.10  0.08  0.12  0.26  0.48  0.52  0.64  0.40  0.44  0.48  0.56  0.50  0.20  0.20  0.34  0.36  0.30  0.78  0.40  0.50  0.28  0.16  0.42  0.50  0.28  0.30  0.48  0.54  0.10  0.32  0.34  0.00  0.24  0.26  0.36  0.48  1.40  0.00  0.16  0.32  0.38  0.32  0.00  0.00  0.00  0.00  0.00  0.00  0.00  0.00  0.00  0.00  0.00  0.00  0.00  0.00  0.00  0.00  0.00  0.00  0.00
  0.12  0.16  0.14  0.08  0.16  0.14  0.26  0.36  0.64  0.38  0.50  0.62  0.10  0.14  0.40  0.62  0.26  0.42  1.00  0.46  0.88  0.02  0.18  0.38  0.46  0.26  0.44  0.28  0.34  0.14  0.36  0.36  0.58  0.32  0.20  0.08  0.20  0.04  0.54  1.44  0.28  0.14  0.38  0.48  0.14  0.00  0.00  0.00  0.00  0.00  0.00  0.00  0.00  0.00  0.00  0.00  0.00  0.00  0.00  0.00  0.00  0.00  0.00  0.00
  0.20  0.48  0.02  0.16  0.32  0.12  0.04  0.26  0.48  0.22  0.30  0.44  0.14  0.30  0.46  1.02  0.28  0.24  0.48  0.56  0.76  0.38  0.44  0.20  0.78  0.66  0.76  0.04  0.54  0.54  1.24  1.34  0.56  0.30  0.44  0.26  0.04  0.04  0.30  0.40  0.36  0.50  0.40  0.24  1.32  0.00  0.00  0.00  0.00  0.00  0.00  0.00  0.00  0.00  0.00  0.00  0.00  0.00  0.00  0.00  0.00  0.00  0.00  0.00
  0.34  0.30  0.00  0.14  0.22  0.38  0.04  0.26  0.52  0.98  0.58  0.76  0.36  0.50  0.52  0.20  0.38  0.60  0.48  0.94  0.62  0.76  0.54  0.42  0.76  0.60  0.44  0.28  0.18  0.76  2.24  1.10  0.48  0.24  0.20  0.36  0.14  0.20  0.26  0.26  0.42  1.12  0.82  0.44  0.16  0.00  0.00  0.00  0.00  0.00  0.00  0.00  0.00  0.00  0.00  0.00  0.00  0.00  0.00  0.00  0.00  0.00  0.00  0.00
  0.80  0.20  0.12  0.10  0.04  0.36  0.06  0.20  0.38  0.44  1.28  0.82  0.18  0.20  0.38  0.24  0.24  0.28  0.50  0.92  0.30  0.08  0.54  1.26  0.68  0.58  0.54  0.82  0.24  0.76  1.04  0.28  0.50  0.24  0.06  0.08  0.20  0.24  0.14  0.52  0.62  0.42  1.00  0.72  0.66  0.00  0.00  0.00  0.00  0.00  0.00  0.00  0.00  0.00  0.00  0.00  0.00  0.00  0.00  0.00  0.00  0.00  0.00  0.00
  0.44  0.22  0.04  0.10  0.10  0.16  0.20  0.14  0.26  0.38  0.24  1.18  0.32  0.28  0.44  0.60  1.14  0.44  0.58  0.92  0.50  0.20  0.60  0.64  0.70  0.32  0.42  0.32  0.36  0.58  0.18  0.26  0.52  0.28  0.22  0.16  0.10  0.44  0.24  0.20  0.52  0.30  0.30  1.02  2.30  0.00  0.00  0.00  0.00  0.00  0.00  0.00  0.00  0.00  0.00  0.00  0.00  0.00  0.00  0.00  0.00  0.00  0.00  0.00
  0.40  0.20  0.10  0.04  0.14  0.20  0.60  0.38  0.32  0.40  0.12  0.20  0.44  0.44  0.50  1.02  0.96  0.80  0.38  0.70  0.48  0.68  1.00  0.42  0.16  0.22  0.34  0.58  0.52  0.50  0.48  0.38  0.50  0.32  0.18  0.22  0.18  0.04  0.22  0.20  0.42  0.44  0.32  0.54  0.48  0.00  0.00  0.00  0.00  0.00  0.00  0.00  0.00  0.00  0.00  0.00  0.00  0.00  0.00  0.00  0.00  0.00  0.00  0.00
  0.20  0.22  0.36  0.38  0.40  0.40  0.54  0.34  0.36  0.86  0.16  0.16  0.44  0.62  0.18  0.28  0.76  0.64  0.58  0.46  0.44  0.98  0.70  0.76  0.18  0.30  0.52  1.06  0.74  0.58  0.14  0.44  0.68  0.08  0.14  0.10  0.14  0.34  0.22  0.22  0.18  0.54  0.54  0.44  0.34  0.00  0.00  0.00  0.00  0.00  0.00  0.00  0.00  0.00  0.00  0.00  0.00  0.00  0.00  0.00  0.00  0.00  0.00  0.00
  0.00  0.34  0.30  0.60  0.08  0.24  0.38  0.42  0.56  0.40  0.50  0.06  0.26  0.62  0.64  0.62  0.56  0.82  0.64  0.50  0.50  0.40  0.96  0.78  0.44  0.44  0.42  0.66  0.56  0.58  0.48  1.14  0.60  0.34  0.22  0.28  0.04  0.70  0.86  0.30  0.30  0.34  0.52  0.72  0.32  0.00  0.00  0.00  0.00  0.00  0.00  0.00  0.00  0.00  0.00  0.00  0.00  0.00  0.00  0.00  0.00  0.00  0.00  0.00
  0.00  0.18  0.24  0.42  0.16  0.24  0.50  0.38  0.44  0.16  0.40  0.40  0.54  0.24  0.30  1.10  0.66  0.66  0.64  0.54  0.54  0.44  0.50  0.58  0.92  0.60  0.26  0.48  0.30  0.52  0.34  0.46  0.56  0.28  0.32  0.48  0.20  1.18  0.30  0.38  0.54  0.36  0.58  0.68  1.98  0.00  0.00  0.00  0.00  0.00  0.00  0.00  0.00  0.00  0.00  0.00  0.00  0.00  0.00  0.00  0.00  0.00  0.00  0.00
  1.36  0.14  0.12  0.24  0.24  0.30  0.28  0.40  0.54  0.18  0.40  0.84  0.74  0.66  0.50  0.22  0.34  0.42  1.02  0.96  0.30  0.34  0.84  0.70  0.72  0.92  0.46  0.30  0.26  0.46  0.12  0.54  0.36  0.20  0.40  0.38  0.44  0.50  0.60  0.46  0.76  0.22  0.34  1.02  1.20  0.00  0.00  0.00  0.00  0.00  0.00  0.00  0.00  0.00  0.00  0.00  0.00  0.00  0.00  0.00  0.00  0.00  0.00  0.00
  0.24  0.28  0.16  0.04  0.18  0.38  0.12  0.30  0.36  0.46  0.50  0.62  0.70  0.58  0.50  0.42  0.42  0.34  0.50  0.88  0.64  0.76  0.72  0.62  0.80  0.74  0.44  0.40  0.20  0.28  0.36  0.62  0.44  0.30  0.38  0.86  0.48  0.40  0.24  0.76  0.52  0.32  0.64  1.22  0.60  0.00  0.00  0.00  0.00  0.00  0.00  0.00  0.00  0.00  0.00  0.00  0.00  0.00  0.00  0.00  0.00  0.00  0.00  0.00
  0.16  0.18  0.14  0.12  0.50  0.56  0.24  0.42  0.44  0.50  0.68  0.56  0.64  0.62  1.28  0.44  0.28  0.58  0.60  0.48  0.48  0.36  0.36  0.78  0.68  1.04  0.52  0.38  0.60  1.08  0.66  0.88  0.40  0.50  0.50  0.58  0.70  0.22  0.16  0.58  0.46  0.60  0.78  1.02  0.26  0.00  0.00  0.00  0.00  0.00  0.00  0.00  0.00  0.00  0.00  0.00  0.00  0.00  0.00  0.00  0.00  0.00  0.00  0.00
  0.18  0.00  0.18  0.30  0.44  0.88  1.24  0.82  0.28  0.62  0.62  0.56  0.32  0.46  0.72  0.40  0.22  0.44  0.90  0.54  0.64  0.50  0.66  0.76  0.48  0.60  1.12  0.44  0.54  0.56  0.60  0.44  0.20  0.20  0.22  0.34  0.28  0.18  0.24  0.22  0.40  0.86  0.54  0.32  0.26  0.00  0.00  0.00  0.00  0.00  0.00  0.00  0.00  0.00  0.00  0.00  0.00  0.00  0.00  0.00  0.00  0.00  0.00  0.00
  0.16  0.24  0.46  0.16  0.16  0.52  0.42  0.98  0.36  0.20  0.50  0.68  0.64  0.08  0.38  0.48  0.88  0.80  0.74  0.90  0.76  0.86  0.92  0.52  0.78  0.50  0.78  2.90  0.76  0.82  0.80  0.06  0.08  0.40  0.22  0.64  0.18  0.54  0.58  0.44  1.32  0.64  0.14  0.38  0.46  0.00  0.00  0.00  0.00  0.00  0.00  0.00  0.00  0.00  0.00  0.00  0.00  0.00  0.00  0.00  0.00  0.00  0.00  0.00
  0.18  0.18  0.06  0.30  0.12  0.14  0.16  0.52  0.22  0.32  0.08  0.74  0.86  0.64  0.40  0.34  0.54  0.50  0.80  0.86  0.54  0.50  0.62  0.30  1.22  0.92  2.70  2.40  1.46  1.28  0.80  0.30  0.20  0.20  0.66  0.84  0.38  0.42  0.40  0.50  0.46  0.50  0.56  0.62  0.44  0.00  0.00  0.00  0.00  0.00  0.00  0.00  0.00  0.00  0.00  0.00  0.00  0.00  0.00  0.00  0.00  0.00  0.00  0.00
  0.22  0.06  0.20  0.14  0.08  0.22  0.14  0.34  0.26  0.46  0.24  0.28  1.00  0.60  0.74  0.22  0.22  0.70  0.96  1.22  0.50  0.86  0.54  0.54  0.60  1.02  1.32  0.72  0.36  1.66  1.10  1.32  1.04  1.22  0.92  0.56  0.74  0.60  0.30  0.72  0.26  0.16  0.04  0.40  0.28  0.00  0.00  0.00  0.00  0.00  0.00  0.00  0.00  0.00  0.00  0.00  0.00  0.00  0.00  0.00  0.00  0.00  0.00  0.00
  0.28  0.00  0.06  0.16  0.14  0.18  0.02  0.32  0.30  0.56  0.64  0.76  0.48  0.72  0.28  0.42  0.36  0.86  0.76  0.68  1.46  0.54  0.92  0.78  0.42  0.60  0.88  0.52  0.74  2.64  1.48  0.90  1.00  0.42  0.42  0.30  0.22  0.02  0.48  0.26  0.42  0.06  0.16  0.32  0.32  0.00  0.00  0.00  0.00  0.00  0.00  0.00  0.00  0.00  0.00  0.00  0.00  0.00  0.00  0.00  0.00  0.00  0.00  0.00
  0.40  0.22  0.16  0.22  0.50  0.26  0.16  0.38  0.26  0.56  0.86  0.36  0.44  0.12  0.38  0.32  0.12  0.48  0.82  1.08  0.62  0.96  0.82  1.22  0.32  0.44  1.00  0.60  0.32  0.68  0.94  0.80  0.70  0.44  0.76  0.74  0.68  0.20  0.06  0.08  1.36  0.02  0.26  0.38  0.44  0.00  0.00  0.00  0.00  0.00  0.00  0.00  0.00  0.00  0.00  0.00  0.00  0.00  0.00  0.00  0.00  0.00  0.00  0.00
  0.06  0.00  0.12  0.02  0.36  0.30  0.12  0.36  0.32  0.28  0.42  0.38  0.66  0.34  1.36  1.16  0.40  0.96  1.04  0.68  0.66  0.36  0.52  0.68  0.38  0.28  0.54  0.42  0.36  0.80  0.42  0.50  0.66  1.02  0.72  0.58  0.44  0.32  0.20  0.98  0.44  0.44  0.48  0.44  0.24  0.00  0.00  0.00  0.00  0.00  0.00  0.00  0.00  0.00  0.00  0.00  0.00  0.00  0.00  0.00  0.00  0.00  0.00  0.00
  0.04  0.00  0.02  0.20  0.22  0.42  0.24  0.20  0.32  0.30  0.16  0.28  0.52  0.42  0.70  0.48  0.20  0.40  0.44  0.36  0.72  0.26  0.62  1.00  1.16  0.96  0.48  1.04  1.22  0.72  0.32  0.18  0.22  0.68  0.46  0.60  0.26  0.12  0.24  0.44  0.60  0.54  0.20  0.20  2.04  0.00  0.00  0.00  0.00  0.00  0.00  0.00  0.00  0.00  0.00  0.00  0.00  0.00  0.00  0.00  0.00  0.00  0.00  0.00
  0.04  0.00  0.04  0.26  0.20  0.22  0.18  0.42  0.48  0.46  0.20  0.26  0.18  0.26  0.74  0.74  0.32  0.64  1.10  0.66  0.38  0.72  0.34  1.18  0.28  0.60  0.88  0.36  0.68  1.10  0.24  0.14  0.44  0.34  0.24  0.32  0.80  0.58  0.46  0.38  0.24  0.60  0.42  0.54  0.42  0.00  0.00  0.00  0.00  0.00  0.00  0.00  0.00  0.00  0.00  0.00  0.00  0.00  0.00  0.00  0.00  0.00  0.00  0.00
  0.06  0.06  0.08  0.18  0.34  0.12  0.20  0.22  0.66  0.20  0.54  0.76  0.42  0.30  0.58  0.50  0.62  0.62  1.16  0.26  0.30  0.70  0.92  0.82  1.00  1.10  0.54  0.42  0.68  0.38  0.52  0.46  0.52  0.80  0.50  0.86  0.52  0.46  0.30  0.16  0.20  1.12  0.26  0.28  2.42  0.00  0.00  0.00  0.00  0.00  0.00  0.00  0.00  0.00  0.00  0.00  0.00  0.00  0.00  0.00  0.00  0.00  0.00  0.00
  0.04  0.22  0.28  0.42  0.28  0.10  0.38  0.80  0.26  0.30  0.64  0.12  0.46  0.66  0.36  0.34  0.38  0.34  0.26  0.84  0.28  0.52  0.24  0.42  0.42  0.92  0.58  0.32  0.66  0.48  0.66  0.18  0.84  0.48  0.22  0.42  0.32  0.98  1.90  0.50  0.62  0.28  0.42  0.36  0.04  0.00  0.00  0.00  0.00  0.00  0.00  0.00  0.00  0.00  0.00  0.00  0.00  0.00  0.00  0.00  0.00  0.00  0.00  0.00
  0.04  0.10  0.60  0.28  0.46  0.22  0.40  0.16  0.68  0.00  0.32  0.14  0.40  0.28  0.44  0.80  0.44  0.56  0.22  0.16  0.38  0.54  0.32  0.34  0.22  0.18  0.28  0.46  0.74  0.36  0.32  0.44  0.42  0.68  0.10  0.52  1.02  0.66  0.54  0.58  0.60  0.80  0.46  0.24  0.06  0.00  0.00  0.00  0.00  0.00  0.00  0.00  0.00  0.00  0.00  0.00  0.00  0.00  0.00  0.00  0.00  0.00  0.00  0.00
  0.14  0.18  0.34  0.22  0.40  0.10  0.26  0.30  0.40  0.70  0.50  0.52  0.16  0.12  0.36  2.26  0.72  1.18  1.54  0.98  0.44  0.42  0.60  0.34  0.50  0.24  0.54  1.06  0.52  0.40  0.40  0.42  0.64  0.58  0.50  0.26  1.94  0.56  0.40  0.02  0.38  1.18  0.08  0.36  0.08  0.00  0.00  0.00  0.00  0.00  0.00  0.00  0.00  0.00  0.00  0.00  0.00  0.00  0.00  0.00  0.00  0.00  0.00  0.00
  0.06  0.38  0.74  0.22  0.16  0.32  0.60  0.38  0.44  0.40  0.24  0.40  0.12  0.28  0.28  0.20  0.20  0.42  0.90  0.70  0.42  0.66  0.42  0.54  0.76  0.38  0.22  0.26  0.18  0.42  0.48  0.58  1.10  0.42  1.06  0.68  0.62  0.34  0.88  0.54  0.44  0.38  0.00  0.40  0.10  0.00  0.00  0.00  0.00  0.00  0.00  0.00  0.00  0.00  0.00  0.00  0.00  0.00  0.00  0.00  0.00  0.00  0.00  0.00
  0.06  0.22  0.06  0.16  0.30  0.40  0.24  0.44  0.26  0.28  0.18  0.14  0.26  0.48  0.20  0.16  0.24  0.38  1.52  2.18  0.32  0.32  0.18  0.44  0.58  0.88  0.52  0.52  0.18  0.34  0.52  0.54  0.36  0.22  0.66  0.54  0.44  0.36  0.68  0.36  0.06  0.56  0.14  0.26  0.36  0.00  0.00  0.00  0.00  0.00  0.00  0.00  0.00  0.00  0.00  0.00  0.00  0.00  0.00  0.00  0.00  0.00  0.00  0.00
  0.10  0.42  0.12  0.32  0.14  0.10  0.32  0.70  0.12  0.16  0.10  0.10  0.22  0.14  0.34  0.10  0.30  0.52  0.44  0.66  0.02  0.24  0.42  0.24  0.54  1.04  0.76  0.54  0.44  0.28  0.62  0.58  0.72  0.28  0.76  0.42  0.34  0.20  0.62  0.32  0.06  0.18  0.44  0.64  0.46  0.00  0.00  0.00  0.00  0.00  0.00  0.00  0.00  0.00  0.00  0.00  0.00  0.00  0.00  0.00  0.00  0.00  0.00  0.00
  0.10  0.20  0.16  0.24  0.10  0.06  0.44  0.38  0.10  0.18  0.10  0.08  0.08  0.28  0.62  0.44  0.36  0.82  0.38  0.20  0.08  0.22  0.24  0.20  0.32  0.92  0.20  0.32  0.32  0.46  0.68  0.24  0.12  0.18  0.82  0.40  0.54  0.74  0.46  0.42  0.22  0.48  1.14  0.34  0.14  0.00  0.00  0.00  0.00  0.00  0.00  0.00  0.00  0.00  0.00  0.00  0.00  0.00  0.00  0.00  0.00  0.00  0.00  0.00
  0.10  0.14  0.20  0.26  0.28  0.02  0.22  0.16  0.20  0.10  0.34  0.14  0.18  0.50  0.76  0.44  0.40  0.06  0.10  0.20  0.12  0.12  0.26  0.28  0.44  0.84  0.14  0.14  0.26  0.22  0.74  0.72  0.10  0.20  0.50  0.20  0.42  0.56  0.34  0.38  0.24  0.36  0.24  0.28  0.50  0.00  0.00  0.00  0.00  0.00  0.00  0.00  0.00  0.00  0.00  0.00  0.00  0.00  0.00  0.00  0.00  0.00  0.00  0.00
  0.12  0.42  0.26  0.20  0.34  0.34  0.36  0.36  0.10  0.06  0.40  0.30  0.24  0.72  0.66  0.48  0.44  0.20  0.18  0.24  0.12  0.50  0.60  0.68  0.42  0.68  0.54  0.34  0.52  0.42  0.52  0.74  0.50  0.38  0.60  0.42  0.18  0.38  0.84  0.50  0.70  0.24  0.44  0.34  1.80  0.00  0.00  0.00  0.00  0.00  0.00  0.00  0.00  0.00  0.00  0.00  0.00  0.00  0.00  0.00  0.00  0.00  0.00  0.00
  0.00  0.26  0.20  0.26  0.46  0.28  0.40  0.06  0.20  0.30  0.14  0.10  0.30  0.44  0.20  0.12  0.34  0.62  0.68  0.42  0.74  0.66  0.42  0.60  0.32  0.14  0.46  0.60  0.44  0.54  0.54  0.90  0.76  0.30  0.48  1.24  1.62  0.66  0.60  0.38  0.58  0.98  1.24  0.42  0.62  0.00  0.00  0.00  0.00  0.00  0.00  0.00  0.00  0.00  0.00  0.00  0.00  0.00  0.00  0.00  0.00  0.00  0.00  0.00
  0.00  0.32  0.36  0.20  0.68  0.60  0.54  0.26  0.18  0.06  0.22  0.34  0.44  0.14  0.26  0.24  0.36  2.54  0.96  0.78  0.68  0.44  0.42  0.82  0.24  0.50  0.38  0.54  0.70  0.90  0.64  1.18  1.06  0.80  0.68  0.60  0.56  0.92  0.86  0.70  0.36  0.52  0.30  0.52  2.28  0.00  0.00  0.00  0.00  0.00  0.00  0.00  0.00  0.00  0.00  0.00  0.00  0.00  0.00  0.00  0.00  0.00  0.00  0.00
  0.00  0.38  2.58  0.86  0.66  0.80  0.98  0.62  0.42  0.24  0.20  0.36  1.32  0.60  1.46  0.88  0.58  0.70  2.78  1.08  0.44  0.36  0.54  0.72  1.24  1.54  1.70  0.88  0.62  2.90  1.30  3.70  9.06  3.22  1.02  4.94  1.56  3.90  1.16  0.36  1.16  0.60  1.34  0.36  0.54  0.00  0.00  0.00  0.00  0.00  0.00  0.00  0.00  0.00  0.00  0.00  0.00  0.00  0.00  0.00  0.00  0.00  0.00  0.00
  0.00  0.00  0.00  0.00  0.00  0.00  0.00  0.00  0.00  0.00  0.00  0.00  0.00  0.00  0.00  0.00  0.00  0.62  0.06  0.00  0.00  0.00  0.00  0.00  0.00  0.00  0.00  0.00  0.00  0.00  0.00  0.00  0.00  0.00  0.00  0.00  0.00  0.00  0.00  0.00  0.00  0.00  0.00  0.00  0.00  0.00  0.00  0.00  0.00  0.00  0.00  0.00  0.00  0.00  0.00  0.00  0.00  0.00  0.00  0.00  0.00  0.00  0.00  0.00
  0.00  0.00  0.00  0.00  0.00  0.00  0.00  0.00  0.00  0.00  0.00  0.00  0.00  0.00  0.00  0.00  0.00  0.00  0.00  0.00  0.00  0.00  0.00  0.00  0.00  0.00  0.00  0.00  0.00  0.00  0.00  0.00  0.00  0.00  0.00  0.00  0.00  0.00  0.00  0.00  0.00  0.00  0.00  0.00  0.00  0.00  0.00  0.00  0.00  0.00  0.00  0.00  0.00  0.00  0.00  0.00  0.00  0.00  0.00  0.00  0.00  0.00  0.00  0.00
  0.00  0.00  0.00  0.00  0.00  0.00  0.00  0.00  0.00  0.00  0.00  0.00  0.00  0.00  0.00  0.00  0.00  0.00  0.00  0.00  0.00  0.00  0.00  0.00  0.00  0.00  0.00  0.00  0.00  0.00  0.00  0.00  0.00  0.00  0.00  0.00  0.00  0.00  0.00  0.00  0.00  0.00  0.00  0.00  0.00  0.00  0.00  0.00  0.00  0.00  0.00  0.00  0.00  0.00  0.00  0.00  0.00  0.00  0.00  0.00  0.00  0.00  0.00  0.00
  0.00  0.00  0.00  0.00  0.00  0.00  0.00  0.00  0.00  0.00  0.00  0.00  0.00  0.00  0.00  0.00  0.00  0.00  0.00  0.00  0.00  0.00  0.00  0.00  0.00  0.00  0.00  0.00  0.00  0.00  0.00  0.00  0.00  0.00  0.00  0.00  0.00  0.00  0.00  0.00  0.00  0.00  0.00  0.00  0.00  0.00  0.00  0.00  0.00  0.00  0.00  0.00  0.00  0.00  0.00  0.00  0.00  0.00  0.00  0.00  0.00  0.00  0.00  0.00
  0.00  0.00  0.00  0.00  0.00  0.00  0.00  0.00  0.00  0.00  0.00  0.00  0.00  0.00  0.00  0.00  0.00  0.00  0.00  0.00  0.00  0.00  0.00  0.00  0.00  0.00  0.00  0.00  0.00  0.00  0.00  0.00  0.00  0.00  0.00  0.00  0.00  0.00  0.00  0.00  0.00  0.00  0.00  0.00  0.00  0.00  0.00  0.00  0.00  0.00  0.00  0.00  0.00  0.00  0.00  0.00  0.00  0.00  0.00  0.00  0.00  0.00  0.00  0.00
  0.00  0.00  0.00  0.00  0.00  0.00  0.00  0.00  0.00  0.00  0.00  0.00  0.00  0.00  0.00  0.00  0.00  0.00  0.00  0.00  0.00  0.00  0.00  0.00  0.00  0.00  0.00  0.00  0.00  0.00  0.00  0.00  0.00  0.00  0.00  0.00  0.00  0.00  0.00  0.00  0.00  0.00  0.00  0.00  0.00  0.00  0.00  0.00  0.00  0.00  0.00  0.00  0.00  0.00  0.00  0.00  0.00  0.00  0.00  0.00  0.00  0.00  0.00  0.00
  0.00  0.00  0.00  0.00  0.00  0.00  0.00  0.00  0.00  0.00  0.00  0.00  0.00  0.00  0.00  0.00  0.00  0.00  0.00  0.00  0.00  0.00  0.00  0.00  0.00  0.00  0.00  0.00  0.00  0.00  0.00  0.00  0.00  0.00  0.00  0.00  0.00  0.00  0.00  0.00  0.00  0.00  0.00  0.00  0.00  0.00  0.00  0.00  0.00  0.00  0.00  0.00  0.00  0.00  0.00  0.00  0.00  0.00  0.00  0.00  0.00  0.00  0.00  0.00
  0.00  0.00  0.00  0.00  0.00  0.00  0.00  0.00  0.00  0.00  0.00  0.00  0.00  0.00  0.00  0.00  0.00  0.00  0.00  0.00  0.00  0.00  0.00  0.00  0.00  0.00  0.00  0.00  0.00  0.00  0.00  0.00  0.00  0.00  0.00  0.00  0.00  0.00  0.00  0.00  0.00  0.00  0.00  0.00  0.00  0.00  0.00  0.00  0.00  0.00  0.00  0.00  0.00  0.00  0.00  0.00  0.00  0.00  0.00  0.00  0.00  0.00  0.00  0.00
  0.00  0.00  0.00  0.00  0.00  0.00  0.00  0.00  0.00  0.00  0.00  0.00  0.00  0.00  0.00  0.00  0.00  0.00  0.00  0.00  0.00  0.00  0.00  0.00  0.00  0.00  0.00  0.00  0.00  0.00  0.00  0.00  0.00  0.00  0.00  0.00  0.00  0.00  0.00  0.00  0.00  0.00  0.00  0.00  0.00  0.00  0.00  0.00  0.00  0.00  0.00  0.00  0.00  0.00  0.00  0.00  0.00  0.00  0.00  0.00  0.00  0.00  0.00  0.00
  0.00  0.00  0.00  0.00  0.00  0.00  0.00  0.00  0.00  0.00  0.00  0.00  0.00  0.00  0.00  0.00  0.00  0.00  0.00  0.00  0.00  0.00  0.00  0.00  0.00  0.00  0.00  0.00  0.00  0.00  0.00  0.00  0.00  0.00  0.00  0.00  0.00  0.00  0.00  0.00  0.00  0.00  0.00  0.00  0.00  0.00  0.00  0.00  0.00  0.00  0.00  0.00  0.00  0.00  0.00  0.00  0.00  0.00  0.00  0.00  0.00  0.00  0.00  0.00
  0.00  0.00  0.00  0.00  0.00  0.00  0.00  0.00  0.00  0.00  0.00  0.00  0.00  0.00  0.00  0.00  0.00  0.00  0.00  0.00  0.00  0.00  0.00  0.00  0.00  0.00  0.00  0.00  0.00  0.00  0.00  0.00  0.00  0.00  0.00  0.00  0.00  0.00  0.00  0.00  0.00  0.00  0.00  0.00  0.00  0.00  0.00  0.00  0.00  0.00  0.00  0.00  0.00  0.00  0.00  0.00  0.00  0.00  0.00  0.00  0.00  0.00  0.00  0.00
  0.00  0.00  0.00  0.00  0.00  0.00  0.00  0.00  0.00  0.00  0.00  0.00  0.00  0.00  0.00  0.00  0.00  0.00  0.00  0.00  0.00  0.00  0.00  0.00  0.00  0.00  0.00  0.00  0.00  0.00  0.00  0.00  0.00  0.00  0.00  0.00  0.00  0.00  0.00  0.00  0.00  0.00  0.00  0.00  0.00  0.00  0.00  0.00  0.00  0.00  0.00  0.00  0.00  0.00  0.00  0.00  0.00  0.00  0.00  0.00  0.00  0.00  0.00  0.00
  0.00  0.00  0.00  0.00  0.00  0.00  0.00  0.00  0.00  0.00  0.00  0.00  0.00  0.00  0.00  0.00  0.00  0.00  0.00  0.00  0.00  0.00  0.00  0.00  0.00  0.00  0.00  0.00  0.00  0.00  0.00  0.00  0.00  0.00  0.00  0.00  0.00  0.00  0.00  0.00  0.00  0.00  0.00  0.00  0.00  0.00  0.00  0.00  0.00  0.00  0.00  0.00  0.00  0.00  0.00  0.00  0.00  0.00  0.00  0.00  0.00  0.00  0.00  0.00
  0.00  0.00  0.00  0.00  0.00  0.00  0.00  0.00  0.00  0.00  0.00  0.00  0.00  0.00  0.00  0.00  0.00  0.00  0.00  0.00  0.00  0.00  0.00  0.00  0.00  0.00  0.00  0.00  0.00  0.00  0.00  0.00  0.00  0.00  0.00  0.00  0.00  0.00  0.00  0.00  0.00  0.00  0.00  0.00  0.00  0.00  0.00  0.00  0.00  0.00  0.00  0.00  0.00  0.00  0.00  0.00  0.00  0.00  0.00  0.00  0.00  0.00  0.00  0.00
  0.00  0.00  0.00  0.00  0.00  0.00  0.00  0.00  0.00  0.00  0.00  0.00  0.00  0.00  0.00  0.00  0.00  0.00  0.00  0.00  0.00  0.00  0.00  0.00  0.00  0.00  0.00  0.00  0.00  0.00  0.00  0.00  0.00  0.00  0.00  0.00  0.00  0.00  0.00  0.00  0.00  0.00  0.00  0.00  0.00  0.00  0.00  0.00  0.00  0.00  0.00  0.00  0.00  0.00  0.00  0.00  0.00  0.00  0.00  0.00  0.00  0.00  0.00  0.00
  0.00  0.00  0.00  0.00  0.00  0.00  0.00  0.00  0.00  0.00  0.00  0.00  0.00  0.00  0.00  0.00  0.00  0.00  0.00  0.00  0.00  0.00  0.00  0.00  0.00  0.00  0.00  0.00  0.00  0.00  0.00  0.00  0.00  0.00  0.00  0.00  0.00  0.00  0.00  0.00  0.00  0.00  0.00  0.00  0.00  0.00  0.00  0.00  0.00  0.00  0.00  0.00  0.00  0.00  0.00  0.00  0.00  0.00  0.00  0.00  0.00  0.00  0.00  0.00
  0.00  0.00  0.00  0.00  0.00  0.00  0.00  0.00  0.00  0.00  0.00  0.00  0.00  0.00  0.00  0.00  0.00  0.00  0.00  0.00  0.00  0.00  0.00  0.00  0.00  0.00  0.00  0.00  0.00  0.00  0.00  0.00  0.00  0.00  0.00  0.00  0.00  0.00  0.00  0.00  0.00  0.00  0.00  0.00  0.00  0.00  0.00  0.00  0.00  0.00  0.00  0.00  0.00  0.00  0.00  0.00  0.00  0.00  0.00  0.00  0.00  0.00  0.00  0.00
  0.00  0.00  0.00  0.00  0.00  0.00  0.00  0.00  0.00  0.00  0.00  0.00  0.00  0.00  0.00  0.00  0.00  0.00  0.00  0.00  0.00  0.00  0.00  0.00  0.00  0.00  0.00  0.00  0.00  0.00  0.00  0.00  0.00  0.00  0.00  0.00  0.00  0.00  0.00  0.00  0.00  0.00  0.00  0.00  0.00  0.00  0.00  0.00  0.00  0.00  0.00  0.00  0.00  0.00  0.00  0.00  0.00  0.00  0.00  0.00  0.00  0.00  0.00  0.00
  0.00  0.00  0.00  0.00  0.00  0.00  0.00  0.00  0.00  0.00  0.00  0.00  0.00  0.00  0.00  0.00  0.00  0.00  0.00  0.00  0.00  0.00  0.00  0.00  0.00  0.00  0.00  0.00  0.00  0.00  0.00  0.00  0.00  0.00  0.00  0.00  0.00  0.00  0.00  0.00  0.00  0.00  0.00  0.00  0.00  0.00  0.00  0.00  0.00  0.00  0.00  0.00  0.00  0.00  0.00  0.00  0.00  0.00  0.00  0.00  0.00  0.00  0.00  0.00
  0.00  0.00  0.00  0.00  0.00  0.00  0.00  0.00  0.00  0.00  0.00  0.00  0.00  0.00  0.00  0.00  0.00  0.00  0.00  0.00  0.00  0.00  0.00  0.00  0.00  0.00  0.00  0.00  0.00  0.00  0.00  0.00  0.00  0.00  0.00  0.00  0.00  0.00  0.00  0.00  0.00  0.00  0.00  0.00  0.00  0.00  0.00  0.00  0.00  0.00  0.00  0.00  0.00  0.00  0.00  0.00  0.00  0.00  0.00  0.00  0.00  0.00  0.00  0.00

 density range (Hz): 0.000000 9.060000