Array Size: 64  64
  0.00  0.00  0.00  0.17  0.15  0.00  0.00  0.00  0.00  0.00  0.00  0.00  0.09  0.08  0.10  0.10  0.08  0.00  0.21  0.17  0.16  0.16  0.18  0.00  0.00  0.00  0.00  0.18  0.23  0.23  0.30  0.37  0.37  0.38  0.41  0.43  0.53  0.00  0.00  0.00  0.00  0.00  0.00  0.00  0.00  0.00  0.00  0.00  0.00  0.00  0.00  0.00  0.00  0.00  0.00  0.00  0.00  0.00  0.00  0.00  0.00  0.00  0.00  0.00
  0.00  0.45  0.30  0.15  0.13  0.00  0.00  0.00  0.00  0.00  0.00  0.00  0.08  0.07  0.08  0.08  0.07  0.00  0.18  0.15  0.14  0.15  0.15  0.00  0.00  0.00  0.00  0.13  0.16  0.15  0.23  0.38  0.38  0.38  0.41  0.47  0.35  0.00  0.00  0.00  0.00  0.00  0.00  0.00  0.00  0.00  0.00  0.00  0.00  0.00  0.00  0.00  0.00  0.00  0.00  0.00  0.00  0.00  0.00  0.00  0.00  0.00  0.00  0.00
  0.00  0.32  0.20  0.11  0.19  0.17  0.15  0.11  0.13  0.06  0.00  0.00  0.06  0.06  0.07  0.07  0.06  0.00  0.15  0.13  0.12  0.13  0.14  0.00  0.00  0.00  0.00  0.10  0.12  0.12  0.19  0.28  0.29  0.29  0.31  0.34  0.00  0.00  0.00  0.00  0.00  0.00  0.00  0.00  0.00  0.00  0.00  0.00  0.00  0.00  0.00  0.00  0.00  0.00  0.00  0.00  0.00  0.00  0.00  0.00  0.00  0.00  0.00  0.00
  0.00  0.91  0.72  0.00  0.52  0.46  0.25  0.14  0.14  0.07  0.00  0.00  0.07  0.07  0.07  0.07  0.07  0.00  0.19  0.17  0.17  0.16  0.17  0.00  0.00  0.00  0.00  0.10  0.11  0.11  0.19  0.28  0.21  0.21  0.22  0.19  0.00  0.00  0.00  0.00  0.00  0.00  0.00  0.00  0.00  0.00  0.00  0.00  0.00  0.00  0.00  0.00  0.00  0.00  0.00  0.00  0.00  0.00  0.00  0.00  0.00  0.00  0.00  0.00
  0.00  1.05  0.74  0.58  0.86  0.88  0.68  0.60  0.60  0.15  0.00  0.07  0.07  0.07  0.07  0.14  0.08  0.24  0.36  0.35  0.27  0.25  0.20  0.07  0.08  0.09  0.09  0.10  0.09  0.09  0.16  0.25  0.19  0.21  0.22  0.17  0.00  0.00  0.00  0.00  0.00  0.00  0.00  0.00  0.00  0.00  0.00  0.00  0.00  0.00  0.00  0.00  0.00  0.00  0.00  0.00  0.00  0.00  0.00  0.00  0.00  0.00  0.00  0.00
  0.00  1.03  0.74  0.60  0.96  0.92  0.74  0.70  0.68  0.20  0.00  0.07  0.14  0.14  0.14  0.22  0.34  0.40  0.39  0.39  0.28  0.20  0.14  0.36  0.43  0.44  0.39  0.32  0.08  0.00  0.00  0.04  0.04  0.04  0.06  0.09  0.00  0.00  0.00  0.00  0.00  0.00  0.00  0.00  0.00  0.00  0.00  0.00  0.00  0.00  0.00  0.00  0.00  0.00  0.00  0.00  0.00  0.00  0.00  0.00  0.00  0.00  0.00  0.00
  0.00  0.90  0.68  0.58  0.99  0.90  0.73  0.71  0.63  0.18  0.00  0.12  0.19  0.21  0.21  0.45  0.56  0.62  0.65  0.63  0.34  0.25  0.18  0.33  0.39  0.41  0.36  0.31  0.07  0.00  0.00  0.00  0.00  0.00  0.00  0.00  0.00  0.00  0.00  0.00  0.00  0.00  0.00  0.00  0.00  0.00  0.00  0.00  0.00  0.00  0.00  0.00  0.00  0.00  0.00  0.00  0.00  0.00  0.00  0.00  0.00  0.00  0.00  0.00
  0.00  0.88  0.68  0.60  1.02  0.85  0.68  0.65  0.53  0.12  0.00  0.11  0.18  0.21  0.22  0.49  0.63  0.73  0.74  0.71  0.45  0.39  0.29  0.43  0.48  0.62  0.55  0.61  0.49  0.39  0.23  0.23  0.15  0.05  0.00  0.00  0.00  0.00  0.00  0.00  0.00  0.00  0.00  0.00  0.00  0.00  0.00  0.00  0.00  0.00  0.00  0.00  0.00  0.00  0.00  0.00  0.00  0.00  0.00  0.00  0.00  0.00  0.00  0.00
  0.00  0.54  0.58  0.51  1.03  0.81  0.74  0.61  0.51  0.17  0.06  0.18  0.25  0.34  0.30  0.74  0.85  0.94  0.99  0.96  0.52  0.58  0.45  0.56  0.61  0.75  0.57  0.67  0.48  0.38  0.22  0.23  0.15  0.10  0.08  0.08  0.09  0.13  0.00  0.00  0.00  0.00  0.00  0.00  0.00  0.00  0.00  0.00  0.00  0.00  0.00  0.00  0.00  0.00  0.00  0.00  0.00  0.00  0.00  0.00  0.00  0.00  0.00  0.00
  0.00  0.30  0.45  0.47  0.69  0.48  0.43  0.27  0.23  0.17  0.11  0.17  0.29  0.33  0.38  0.80  0.98  1.04  1.29  1.28  0.78  0.83  0.61  0.58  0.53  0.71  0.52  0.68  0.52  0.40  0.25  0.25  0.16  0.10  0.08  0.07  0.09  0.10  0.00  0.00  0.00  0.00  0.00  0.00  0.00  0.00  0.00  0.00  0.00  0.00  0.00  0.00  0.00  0.00  0.00  0.00  0.00  0.00  0.00  0.00  0.00  0.00  0.00  0.00
  0.00  0.16  0.36  0.39  0.48  0.31  0.35  0.19  0.21  0.21  0.18  0.23  0.28  0.32  0.45  0.89  0.83  0.94  1.07  1.02  0.66  0.75  0.57  0.41  0.37  0.55  0.38  0.54  0.52  0.49  0.35  0.36  0.24  0.18  0.22  0.14  0.17  0.20  0.00  0.00  0.00  0.00  0.00  0.00  0.00  0.00  0.00  0.00  0.00  0.00  0.00  0.00  0.00  0.00  0.00  0.00  0.00  0.00  0.00  0.00  0.00  0.00  0.00  0.00
  0.00  0.00  0.31  0.45  0.53  0.39  0.36  0.31  0.29  0.25  0.23  0.25  0.23  0.24  0.37  0.69  0.79  0.96  1.07  1.09  0.87  0.90  0.72  0.60  0.46  0.66  0.47  0.54  0.53  0.54  0.41  0.42  0.31  0.27  0.22  0.17  0.20  0.25  0.00  0.00  0.00  0.00  0.00  0.00  0.00  0.00  0.00  0.00  0.00  0.00  0.00  0.00  0.00  0.00  0.00  0.00  0.00  0.00  0.00  0.00  0.00  0.00  0.00  0.00
  0.00  0.00  0.31  0.44  0.48  0.36  0.32  0.28  0.26  0.24  0.22  0.25  0.24  0.24  0.35  0.63  0.72  0.89  0.97  1.03  0.81  0.82  0.68  0.57  0.40  0.40  0.31  0.29  0.20  0.19  0.20  0.14  0.09  0.21  0.00  0.19  0.22  0.24  0.00  0.00  0.00  0.00  0.00  0.00  0.00  0.00  0.00  0.00  0.00  0.00  0.00  0.00  0.00  0.00  0.00  0.00  0.00  0.00  0.00  0.00  0.00  0.00  0.00  0.00
  0.00  0.00  0.00  0.22  0.31  0.25  0.25  0.29  0.28  0.22  0.20  0.22  0.20  0.16  0.32  0.47  0.64  0.82  0.87  0.96  0.82  0.68  0.56  0.46  0.27  0.23  0.29  0.26  0.25  0.18  0.21  0.15  0.09  0.10  0.11  0.09  0.10  0.11  0.00  0.00  0.00  0.00  0.00  0.00  0.00  0.00  0.00  0.00  0.00  0.00  0.00  0.00  0.00  0.00  0.00  0.00  0.00  0.00  0.00  0.00  0.00  0.00  0.00  0.00
  0.00  0.26  0.17  0.22  0.17  0.13  0.17  0.26  0.25  0.22  0.20  0.22  0.10  0.11  0.22  0.33  0.49  0.64  0.65  0.70  0.64  0.48  0.46  0.42  0.35  0.29  0.36  0.22  0.22  0.14  0.26  0.19  0.23  0.00  0.22  0.11  0.12  0.13  0.00  0.00  0.00  0.00  0.00  0.00  0.00  0.00  0.00  0.00  0.00  0.00  0.00  0.00  0.00  0.00  0.00  0.00  0.00  0.00  0.00  0.00  0.00  0.00  0.00  0.00
  0.00  0.26  0.16  0.21  0.16  0.13  0.13  0.23  0.19  0.16  0.15  0.15  0.06  0.13  0.14  0.24  0.51  0.63  0.61  0.72  0.64  0.48  0.45  0.40  0.26  0.28  0.34  0.21  0.22  0.22  0.25  0.19  0.22  0.21  0.11  0.21  0.23  0.25  0.00  0.00  0.00  0.00  0.00  0.00  0.00  0.00  0.00  0.00  0.00  0.00  0.00  0.00  0.00  0.00  0.00  0.00  0.00  0.00  0.00  0.00  0.00  0.00  0.00  0.00
  0.00  0.28  0.17  0.10  0.00  0.00  0.06  0.12  0.18  0.19  0.18  0.13  0.12  0.14  0.15  0.17  0.32  0.34  0.30  0.38  0.37  0.28  0.28  0.23  0.19  0.18  0.30  0.25  0.26  0.21  0.30  0.17  0.19  0.18  0.19  0.30  0.35  0.40  0.00  0.00  0.00  0.00  0.00  0.00  0.00  0.00  0.00  0.00  0.00  0.00  0.00  0.00  0.00  0.00  0.00  0.00  0.00  0.00  0.00  0.00  0.00  0.00  0.00  0.00
  0.00  0.30  0.19  0.11  0.00  0.00  0.07  0.14  0.21  0.22  0.21  0.14  0.19  0.21  0.23  0.26  0.41  0.34  0.32  0.33  0.29  0.18  0.17  0.10  0.17  0.22  0.27  0.24  0.26  0.12  0.16  0.11  0.18  0.24  0.31  0.50  0.63  0.62  0.00  0.00  0.00  0.00  0.00  0.00  0.00  0.00  0.00  0.00  0.00  0.00  0.00  0.00  0.00  0.00  0.00  0.00  0.00  0.00  0.00  0.00  0.00  0.00  0.00  0.00
  0.00  0.31  0.00  0.22  0.09  0.23  0.28  0.31  0.33  0.35  0.27  0.20  0.26  0.28  0.28  0.23  0.31  0.23  0.22  0.20  0.18  0.12  0.11  0.05  0.12  0.18  0.24  0.26  0.29  0.18  0.21  0.16  0.17  0.23  0.30  0.51  0.69  0.71  0.00  0.00  0.00  0.00  0.00  0.00  0.00  0.00  0.00  0.00  0.00  0.00  0.00  0.00  0.00  0.00  0.00  0.00  0.00  0.00  0.00  0.00  0.00  0.00  0.00  0.00
  0.00  0.00  0.00  0.21  0.17  0.29  0.33  0.32  0.48  0.68  0.60  0.52  0.59  0.56  0.37  0.31  0.39  0.24  0.07  0.07  0.13  0.06  0.05  0.05  0.11  0.11  0.17  0.25  0.27  0.18  0.15  0.10  0.10  0.16  0.20  0.48  0.74  0.80  0.00  0.00  0.00  0.00  0.00  0.00  0.00  0.00  0.00  0.00  0.00  0.00  0.00  0.00  0.00  0.00  0.00  0.00  0.00  0.00  0.00  0.00  0.00  0.00  0.00  0.00
  0.00  0.00  0.25  0.24  0.20  0.41  0.43  0.46  0.69  0.93  0.84  0.80  0.76  0.56  0.25  0.16  0.16  0.08  0.00  0.00  0.06  0.06  0.05  0.05  0.10  0.05  0.16  0.25  0.34  0.23  0.25  0.14  0.15  0.16  0.19  0.31  0.51  0.50  0.00  0.00  0.00  0.00  0.00  0.00  0.00  0.00  0.00  0.00  0.00  0.00  0.00  0.00  0.00  0.00  0.00  0.00  0.00  0.00  0.00  0.00  0.00  0.00  0.00  0.00
  0.00  0.00  0.26  0.30  0.25  0.48  0.39  0.40  0.75  0.94  0.98  1.17  1.25  0.88  0.58  0.35  0.22  0.07  0.00  0.00  0.07  0.06  0.20  0.19  0.24  0.19  0.24  0.18  0.33  0.23  0.21  0.21  0.21  0.16  0.20  0.31  0.32  0.24  0.00  0.00  0.00  0.00  0.00  0.00  0.00  0.00  0.00  0.00  0.00  0.00  0.00  0.00  0.00  0.00  0.00  0.00  0.00  0.00  0.00  0.00  0.00  0.00  0.00  0.00
  0.00  0.00  0.23  0.43  0.41  0.89  0.78  0.72  1.04  1.18  1.06  1.18  1.23  0.81  0.48  0.26  0.14  0.07  0.00  0.00  0.12  0.11  0.24  0.26  0.25  0.15  0.20  0.12  0.25  0.26  0.28  0.26  0.20  0.07  0.14  0.17  0.13  0.00  0.00  0.00  0.00  0.00  0.00  0.00  0.00  0.00  0.00  0.00  0.00  0.00  0.00  0.00  0.00  0.00  0.00  0.00  0.00  0.00  0.00  0.00  0.00  0.00  0.00  0.00
  0.00  0.00  0.17  0.49  0.51  0.92  0.75  0.90  1.27  1.37  1.25  1.41  1.30  0.79  0.42  0.37  0.24  0.17  0.10  0.11  0.11  0.20  0.32  0.34  0.33  0.22  0.19  0.05  0.17  0.19  0.21  0.21  0.28  0.14  0.21  0.26  0.26  0.20  0.00  0.00  0.00  0.00  0.00  0.00  0.00  0.00  0.00  0.00  0.00  0.00  0.00  0.00  0.00  0.00  0.00  0.00  0.00  0.00  0.00  0.00  0.00  0.00  0.00  0.00
  0.00  0.00  0.00  0.00  0.48  1.06  1.07  1.27  1.42  1.39  1.27  1.30  1.06  0.56  0.36  0.30  0.23  0.16  0.14  0.15  0.10  0.20  0.31  0.32  0.32  0.37  0.29  0.18  0.30  0.33  0.20  0.23  0.31  0.16  0.32  0.39  0.39  0.41  0.00  0.00  0.00  0.00  0.00  0.00  0.00  0.00  0.00  0.00  0.00  0.00  0.00  0.00  0.00  0.00  0.00  0.00  0.00  0.00  0.00  0.00  0.00  0.00  0.00  0.00
  0.00  0.00  0.00  0.00  0.38  0.78  0.91  1.12  1.29  1.23  1.16  1.17  0.96  0.48  0.35  0.29  0.21  0.14  0.12  0.12  0.09  0.17  0.33  0.35  0.36  0.41  0.32  0.18  0.24  0.27  0.13  0.16  0.24  0.16  0.32  0.37  0.37  0.38  0.00  0.00  0.00  0.00  0.00  0.00  0.00  0.00  0.00  0.00  0.00  0.00  0.00  0.00  0.00  0.00  0.00  0.00  0.00  0.00  0.00  0.00  0.00  0.00  0.00  0.00
  0.00  0.00  0.00  0.00  0.34  0.95  1.05  1.26  1.22  1.14  0.93  0.78  0.41  0.09  0.00  0.13  0.16  0.13  0.12  0.11  0.12  0.20  0.24  0.26  0.39  0.43  0.38  0.42  0.45  0.32  0.18  0.07  0.07  0.08  0.24  0.28  0.36  0.35  0.00  0.00  0.00  0.00  0.00  0.00  0.00  0.00  0.00  0.00  0.00  0.00  0.00  0.00  0.00  0.00  0.00  0.00  0.00  0.00  0.00  0.00  0.00  0.00  0.00  0.00
  0.00  0.00  0.13  0.25  0.27  0.54  0.77  1.06  1.08  0.95  0.81  0.69  0.31  0.07  0.00  0.13  0.21  0.17  0.15  0.18  0.15  0.24  0.28  0.31  0.44  0.51  0.42  0.49  0.52  0.32  0.25  0.14  0.15  0.16  0.28  0.21  0.29  0.20  0.00  0.00  0.00  0.00  0.00  0.00  0.00  0.00  0.00  0.00  0.00  0.00  0.00  0.00  0.00  0.00  0.00  0.00  0.00  0.00  0.00  0.00  0.00  0.00  0.00  0.00
  0.00  0.00  0.17  0.12  0.13  0.27  0.64  0.77  0.77  0.63  0.53  0.31  0.07  0.08  0.08  0.08  0.18  0.15  0.08  0.12  0.16  0.17  0.21  0.23  0.37  0.45  0.49  0.57  0.60  0.39  0.38  0.28  0.22  0.24  0.37  0.21  0.14  0.19  0.00  0.00  0.00  0.00  0.00  0.00  0.00  0.00  0.00  0.00  0.00  0.00  0.00  0.00  0.00  0.00  0.00  0.00  0.00  0.00  0.00  0.00  0.00  0.00  0.00  0.00
  0.00  0.00  0.16  0.12  0.12  0.26  0.22  0.10  0.18  0.14  0.06  0.06  0.06  0.07  0.08  0.08  0.14  0.11  0.04  0.09  0.13  0.18  0.27  0.36  0.51  0.47  0.54  0.58  0.52  0.25  0.45  0.32  0.26  0.28  0.35  0.10  0.00  0.00  0.00  0.00  0.00  0.00  0.00  0.00  0.00  0.00  0.00  0.00  0.00  0.00  0.00  0.00  0.00  0.00  0.00  0.00  0.00  0.00  0.00  0.00  0.00  0.00  0.00  0.00
  0.00  0.22  0.36  0.26  0.14  0.32  0.26  0.12  0.11  0.08  0.00  0.00  0.00  0.07  0.07  0.09  0.16  0.13  0.05  0.11  0.15  0.32  0.38  0.52  0.69  0.66  0.60  0.74  0.61  0.31  0.49  0.37  0.26  0.26  0.28  0.12  0.08  0.10  0.00  0.00  0.00  0.00  0.00  0.00  0.00  0.00  0.00  0.00  0.00  0.00  0.00  0.00  0.00  0.00  0.00  0.00  0.00  0.00  0.00  0.00  0.00  0.00  0.00  0.00
  0.00  0.64  0.67  0.48  0.12  0.13  0.11  0.00  0.00  0.00  0.00  0.00  0.00  0.07  0.08  0.09  0.19  0.17  0.07  0.12  0.12  0.28  0.35  0.51  0.54  0.57  0.42  0.43  0.27  0.22  0.42  0.35  0.29  0.33  0.34  0.18  0.16  0.19  0.00  0.00  0.00  0.00  0.00  0.00  0.00  0.00  0.00  0.00  0.00  0.00  0.00  0.00  0.00  0.00  0.00  0.00  0.00  0.00  0.00  0.00  0.00  0.00  0.00  0.00
  0.00  1.10  0.84  0.00  0.00  0.00  0.00  0.00  0.10  0.09  0.08  0.14  0.14  0.17  0.19  0.21  0.12  0.11  0.00  0.00  0.00  0.21  0.27  0.48  0.50  0.52  0.44  0.44  0.19  0.36  0.46  0.38  0.34  0.36  0.26  0.15  0.13  0.16  0.00  0.00  0.00  0.00  0.00  0.00  0.00  0.00  0.00  0.00  0.00  0.00  0.00  0.00  0.00  0.00  0.00  0.00  0.00  0.00  0.00  0.00  0.00  0.00  0.00  0.00
  1.67  1.59  1.37  0.86  0.25  0.23  0.10  0.00  0.09  0.08  0.08  0.15  0.15  0.08  0.10  0.10  0.00  0.13  0.11  0.09  0.09  0.30  0.27  0.44  0.43  0.51  0.35  0.37  0.15  0.40  0.37  0.37  0.33  0.37  0.21  0.14  0.12  0.14  0.00  0.00  0.00  0.00  0.00  0.00  0.00  0.00  0.00  0.00  0.00  0.00  0.00  0.00  0.00  0.00  0.00  0.00  0.00  0.00  0.00  0.00  0.00  0.00  0.00  0.00
  2.03  1.77  1.57  0.91  0.25  0.22  0.10  0.00  0.09  0.09  0.09  0.17  0.17  0.09  0.10  0.10  0.00  0.11  0.10  0.09  0.18  0.31  0.21  0.31  0.27  0.28  0.18  0.24  0.13  0.49  0.38  0.39  0.35  0.39  0.16  0.14  0.12  0.14  0.00  0.00  0.00  0.00  0.00  0.00  0.00  0.00  0.00  0.00  0.00  0.00  0.00  0.00  0.00  0.00  0.00  0.00  0.00  0.00  0.00  0.00  0.00  0.00  0.00  0.00
  1.36  1.27  1.22  0.78  0.25  0.22  0.10  0.00  0.08  0.08  0.08  0.15  0.25  0.18  0.19  0.18  0.10  0.10  0.19  0.18  0.27  0.23  0.14  0.13  0.16  0.16  0.18  0.18  0.13  0.41  0.30  0.35  0.45  0.59  0.22  0.18  0.14  0.09  0.00  0.00  0.00  0.00  0.00  0.00  0.00  0.00  0.00  0.00  0.00  0.00  0.00  0.00  0.00  0.00  0.00  0.00  0.00  0.00  0.00  0.00  0.00  0.00  0.00  0.00
  1.65  1.54  1.50  1.06  0.45  0.26  0.11  0.00  0.08  0.08  0.08  0.16  0.25  0.18  0.17  0.16  0.08  0.09  0.18  0.18  0.39  0.36  0.24  0.21  0.22  0.17  0.17  0.18  0.13  0.44  0.35  0.41  0.50  0.57  0.15  0.12  0.07  0.00  0.00  0.00  0.00  0.00  0.00  0.00  0.00  0.00  0.00  0.00  0.00  0.00  0.00  0.00  0.00  0.00  0.00  0.00  0.00  0.00  0.00  0.00  0.00  0.00  0.00  0.00
  1.57  1.52  1.52  1.29  0.51  0.29  0.12  0.00  0.00  0.00  0.00  0.00  0.10  0.20  0.18  0.24  0.25  0.25  0.26  0.28  0.41  0.37  0.25  0.14  0.17  0.11  0.17  0.17  0.18  0.37  0.29  0.32  0.42  0.50  0.18  0.16  0.09  0.00  0.00  0.00  0.00  0.00  0.00  0.00  0.00  0.00  0.00  0.00  0.00  0.00  0.00  0.00  0.00  0.00  0.00  0.00  0.00  0.00  0.00  0.00  0.00  0.00  0.00  0.00
  1.85  1.49  1.28  0.89  0.16  0.00  0.00  0.00  0.00  0.00  0.00  0.11  0.34  0.55  0.43  0.55  0.47  0.32  0.26  0.31  0.35  0.32  0.29  0.16  0.19  0.06  0.13  0.12  0.14  0.25  0.24  0.19  0.31  0.36  0.10  0.10  0.12  0.00  0.00  0.00  0.00  0.00  0.00  0.00  0.00  0.00  0.00  0.00  0.00  0.00  0.00  0.00  0.00  0.00  0.00  0.00  0.00  0.00  0.00  0.00  0.00  0.00  0.00  0.00
  1.92  1.60  1.39  1.09  0.33  0.00  0.00  0.00  0.00  0.00  0.00  0.12  0.61  0.82  0.65  0.76  0.71  0.37  0.30  0.36  0.27  0.23  0.21  0.09  0.15  0.08  0.15  0.22  0.23  0.26  0.27  0.22  0.26  0.31  0.13  0.11  0.13  0.00  0.00  0.00  0.00  0.00  0.00  0.00  0.00  0.00  0.00  0.00  0.00  0.00  0.00  0.00  0.00  0.00  0.00  0.00  0.00  0.00  0.00  0.00  0.00  0.00  0.00  0.00
  2.15  1.65  1.57  1.21  0.47  0.15  0.14  0.00  0.00  0.00  0.00  0.00  0.68  0.87  0.69  0.89  0.97  0.75  0.62  0.72  0.55  0.13  0.12  0.10  0.09  0.00  0.08  0.15  0.16  0.26  0.28  0.23  0.14  0.17  0.00  0.00  0.00  0.00  0.00  0.00  0.00  0.00  0.00  0.00  0.00  0.00  0.00  0.00  0.00  0.00  0.00  0.00  0.00  0.00  0.00  0.00  0.00  0.00  0.00  0.00  0.00  0.00  0.00  0.00
  1.28  0.84  0.87  0.54  0.28  0.13  0.14  0.00  0.00  0.00  0.00  0.41  1.06  1.16  0.99  1.22  1.03  0.74  0.61  0.66  0.39  0.00  0.00  0.00  0.00  0.00  0.08  0.15  0.16  0.19  0.22  0.00  0.00  0.00  0.00  0.00  0.00  0.00  0.00  0.00  0.00  0.00  0.00  0.00  0.00  0.00  0.00  0.00  0.00  0.00  0.00  0.00  0.00  0.00  0.00  0.00  0.00  0.00  0.00  0.00  0.00  0.00  0.00  0.00
  1.56  0.88  0.90  0.65  0.40  0.25  0.34  0.22  0.11  0.12  0.27  0.62  1.26  1.17  1.03  1.06  0.84  0.57  0.53  0.56  0.37  0.00  0.00  0.00  0.00  0.00  0.00  0.08  0.08  0.11  0.34  0.43  0.34  0.37  0.27  0.10  0.00  0.00  0.00  0.00  0.00  0.00  0.00  0.00  0.00  0.00  0.00  0.00  0.00  0.00  0.00  0.00  0.00  0.00  0.00  0.00  0.00  0.00  0.00  0.00  0.00  0.00  0.00  0.00
  1.30  0.78  0.83  0.74  0.43  0.32  0.57  0.51  0.49  0.48  0.63  0.91  1.05  0.79  0.81  0.70  0.00  0.44  0.44  0.42  0.33  0.00  0.00  0.00  0.10  0.10  0.10  0.20  0.19  0.22  0.39  0.48  0.34  0.36  0.22  0.13  0.00  0.00  0.00  0.00  0.00  0.00  0.00  0.00  0.00  0.00  0.00  0.00  0.00  0.00  0.00  0.00  0.00  0.00  0.00  0.00  0.00  0.00  0.00  0.00  0.00  0.00  0.00  0.00
  0.99  0.56  0.65  0.68  0.32  0.36  0.63  0.57  0.56  0.54  0.70  1.08  0.80  0.53  0.58  0.51  0.49  0.51  0.52  0.46  0.37  0.00  0.00  0.00  0.13  0.25  0.26  0.25  0.00  0.40  0.49  0.54  0.47  0.48  0.28  0.13  0.00  0.00  0.00  0.00  0.00  0.00  0.00  0.00  0.00  0.00  0.00  0.00  0.00  0.00  0.00  0.00  0.00  0.00  0.00  0.00  0.00  0.00  0.00  0.00  0.00  0.00  0.00  0.00
  1.21  0.66  0.60  0.63  0.21  0.24  0.60  0.71  0.70  0.66  0.88  1.52  1.08  0.73  0.84  0.49  0.00  0.00  0.00  0.00  0.00  0.00  0.00  0.00  0.16  0.31  0.32  0.32  0.29  0.47  0.55  0.60  0.51  0.52  0.31  0.15  0.00  0.00  0.00  0.00  0.00  0.00  0.00  0.00  0.00  0.00  0.00  0.00  0.00  0.00  0.00  0.00  0.00  0.00  0.00  0.00  0.00  0.00  0.00  0.00  0.00  0.00  0.00  0.00
  0.00  0.00  0.00  0.00  0.00  0.00  0.00  0.00  0.00  0.00  0.00  0.00  0.00  0.00  0.00  0.00  0.00  0.00  0.00  0.00  0.00  0.00  0.00  0.00  0.00  0.46  0.49  0.45  0.40  0.55  0.60  0.68  0.59  0.00  0.00  0.21  0.00  0.00  0.00  0.00  0.00  0.00  0.00  0.00  0.00  0.00  0.00  0.00  0.00  0.00  0.00  0.00  0.00  0.00  0.00  0.00  0.00  0.00  0.00  0.00  0.00  0.00  0.00  0.00
  0.00  0.00  0.00  0.00  0.00  0.00  0.00  0.00  0.00  0.00  0.00  0.00  0.00  0.00  0.00  0.00  0.00  0.00  0.00  0.00  0.00  0.00  0.00  0.00  0.00  0.00  0.00  0.00  0.00  0.00  0.00  0.00  0.00  0.00  0.00  0.00  0.00  0.00  0.00  0.00  0.00  0.00  0.00  0.00  0.00  0.00  0.00  0.00  0.00  0.00  0.00  0.00  0.00  0.00  0.00  0.00  0.00  0.00  0.00  0.00  0.00  0.00  0.00  0.00
  0.00  0.00  0.00  0.00  0.00  0.00  0.00  0.00  0.00  0.00  0.00  0.00  0.00  0.00  0.00  0.00  0.00  0.00  0.00  0.00  0.00  0.00  0.00  0.00  0.00  0.00  0.00  0.00  0.00  0.00  0.00  0.00  0.00  0.00  0.00  0.00  0.00  0.00  0.00  0.00  0.00  0.00  0.00  0.00  0.00  0.00  0.00  0.00  0.00  0.00  0.00  0.00  0.00  0.00  0.00  0.00  0.00  0.00  0.00  0.00  0.00  0.00  0.00  0.00
  0.00  0.00  0.00  0.00  0.00  0.00  0.00  0.00  0.00  0.00  0.00  0.00  0.00  0.00  0.00  0.00  0.00  0.00  0.00  0.00  0.00  0.00  0.00  0.00  0.00  0.00  0.00  0.00  0.00  0.00  0.00  0.00  0.00  0.00  0.00  0.00  0.00  0.00  0.00  0.00  0.00  0.00  0.00  0.00  0.00  0.00  0.00  0.00  0.00  0.00  0.00  0.00  0.00  0.00  0.00  0.00  0.00  0.00  0.00  0.00  0.00  0.00  0.00  0.00
  0.00  0.00  0.00  0.00  0.00  0.00  0.00  0.00  0.00  0.00  0.00  0.00  0.00  0.00  0.00  0.00  0.00  0.00  0.00  0.00  0.00  0.00  0.00  0.00  0.00  0.00  0.00  0.00  0.00  0.00  0.00  0.00  0.00  0.00  0.00  0.00  0.00  0.00  0.00  0.00  0.00  0.00  0.00  0.00  0.00  0.00  0.00  0.00  0.00  0.00  0.00  0.00  0.00  0.00  0.00  0.00  0.00  0.00  0.00  0.00  0.00  0.00  0.00  0.00
  0.00  0.00  0.00  0.00  0.00  0.00  0.00  0.00  0.00  0.00  0.00  0.00  0.00  0.00  0.00  0.00  0.00  0.00  0.00  0.00  0.00  0.00  0.00  0.00  0.00  0.00  0.00  0.00  0.00  0.00  0.00  0.00  0.00  0.00  0.00  0.00  0.00  0.00  0.00  0.00  0.00  0.00  0.00  0.00  0.00  0.00  0.00  0.00  0.00  0.00  0.00  0.00  0.00  0.00  0.00  0.00  0.00  0.00  0.00  0.00  0.00  0.00  0.00  0.00
  0.00  0.00  0.00  0.00  0.00  0.00  0.00  0.00  0.00  0.00  0.00  0.00  0.00  0.00  0.00  0.00  0.00  0.00  0.00  0.00  0.00  0.00  0.00  0.00  0.00  0.00  0.00  0.00  0.00  0.00  0.00  0.00  0.00  0.00  0.00  0.00  0.00  0.00  0.00  0.00  0.00  0.00  0.00  0.00  0.00  0.00  0.00  0.00  0.00  0.00  0.00  0.00  0.00  0.00  0.00  0.00  0.00  0.00  0.00  0.00  0.00  0.00  0.00  0.00
  0.00  0.00  0.00  0.00  0.00  0.00  0.00  0.00  0.00  0.00  0.00  0.00  0.00  0.00  0.00  0.00  0.00  0.00  0.00  0.00  0.00  0.00  0.00  0.00  0.00  0.00  0.00  0.00  0.00  0.00  0.00  0.00  0.00  0.00  0.00  0.00  0.00  0.00  0.00  0.00  0.00  0.00  0.00  0.00  0.00  0.00  0.00  0.00  0.00  0.00  0.00  0.00  0.00  0.00  0.00  0.00  0.00  0.00  0.00  0.00  0.00  0.00  0.00  0.00
  0.00  0.00  0.00  0.00  0.00  0.00  0.00  0.00  0.00  0.00  0.00  0.00  0.00  0.00  0.00  0.00  0.00  0.00  0.00  0.00  0.00  0.00  0.00  0.00  0.00  0.00  0.00  0.00  0.00  0.00  0.00  0.00  0.00  0.00  0.00  0.00  0.00  0.00  0.00  0.00  0.00  0.00  0.00  0.00  0.00  0.00  0.00  0.00  0.00  0.00  0.00  0.00  0.00  0.00  0.00  0.00  0.00  0.00  0.00  0.00  0.00  0.00  0.00  0.00
  0.00  0.00  0.00  0.00  0.00  0.00  0.00  0.00  0.00  0.00  0.00  0.00  0.00  0.00  0.00  0.00  0.00  0.00  0.00  0.00  0.00  0.00  0.00  0.00  0.00  0.00  0.00  0.00  0.00  0.00  0.00  0.00  0.00  0.00  0.00  0.00  0.00  0.00  0.00  0.00  0.00  0.00  0.00  0.00  0.00  0.00  0.00  0.00  0.00  0.00  0.00  0.00  0.00  0.00  0.00  0.00  0.00  0.00  0.00  0.00  0.00  0.00  0.00  0.00
  0.00  0.00  0.00  0.00  0.00  0.00  0.00  0.00  0.00  0.00  0.00  0.00  0.00  0.00  0.00  0.00  0.00  0.00  0.00  0.00  0.00  0.00  0.00  0.00  0.00  0.00  0.00  0.00  0.00  0.00  0.00  0.00  0.00  0.00  0.00  0.00  0.00  0.00  0.00  0.00  0.00  0.00  0.00  0.00  0.00  0.00  0.00  0.00  0.00  0.00  0.00  0.00  0.00  0.00  0.00  0.00  0.00  0.00  0.00  0.00  0.00  0.00  0.00  0.00
  0.00  0.00  0.00  0.00  0.00  0.00  0.00  0.00  0.00  0.00  0.00  0.00  0.00  0.00  0.00  0.00  0.00  0.00  0.00  0.00  0.00  0.00  0.00  0.00  0.00  0.00  0.00  0.00  0.00  0.00  0.00  0.00  0.00  0.00  0.00  0.00  0.00  0.00  0.00  0.00  0.00  0.00  0.00  0.00  0.00  0.00  0.00  0.00  0.00  0.00  0.00  0.00  0.00  0.00  0.00  0.00  0.00  0.00  0.00  0.00  0.00  0.00  0.00  0.00
  0.00  0.00  0.00  0.00  0.00  0.00  0.00  0.00  0.00  0.00  0.00  0.00  0.00  0.00  0.00  0.00  0.00  0.00  0.00  0.00  0.00  0.00  0.00  0.00  0.00  0.00  0.00  0.00  0.00  0.00  0.00  0.00  0.00  0.00  0.00  0.00  0.00  0.00  0.00  0.00  0.00  0.00  0.00  0.00  0.00  0.00  0.00  0.00  0.00  0.00  0.00  0.00  0.00  0.00  0.00  0.00  0.00  0.00  0.00  0.00  0.00  0.00  0.00  0.00
  0.00  0.00  0.00  0.00  0.00  0.00  0.00  0.00  0.00  0.00  0.00  0.00  0.00  0.00  0.00  0.00  0.00  0.00  0.00  0.00  0.00  0.00  0.00  0.00  0.00  0.00  0.00  0.00  0.00  0.00  0.00  0.00  0.00  0.00  0.00  0.00  0.00  0.00  0.00  0.00  0.00  0.00  0.00  0.00  0.00  0.00  0.00  0.00  0.00  0.00  0.00  0.00  0.00  0.00  0.00  0.00  0.00  0.00  0.00  0.00  0.00  0.00  0.00  0.00
  0.00  0.00  0.00  0.00  0.00  0.00  0.00  0.00  0.00  0.00  0.00  0.00  0.00  0.00  0.00  0.00  0.00  0.00  0.00  0.00  0.00  0.00  0.00  0.00  0.00  0.00  0.00  0.00  0.00  0.00  0.00  0.00  0.00  0.00  0.00  0.00  0.00  0.00  0.00  0.00  0.00  0.00  0.00  0.00  0.00  0.00  0.00  0.00  0.00  0.00  0.00  0.00  0.00  0.00  0.00  0.00  0.00  0.00  0.00  0.00  0.00  0.00  0.00  0.00
  0.00  0.00  0.00  0.00  0.00  0.00  0.00  0.00  0.00  0.00  0.00  0.00  0.00  0.00  0.00  0.00  0.00  0.00  0.00  0.00  0.00  0.00  0.00  0.00  0.00  0.00  0.00  0.00  0.00  0.00  0.00  0.00  0.00  0.00  0.00  0.00  0.00  0.00  0.00  0.00  0.00  0.00  0.00  0.00  0.00  0.00  0.00  0.00  0.00  0.00  0.00  0.00  0.00  0.00  0.00  0.00  0.00  0.00  0.00  0.00  0.00  0.00  0.00  0.00
  0.00  0.00  0.00  0.00  0.00  0.00  0.00  0.00  0.00  0.00  0.00  0.00  0.00  0.00  0.00  0.00  0.00  0.00  0.00  0.00  0.00  0.00  0.00  0.00  0.00  0.00  0.00  0.00  0.00  0.00  0.00  0.00  0.00  0.00  0.00  0.00  0.00  0.00  0.00  0.00  0.00  0.00  0.00  0.00  0.00  0.00  0.00  0.00  0.00  0.00  0.00  0.00  0.00  0.00  0.00  0.00  0.00  0.00  0.00  0.00  0.00  0.00  0.00  0.00
  0.00  0.00  0.00  0.00  0.00  0.00  0.00  0.00  0.00  0.00  0.00  0.00  0.00  0.00  0.00  0.00  0.00  0.00  0.00  0.00  0.00  0.00  0.00  0.00  0.00  0.00  0.00  0.00  0.00  0.00  0.00  0.00  0.00  0.00  0.00  0.00  0.00  0.00  0.00  0.00  0.00  0.00  0.00  0.00  0.00  0.00  0.00  0.00  0.00  0.00  0.00  0.00  0.00  0.00  0.00  0.00  0.00  0.00  0.00  0.00  0.00  0.00  0.00  0.00

 density range (Hz): 0.000000 2.147239