Array Size: 64  64
  0.00  0.00  0.00  0.00  0.00  0.06  0.04  0.34  0.52  0.54  0.26  0.34  1.10  0.86  0.06  0.00  0.84  2.80  0.20  0.42  1.10  1.40  0.82  0.42  0.34  0.36  0.82  1.14  1.38  0.52  0.42  0.28  0.66  0.20  0.30  0.32  0.58  2.60  0.00  0.00  0.00  0.00  0.00  0.00  0.00  0.00  0.00  0.00  0.00  0.00  0.00  0.00  0.00  0.00  0.00  0.00  0.00  0.00  0.00  0.00  0.00  0.00  0.00  0.00
  0.00  0.00  0.00  0.12  0.04  0.14  0.40  0.30  0.52  0.42  1.16  1.14  1.06  1.30  0.96  0.78  0.90  0.98  0.96  0.46  1.00  0.42  0.88  0.92  0.70  0.72  0.34  0.58  0.50  1.02  0.54  1.18  0.38  0.12  0.30  0.14  0.74  0.00  0.00  0.00  0.00  0.00  0.00  0.00  0.00  0.00  0.00  0.00  0.00  0.00  0.00  0.00  0.00  0.00  0.00  0.00  0.00  0.00  0.00  0.00  0.00  0.00  0.00  0.00
  0.00  0.40  0.22  0.26  0.44  0.56  0.70  0.28  0.46  0.68  1.22  0.52  0.22  0.58  0.62  1.02  0.68  0.62  0.50  1.00  0.68  1.18  0.78  0.74  0.50  0.66  0.98  0.80  0.36  0.62  1.08  2.40  0.68  0.66  1.40  1.02  1.04  0.58  0.00  0.00  0.00  0.00  0.00  0.00  0.00  0.00  0.00  0.00  0.00  0.00  0.00  0.00  0.00  0.00  0.00  0.00  0.00  0.00  0.00  0.00  0.00  0.00  0.00  0.00
  0.00  0.26  0.46  0.14  0.22  0.68  0.58  0.42  0.46  0.64  0.58  0.38  0.46  0.54  0.38  0.84  0.46  0.48  0.44  0.52  0.88  0.70  1.34  0.84  1.56  0.98  1.14  0.50  0.80  0.54  0.44  0.92  0.24  0.42  0.78  0.90  0.28  0.84  0.00  0.00  0.00  0.00  0.00  0.00  0.00  0.00  0.00  0.00  0.00  0.00  0.00  0.00  0.00  0.00  0.00  0.00  0.00  0.00  0.00  0.00  0.00  0.00  0.00  0.00
  0.00  0.16  0.34  0.48  0.50  0.60  0.78  0.74  0.72  0.60  0.88  0.86  0.66  0.06  0.38  0.54  0.42  0.74  0.74  0.66  0.76  0.86  1.06  0.62  0.82  0.92  1.88  0.46  1.54  0.34  0.42  0.64  0.62  1.30  0.88  0.34  0.26  0.56  0.00  0.00  0.00  0.00  0.00  0.00  0.00  0.00  0.00  0.00  0.00  0.00  0.00  0.00  0.00  0.00  0.00  0.00  0.00  0.00  0.00  0.00  0.00  0.00  0.00  0.00
  0.00  0.26  0.30  0.24  0.26  0.52  0.44  0.28  0.66  0.90  1.00  1.62  1.04  0.72  0.68  0.22  0.36  0.44  0.38  0.40  0.72  0.94  0.42  0.48  0.52  0.80  0.96  0.88  0.72  0.72  0.92  0.48  0.68  0.64  0.60  0.70  0.84  0.20  0.00  0.00  0.00  0.00  0.00  0.00  0.00  0.00  0.00  0.00  0.00  0.00  0.00  0.00  0.00  0.00  0.00  0.00  0.00  0.00  0.00  0.00  0.00  0.00  0.00  0.00
  0.00  0.12  0.30  0.22  0.40  0.16  0.32  0.82  0.70  1.24  0.78  1.10  0.84  1.00  0.34  0.40  0.84  0.78  0.70  0.52  0.42  0.88  1.12  1.06  0.80  0.62  0.78  0.52  0.68  0.36  0.40  0.48  0.54  0.36  0.50  0.16  0.62  0.02  0.00  0.00  0.00  0.00  0.00  0.00  0.00  0.00  0.00  0.00  0.00  0.00  0.00  0.00  0.00  0.00  0.00  0.00  0.00  0.00  0.00  0.00  0.00  0.00  0.00  0.00
  0.08  0.02  0.06  0.50  0.66  0.26  0.26  0.52  0.58  0.90  0.54  0.68  0.74  0.58  0.40  0.54  0.68  0.36  0.60  0.52  0.72  0.24  0.06  0.18  0.32  0.12  0.44  0.32  0.88  1.76  0.32  0.72  0.60  0.60  0.62  0.54  0.58  0.12  0.00  0.00  0.00  0.00  0.00  0.00  0.00  0.00  0.00  0.00  0.00  0.00  0.00  0.00  0.00  0.00  0.00  0.00  0.00  0.00  0.00  0.00  0.00  0.00  0.00  0.00
  0.08  0.04  0.08  0.22  0.48  0.60  0.24  0.26  0.38  1.46  0.44  0.34  1.00  0.44  0.34  0.96  0.80  0.84  0.42  0.26  2.08  1.20  0.44  0.48  0.48  0.62  0.36  0.70  0.88  1.02  0.50  0.76  0.60  0.92  0.62  0.48  0.40  0.58  0.00  0.00  0.00  0.00  0.00  0.00  0.00  0.00  0.00  0.00  0.00  0.00  0.00  0.00  0.00  0.00  0.00  0.00  0.00  0.00  0.00  0.00  0.00  0.00  0.00  0.00
  0.02  0.12  0.32  0.42  0.64  1.28  0.50  0.24  0.30  0.78  0.78  1.04  0.64  0.78  0.94  0.72  0.96  1.10  0.70  0.68  0.34  0.78  0.20  1.16  0.78  1.08  0.96  0.98  0.20  0.64  1.00  0.66  0.72  1.34  0.60  0.76  0.38  0.08  0.00  0.00  0.00  0.00  0.00  0.00  0.00  0.00  0.00  0.00  0.00  0.00  0.00  0.00  0.00  0.00  0.00  0.00  0.00  0.00  0.00  0.00  0.00  0.00  0.00  0.00
  0.00  0.16  0.00  0.00  0.32  0.24  0.44  0.42  0.74  0.72  0.94  0.48  0.60  0.76  0.44  0.54  0.58  1.32  1.18  0.40  1.34  0.80  1.04  0.82  0.58  0.28  0.74  0.68  0.84  0.38  0.42  0.40  1.12  1.42  0.52  0.52  0.66  0.02  0.00  0.00  0.00  0.00  0.00  0.00  0.00  0.00  0.00  0.00  0.00  0.00  0.00  0.00  0.00  0.00  0.00  0.00  0.00  0.00  0.00  0.00  0.00  0.00  0.00  0.00
  0.00  0.20  0.00  0.00  0.36  0.08  0.34  0.22  0.36  0.44  0.46  0.40  0.68  1.68  1.20  0.76  0.88  0.34  0.62  0.68  1.02  0.58  1.18  0.64  0.44  0.94  1.84  0.70  0.30  1.26  0.76  0.64  0.86  0.60  0.36  0.50  0.52  0.22  0.00  0.00  0.00  0.00  0.00  0.00  0.00  0.00  0.00  0.00  0.00  0.00  0.00  0.00  0.00  0.00  0.00  0.00  0.00  0.00  0.00  0.00  0.00  0.00  0.00  0.00
  0.08  0.12  0.00  0.12  0.38  0.24  0.02  0.36  0.38  0.84  0.62  1.12  1.28  0.92  0.34  0.28  0.62  0.64  0.44  0.76  0.74  0.72  0.62  1.10  0.48  0.96  2.66  0.86  1.08  2.14  2.70  1.22  0.76  0.54  0.52  0.40  0.12  0.24  0.00  0.00  0.00  0.00  0.00  0.00  0.00  0.00  0.00  0.00  0.00  0.00  0.00  0.00  0.00  0.00  0.00  0.00  0.00  0.00  0.00  0.00  0.00  0.00  0.00  0.00
  0.20  0.32  0.06  0.22  0.46  0.44  0.14  0.34  0.56  0.68  1.56  1.24  0.94  0.84  0.86  0.68  0.94  0.80  0.26  0.80  0.72  1.04  0.48  0.48  0.96  0.74  1.60  0.88  0.40  3.18  1.46  0.68  0.82  0.48  0.46  0.14  0.22  0.18  0.00  0.00  0.00  0.00  0.00  0.00  0.00  0.00  0.00  0.00  0.00  0.00  0.00  0.00  0.00  0.00  0.00  0.00  0.00  0.00  0.00  0.00  0.00  0.00  0.00  0.00
  1.50  0.34  0.22  0.00  0.28  0.36  0.36  0.70  0.80  1.02  1.42  0.76  0.56  0.56  0.66  0.74  0.50  0.70  0.52  0.30  0.48  0.80  0.64  0.54  0.70  0.54  1.74  0.46  2.18  1.68  1.36  0.98  0.82  0.56  0.40  0.32  0.40  0.02  0.00  0.00  0.00  0.00  0.00  0.00  0.00  0.00  0.00  0.00  0.00  0.00  0.00  0.00  0.00  0.00  0.00  0.00  0.00  0.00  0.00  0.00  0.00  0.00  0.00  0.00
  0.18  0.14  0.08  0.08  0.22  0.20  0.56  1.06  1.24  1.40  0.46  1.02  0.40  0.44  1.12  0.66  0.58  1.04  0.62  0.86  0.82  0.82  1.46  1.56  0.64  0.98  0.78  0.48  1.80  1.52  1.28  1.20  1.04  1.26  2.08  0.76  0.92  0.00  0.00  0.00  0.00  0.00  0.00  0.00  0.00  0.00  0.00  0.00  0.00  0.00  0.00  0.00  0.00  0.00  0.00  0.00  0.00  0.00  0.00  0.00  0.00  0.00  0.00  0.00
  0.16  0.22  0.14  0.10  0.26  0.16  0.84  0.34  1.18  0.80  0.58  0.82  0.46  1.52  0.48  0.30  0.74  0.60  1.36  1.40  0.84  0.76  0.80  1.38  2.22  0.32  0.54  0.58  0.36  1.24  1.06  1.06  1.18  0.82  0.54  0.38  1.16  0.30  0.00  0.00  0.00  0.00  0.00  0.00  0.00  0.00  0.00  0.00  0.00  0.00  0.00  0.00  0.00  0.00  0.00  0.00  0.00  0.00  0.00  0.00  0.00  0.00  0.00  0.00
  0.54  0.34  0.54  0.16  0.34  0.30  0.32  0.66  0.64  0.86  1.60  1.30  0.98  1.22  0.42  0.38  1.10  0.54  1.20  1.68  1.10  0.72  0.76  0.72  0.74  0.96  0.52  0.12  0.08  0.60  0.92  0.98  1.34  0.92  0.26  0.26  0.54  0.72  0.00  0.00  0.00  0.00  0.00  0.00  0.00  0.00  0.00  0.00  0.00  0.00  0.00  0.00  0.00  0.00  0.00  0.00  0.00  0.00  0.00  0.00  0.00  0.00  0.00  0.00
  0.08  0.46  0.50  0.34  1.22  0.98  0.56  1.60  0.74  0.70  0.76  0.48  1.10  1.16  0.64  0.18  0.42  0.28  0.54  1.98  1.22  2.68  2.66  0.72  1.34  1.08  1.50  0.08  0.50  0.60  1.20  0.86  2.06  1.02  0.08  0.44  0.76  0.60  0.00  0.00  0.00  0.00  0.00  0.00  0.00  0.00  0.00  0.00  0.00  0.00  0.00  0.00  0.00  0.00  0.00  0.00  0.00  0.00  0.00  0.00  0.00  0.00  0.00  0.00
  0.30  0.20  0.50  0.74  0.82  0.98  1.46  0.78  0.52  1.08  0.62  1.04  0.96  0.90  0.80  0.94  1.88  1.04  1.04  1.16  0.56  1.46  1.54  0.44  1.70  1.12  0.36  0.26  0.54  0.38  0.96  1.48  2.24  0.86  0.12  0.70  1.44  0.00  0.00  0.00  0.00  0.00  0.00  0.00  0.00  0.00  0.00  0.00  0.00  0.00  0.00  0.00  0.00  0.00  0.00  0.00  0.00  0.00  0.00  0.00  0.00  0.00  0.00  0.00
  0.82  0.12  0.46  0.88  0.54  0.68  0.42  0.20  0.16  0.46  0.36  0.84  0.74  1.02  0.34  0.66  1.22  0.94  1.94  0.96  0.94  1.24  2.18  1.76  1.38  1.24  0.74  1.94  1.10  0.92  1.06  1.60  0.78  0.66  0.50  0.98  2.16  0.06  0.00  0.00  0.00  0.00  0.00  0.00  0.00  0.00  0.00  0.00  0.00  0.00  0.00  0.00  0.00  0.00  0.00  0.00  0.00  0.00  0.00  0.00  0.00  0.00  0.00  0.00
  1.00  0.26  0.46  0.50  0.60  1.14  1.36  1.14  0.30  0.52  0.44  0.36  0.66  0.64  1.30  0.62  0.48  1.66  1.66  1.22  0.94  0.38  1.50  0.64  1.04  1.38  0.80  0.18  0.52  0.66  1.84  3.90  0.92  0.76  0.76  0.80  0.66  0.16  0.00  0.00  0.00  0.00  0.00  0.00  0.00  0.00  0.00  0.00  0.00  0.00  0.00  0.00  0.00  0.00  0.00  0.00  0.00  0.00  0.00  0.00  0.00  0.00  0.00  0.00
  0.18  0.86  0.52  0.48  0.38  0.78  1.28  0.62  0.42  0.62  0.62  0.68  0.92  0.88  0.92  0.52  1.20  1.98  2.10  0.58  0.48  1.12  0.64  1.24  0.98  0.90  1.66  0.86  0.54  1.50  1.34  1.28  1.18  0.74  0.42  0.56  1.54  0.16  0.00  0.00  0.00  0.00  0.00  0.00  0.00  0.00  0.00  0.00  0.00  0.00  0.00  0.00  0.00  0.00  0.00  0.00  0.00  0.00  0.00  0.00  0.00  0.00  0.00  0.00
  0.30  0.66  0.72  1.48  0.26  0.74  1.20  1.30  2.06  0.72  0.86  1.24  0.64  0.48  1.04  1.22  1.20  0.86  1.46  0.74  0.76  1.16  1.06  0.98  1.46  0.72  0.36  1.30  1.04  0.98  1.12  1.38  1.06  1.54  1.00  0.42  0.26  0.04  0.00  0.00  0.00  0.00  0.00  0.00  0.00  0.00  0.00  0.00  0.00  0.00  0.00  0.00  0.00  0.00  0.00  0.00  0.00  0.00  0.00  0.00  0.00  0.00  0.00  0.00
  0.00  0.42  0.28  0.46  0.90  0.22  0.86  0.32  0.86  1.04  1.08  0.98  1.16  1.54  1.30  2.64  3.02  0.72  0.64  0.86  1.04  1.34  0.88  0.46  0.90  1.00  0.68  1.16  0.74  1.54  1.04  1.62  0.88  1.30  1.28  0.72  0.24  0.10  0.00  0.00  0.00  0.00  0.00  0.00  0.00  0.00  0.00  0.00  0.00  0.00  0.00  0.00  0.00  0.00  0.00  0.00  0.00  0.00  0.00  0.00  0.00  0.00  0.00  0.00
  0.10  0.16  0.40  0.50  1.38  1.04  0.46  0.46  0.88  1.34  1.28  0.80  1.04  1.06  0.62  0.62  0.88  1.30  0.70  0.80  0.62  0.66  1.02  0.86  0.66  1.76  1.04  0.88  1.02  1.18  0.98  0.98  0.26  0.74  1.04  0.22  0.08  0.28  0.00  0.00  0.00  0.00  0.00  0.00  0.00  0.00  0.00  0.00  0.00  0.00  0.00  0.00  0.00  0.00  0.00  0.00  0.00  0.00  0.00  0.00  0.00  0.00  0.00  0.00
  0.00  0.28  0.70  0.36  0.50  0.74  0.30  0.74  0.62  0.60  0.82  1.10  0.56  0.40  0.44  0.66  1.00  4.14  2.30  1.98  2.38  0.58  0.82  1.32  0.84  0.48  1.08  0.50  1.38  2.00  1.56  1.60  0.60  0.50  0.34  0.32  0.00  0.00  0.00  0.00  0.00  0.00  0.00  0.00  0.00  0.00  0.00  0.00  0.00  0.00  0.00  0.00  0.00  0.00  0.00  0.00  0.00  0.00  0.00  0.00  0.00  0.00  0.00  0.00
  0.00  0.26  0.72  1.06  0.58  0.82  0.92  0.68  0.12  0.46  0.66  1.24  0.86  0.56  0.54  0.48  0.44  1.98  0.86  1.24  1.40  1.28  1.78  1.06  0.90  0.60  0.74  0.62  1.90  1.10  0.92  0.88  0.52  0.32  0.24  0.32  0.10  0.00  0.00  0.00  0.00  0.00  0.00  0.00  0.00  0.00  0.00  0.00  0.00  0.00  0.00  0.00  0.00  0.00  0.00  0.00  0.00  0.00  0.00  0.00  0.00  0.00  0.00  0.00
  0.00  0.30  0.20  0.50  0.66  1.22  1.20  1.00  0.22  0.46  0.46  0.60  0.30  0.48  0.56  0.56  1.42  0.74  0.28  0.96  0.82  0.56  0.98  0.70  0.96  1.04  0.28  1.02  1.30  0.90  0.48  0.38  0.74  0.30  0.10  0.12  0.16  0.00  0.00  0.00  0.00  0.00  0.00  0.00  0.00  0.00  0.00  0.00  0.00  0.00  0.00  0.00  0.00  0.00  0.00  0.00  0.00  0.00  0.00  0.00  0.00  0.00  0.00  0.00
  0.00  0.28  0.02  0.64  1.20  0.64  0.62  1.54  1.68  0.80  0.40  0.74  0.28  0.60  0.20  1.64  1.14  0.94  0.64  0.72  0.80  0.16  0.88  0.48  0.30  0.46  0.66  0.82  0.54  0.24  0.62  0.54  0.60  0.26  0.26  0.70  0.16  0.00  0.00  0.00  0.00  0.00  0.00  0.00  0.00  0.00  0.00  0.00  0.00  0.00  0.00  0.00  0.00  0.00  0.00  0.00  0.00  0.00  0.00  0.00  0.00  0.00  0.00  0.00
  0.00  0.60  0.16  1.36  1.14  0.60  0.42  0.30  0.94  0.42  0.40  0.56  0.86  0.58  0.44  3.52  1.48  0.62  0.86  0.36  0.86  0.90  0.40  0.38  0.74  0.52  0.68  0.30  0.08  0.32  0.46  0.58  0.70  0.08  0.00  0.46  0.16  0.04  0.00  0.00  0.00  0.00  0.00  0.00  0.00  0.00  0.00  0.00  0.00  0.00  0.00  0.00  0.00  0.00  0.00  0.00  0.00  0.00  0.00  0.00  0.00  0.00  0.00  0.00
  0.00  0.76  0.12  0.18  1.44  0.80  0.26  0.28  0.60  0.46  0.54  0.50  0.28  0.92  0.50  0.82  0.48  0.64  0.86  0.84  0.42  0.70  0.46  0.70  0.66  0.54  0.46  0.54  0.12  0.34  0.60  1.12  1.14  0.32  0.64  0.40  0.20  0.06  0.00  0.00  0.00  0.00  0.00  0.00  0.00  0.00  0.00  0.00  0.00  0.00  0.00  0.00  0.00  0.00  0.00  0.00  0.00  0.00  0.00  0.00  0.00  0.00  0.00  0.00
  0.02  0.18  0.34  0.32  0.26  0.20  0.26  0.52  0.38  0.24  0.98  1.02  0.94  0.80  0.28  0.42  1.02  1.10  0.66  0.56  0.92  0.98  0.84  0.72  0.66  0.40  0.60  0.42  0.60  0.88  0.22  0.80  0.56  0.18  0.34  0.34  0.04  0.14  0.00  0.00  0.00  0.00  0.00  0.00  0.00  0.00  0.00  0.00  0.00  0.00  0.00  0.00  0.00  0.00  0.00  0.00  0.00  0.00  0.00  0.00  0.00  0.00  0.00  0.00
  0.04  0.32  0.54  0.72  0.46  0.68  0.38  0.98  0.40  0.90  0.40  0.38  0.42  0.46  0.58  0.66  0.42  0.48  0.54  1.20  0.66  0.40  0.34  0.28  0.78  0.54  0.44  0.22  0.70  0.48  0.36  0.66  1.26  0.72  0.20  0.42  0.48  0.16  0.00  0.00  0.00  0.00  0.00  0.00  0.00  0.00  0.00  0.00  0.00  0.00  0.00  0.00  0.00  0.00  0.00  0.00  0.00  0.00  0.00  0.00  0.00  0.00  0.00  0.00
  0.04  0.84  0.68  0.60  0.30  0.96  1.42  0.36  0.26  0.68  0.66  0.26  0.12  0.28  0.22  0.16  0.26  0.56  0.46  0.34  0.44  0.30  0.50  1.86  0.44  0.42  0.06  0.42  0.60  0.34  0.46  0.66  1.66  0.68  0.26  0.94  0.24  0.10  0.00  0.00  0.00  0.00  0.00  0.00  0.00  0.00  0.00  0.00  0.00  0.00  0.00  0.00  0.00  0.00  0.00  0.00  0.00  0.00  0.00  0.00  0.00  0.00  0.00  0.00
  0.08  0.54  0.40  0.12  0.36  0.32  0.72  0.30  0.20  0.36  0.54  0.04  0.06  0.00  0.02  0.24  0.54  0.54  0.82  0.32  0.18  0.36  0.44  1.26  0.40  1.30  0.86  0.32  0.24  0.36  0.46  0.24  0.60  0.46  0.66  0.58  0.30  0.18  0.00  0.00  0.00  0.00  0.00  0.00  0.00  0.00  0.00  0.00  0.00  0.00  0.00  0.00  0.00  0.00  0.00  0.00  0.00  0.00  0.00  0.00  0.00  0.00  0.00  0.00
  0.08  0.72  0.10  0.26  0.24  0.08  0.00  0.00  0.16  0.06  0.00  0.00  0.00  0.00  0.00  0.38  0.32  0.48  0.50  0.06  0.08  0.06  1.16  0.80  0.66  0.70  0.18  0.16  0.42  0.46  0.64  0.86  0.46  0.54  0.34  0.16  0.24  0.00  0.00  0.00  0.00  0.00  0.00  0.00  0.00  0.00  0.00  0.00  0.00  0.00  0.00  0.00  0.00  0.00  0.00  0.00  0.00  0.00  0.00  0.00  0.00  0.00  0.00  0.00
  0.00  0.00  0.00  0.00  0.00  0.00  0.00  0.00  0.00  0.00  0.00  0.00  0.00  0.00  0.00  0.00  0.00  0.00  0.00  0.00  0.00  0.00  0.00  0.00  0.00  0.00  0.00  0.00  0.00  0.00  0.00  0.00  0.00  0.00  0.00  0.00  0.00  0.00  0.00  0.00  0.00  0.00  0.00  0.00  0.00  0.00  0.00  0.00  0.00  0.00  0.00  0.00  0.00  0.00  0.00  0.00  0.00  0.00  0.00  0.00  0.00  0.00  0.00  0.00
  0.00  0.00  0.00  0.00  0.00  0.00  0.00  0.00  0.00  0.00  0.00  0.00  0.00  0.00  0.00  0.00  0.00  0.00  0.00  0.00  0.00  0.00  0.00  0.00  0.00  0.00  0.00  0.00  0.00  0.00  0.00  0.00  0.00  0.00  0.00  0.00  0.00  0.00  0.00  0.00  0.00  0.00  0.00  0.00  0.00  0.00  0.00  0.00  0.00  0.00  0.00  0.00  0.00  0.00  0.00  0.00  0.00  0.00  0.00  0.00  0.00  0.00  0.00  0.00
  0.00  0.00  0.00  0.00  0.00  0.00  0.00  0.00  0.00  0.00  0.00  0.00  0.00  0.00  0.00  0.00  0.00  0.00  0.00  0.00  0.00  0.00  0.00  0.00  0.00  0.00  0.00  0.00  0.00  0.00  0.00  0.00  0.00  0.00  0.00  0.00  0.00  0.00  0.00  0.00  0.00  0.00  0.00  0.00  0.00  0.00  0.00  0.00  0.00  0.00  0.00  0.00  0.00  0.00  0.00  0.00  0.00  0.00  0.00  0.00  0.00  0.00  0.00  0.00
  0.00  0.00  0.00  0.00  0.00  0.00  0.00  0.00  0.00  0.00  0.00  0.00  0.00  0.00  0.00  0.00  0.00  0.00  0.00  0.00  0.00  0.00  0.00  0.00  0.00  0.00  0.00  0.00  0.00  0.00  0.00  0.00  0.00  0.00  0.00  0.00  0.00  0.00  0.00  0.00  0.00  0.00  0.00  0.00  0.00  0.00  0.00  0.00  0.00  0.00  0.00  0.00  0.00  0.00  0.00  0.00  0.00  0.00  0.00  0.00  0.00  0.00  0.00  0.00
  0.00  0.00  0.00  0.00  0.00  0.00  0.00  0.00  0.00  0.00  0.00  0.00  0.00  0.00  0.00  0.00  0.00  0.00  0.00  0.00  0.00  0.00  0.00  0.00  0.00  0.00  0.00  0.00  0.00  0.00  0.00  0.00  0.00  0.00  0.00  0.00  0.00  0.00  0.00  0.00  0.00  0.00  0.00  0.00  0.00  0.00  0.00  0.00  0.00  0.00  0.00  0.00  0.00  0.00  0.00  0.00  0.00  0.00  0.00  0.00  0.00  0.00  0.00  0.00
  0.00  0.00  0.00  0.00  0.00  0.00  0.00  0.00  0.00  0.00  0.00  0.00  0.00  0.00  0.00  0.00  0.00  0.00  0.00  0.00  0.00  0.00  0.00  0.00  0.00  0.00  0.00  0.00  0.00  0.00  0.00  0.00  0.00  0.00  0.00  0.00  0.00  0.00  0.00  0.00  0.00  0.00  0.00  0.00  0.00  0.00  0.00  0.00  0.00  0.00  0.00  0.00  0.00  0.00  0.00  0.00  0.00  0.00  0.00  0.00  0.00  0.00  0.00  0.00
  0.00  0.00  0.00  0.00  0.00  0.00  0.00  0.00  0.00  0.00  0.00  0.00  0.00  0.00  0.00  0.00  0.00  0.00  0.00  0.00  0.00  0.00  0.00  0.00  0.00  0.00  0.00  0.00  0.00  0.00  0.00  0.00  0.00  0.00  0.00  0.00  0.00  0.00  0.00  0.00  0.00  0.00  0.00  0.00  0.00  0.00  0.00  0.00  0.00  0.00  0.00  0.00  0.00  0.00  0.00  0.00  0.00  0.00  0.00  0.00  0.00  0.00  0.00  0.00
  0.00  0.00  0.00  0.00  0.00  0.00  0.00  0.00  0.00  0.00  0.00  0.00  0.00  0.00  0.00  0.00  0.00  0.00  0.00  0.00  0.00  0.00  0.00  0.00  0.00  0.00  0.00  0.00  0.00  0.00  0.00  0.00  0.00  0.00  0.00  0.00  0.00  0.00  0.00  0.00  0.00  0.00  0.00  0.00  0.00  0.00  0.00  0.00  0.00  0.00  0.00  0.00  0.00  0.00  0.00  0.00  0.00  0.00  0.00  0.00  0.00  0.00  0.00  0.00
  0.00  0.00  0.00  0.00  0.00  0.00  0.00  0.00  0.00  0.00  0.00  0.00  0.00  0.00  0.00  0.00  0.00  0.00  0.00  0.00  0.00  0.00  0.00  0.00  0.00  0.00  0.00  0.00  0.00  0.00  0.00  0.00  0.00  0.00  0.00  0.00  0.00  0.00  0.00  0.00  0.00  0.00  0.00  0.00  0.00  0.00  0.00  0.00  0.00  0.00  0.00  0.00  0.00  0.00  0.00  0.00  0.00  0.00  0.00  0.00  0.00  0.00  0.00  0.00
  0.00  0.00  0.00  0.00  0.00  0.00  0.00  0.00  0.00  0.00  0.00  0.00  0.00  0.00  0.00  0.00  0.00  0.00  0.00  0.00  0.00  0.00  0.00  0.00  0.00  0.00  0.00  0.00  0.00  0.00  0.00  0.00  0.00  0.00  0.00  0.00  0.00  0.00  0.00  0.00  0.00  0.00  0.00  0.00  0.00  0.00  0.00  0.00  0.00  0.00  0.00  0.00  0.00  0.00  0.00  0.00  0.00  0.00  0.00  0.00  0.00  0.00  0.00  0.00
  0.00  0.00  0.00  0.00  0.00  0.00  0.00  0.00  0.00  0.00  0.00  0.00  0.00  0.00  0.00  0.00  0.00  0.00  0.00  0.00  0.00  0.00  0.00  0.00  0.00  0.00  0.00  0.00  0.00  0.00  0.00  0.00  0.00  0.00  0.00  0.00  0.00  0.00  0.00  0.00  0.00  0.00  0.00  0.00  0.00  0.00  0.00  0.00  0.00  0.00  0.00  0.00  0.00  0.00  0.00  0.00  0.00  0.00  0.00  0.00  0.00  0.00  0.00  0.00
  0.00  0.00  0.00  0.00  0.00  0.00  0.00  0.00  0.00  0.00  0.00  0.00  0.00  0.00  0.00  0.00  0.00  0.00  0.00  0.00  0.00  0.00  0.00  0.00  0.00  0.00  0.00  0.00  0.00  0.00  0.00  0.00  0.00  0.00  0.00  0.00  0.00  0.00  0.00  0.00  0.00  0.00  0.00  0.00  0.00  0.00  0.00  0.00  0.00  0.00  0.00  0.00  0.00  0.00  0.00  0.00  0.00  0.00  0.00  0.00  0.00  0.00  0.00  0.00
  0.00  0.00  0.00  0.00  0.00  0.00  0.00  0.00  0.00  0.00  0.00  0.00  0.00  0.00  0.00  0.00  0.00  0.00  0.00  0.00  0.00  0.00  0.00  0.00  0.00  0.00  0.00  0.00  0.00  0.00  0.00  0.00  0.00  0.00  0.00  0.00  0.00  0.00  0.00  0.00  0.00  0.00  0.00  0.00  0.00  0.00  0.00  0.00  0.00  0.00  0.00  0.00  0.00  0.00  0.00  0.00  0.00  0.00  0.00  0.00  0.00  0.00  0.00  0.00
  0.00  0.00  0.00  0.00  0.00  0.00  0.00  0.00  0.00  0.00  0.00  0.00  0.00  0.00  0.00  0.00  0.00  0.00  0.00  0.00  0.00  0.00  0.00  0.00  0.00  0.00  0.00  0.00  0.00  0.00  0.00  0.00  0.00  0.00  0.00  0.00  0.00  0.00  0.00  0.00  0.00  0.00  0.00  0.00  0.00  0.00  0.00  0.00  0.00  0.00  0.00  0.00  0.00  0.00  0.00  0.00  0.00  0.00  0.00  0.00  0.00  0.00  0.00  0.00
  0.00  0.00  0.00  0.00  0.00  0.00  0.00  0.00  0.00  0.00  0.00  0.00  0.00  0.00  0.00  0.00  0.00  0.00  0.00  0.00  0.00  0.00  0.00  0.00  0.00  0.00  0.00  0.00  0.00  0.00  0.00  0.00  0.00  0.00  0.00  0.00  0.00  0.00  0.00  0.00  0.00  0.00  0.00  0.00  0.00  0.00  0.00  0.00  0.00  0.00  0.00  0.00  0.00  0.00  0.00  0.00  0.00  0.00  0.00  0.00  0.00  0.00  0.00  0.00
  0.00  0.00  0.00  0.00  0.00  0.00  0.00  0.00  0.00  0.00  0.00  0.00  0.00  0.00  0.00  0.00  0.00  0.00  0.00  0.00  0.00  0.00  0.00  0.00  0.00  0.00  0.00  0.00  0.00  0.00  0.00  0.00  0.00  0.00  0.00  0.00  0.00  0.00  0.00  0.00  0.00  0.00  0.00  0.00  0.00  0.00  0.00  0.00  0.00  0.00  0.00  0.00  0.00  0.00  0.00  0.00  0.00  0.00  0.00  0.00  0.00  0.00  0.00  0.00
  0.00  0.00  0.00  0.00  0.00  0.00  0.00  0.00  0.00  0.00  0.00  0.00  0.00  0.00  0.00  0.00  0.00  0.00  0.00  0.00  0.00  0.00  0.00  0.00  0.00  0.00  0.00  0.00  0.00  0.00  0.00  0.00  0.00  0.00  0.00  0.00  0.00  0.00  0.00  0.00  0.00  0.00  0.00  0.00  0.00  0.00  0.00  0.00  0.00  0.00  0.00  0.00  0.00  0.00  0.00  0.00  0.00  0.00  0.00  0.00  0.00  0.00  0.00  0.00
  0.00  0.00  0.00  0.00  0.00  0.00  0.00  0.00  0.00  0.00  0.00  0.00  0.00  0.00  0.00  0.00  0.00  0.00  0.00  0.00  0.00  0.00  0.00  0.00  0.00  0.00  0.00  0.00  0.00  0.00  0.00  0.00  0.00  0.00  0.00  0.00  0.00  0.00  0.00  0.00  0.00  0.00  0.00  0.00  0.00  0.00  0.00  0.00  0.00  0.00  0.00  0.00  0.00  0.00  0.00  0.00  0.00  0.00  0.00  0.00  0.00  0.00  0.00  0.00
  0.00  0.00  0.00  0.00  0.00  0.00  0.00  0.00  0.00  0.00  0.00  0.00  0.00  0.00  0.00  0.00  0.00  0.00  0.00  0.00  0.00  0.00  0.00  0.00  0.00  0.00  0.00  0.00  0.00  0.00  0.00  0.00  0.00  0.00  0.00  0.00  0.00  0.00  0.00  0.00  0.00  0.00  0.00  0.00  0.00  0.00  0.00  0.00  0.00  0.00  0.00  0.00  0.00  0.00  0.00  0.00  0.00  0.00  0.00  0.00  0.00  0.00  0.00  0.00
  0.00  0.00  0.00  0.00  0.00  0.00  0.00  0.00  0.00  0.00  0.00  0.00  0.00  0.00  0.00  0.00  0.00  0.00  0.00  0.00  0.00  0.00  0.00  0.00  0.00  0.00  0.00  0.00  0.00  0.00  0.00  0.00  0.00  0.00  0.00  0.00  0.00  0.00  0.00  0.00  0.00  0.00  0.00  0.00  0.00  0.00  0.00  0.00  0.00  0.00  0.00  0.00  0.00  0.00  0.00  0.00  0.00  0.00  0.00  0.00  0.00  0.00  0.00  0.00
  0.00  0.00  0.00  0.00  0.00  0.00  0.00  0.00  0.00  0.00  0.00  0.00  0.00  0.00  0.00  0.00  0.00  0.00  0.00  0.00  0.00  0.00  0.00  0.00  0.00  0.00  0.00  0.00  0.00  0.00  0.00  0.00  0.00  0.00  0.00  0.00  0.00  0.00  0.00  0.00  0.00  0.00  0.00  0.00  0.00  0.00  0.00  0.00  0.00  0.00  0.00  0.00  0.00  0.00  0.00  0.00  0.00  0.00  0.00  0.00  0.00  0.00  0.00  0.00
  0.00  0.00  0.00  0.00  0.00  0.00  0.00  0.00  0.00  0.00  0.00  0.00  0.00  0.00  0.00  0.00  0.00  0.00  0.00  0.00  0.00  0.00  0.00  0.00  0.00  0.00  0.00  0.00  0.00  0.00  0.00  0.00  0.00  0.00  0.00  0.00  0.00  0.00  0.00  0.00  0.00  0.00  0.00  0.00  0.00  0.00  0.00  0.00  0.00  0.00  0.00  0.00  0.00  0.00  0.00  0.00  0.00  0.00  0.00  0.00  0.00  0.00  0.00  0.00
  0.00  0.00  0.00  0.00  0.00  0.00  0.00  0.00  0.00  0.00  0.00  0.00  0.00  0.00  0.00  0.00  0.00  0.00  0.00  0.00  0.00  0.00  0.00  0.00  0.00  0.00  0.00  0.00  0.00  0.00  0.00  0.00  0.00  0.00  0.00  0.00  0.00  0.00  0.00  0.00  0.00  0.00  0.00  0.00  0.00  0.00  0.00  0.00  0.00  0.00  0.00  0.00  0.00  0.00  0.00  0.00  0.00  0.00  0.00  0.00  0.00  0.00  0.00  0.00
  0.00  0.00  0.00  0.00  0.00  0.00  0.00  0.00  0.00  0.00  0.00  0.00  0.00  0.00  0.00  0.00  0.00  0.00  0.00  0.00  0.00  0.00  0.00  0.00  0.00  0.00  0.00  0.00  0.00  0.00  0.00  0.00  0.00  0.00  0.00  0.00  0.00  0.00  0.00  0.00  0.00  0.00  0.00  0.00  0.00  0.00  0.00  0.00  0.00  0.00  0.00  0.00  0.00  0.00  0.00  0.00  0.00  0.00  0.00  0.00  0.00  0.00  0.00  0.00
  0.00  0.00  0.00  0.00  0.00  0.00  0.00  0.00  0.00  0.00  0.00  0.00  0.00  0.00  0.00  0.00  0.00  0.00  0.00  0.00  0.00  0.00  0.00  0.00  0.00  0.00  0.00  0.00  0.00  0.00  0.00  0.00  0.00  0.00  0.00  0.00  0.00  0.00  0.00  0.00  0.00  0.00  0.00  0.00  0.00  0.00  0.00  0.00  0.00  0.00  0.00  0.00  0.00  0.00  0.00  0.00  0.00  0.00  0.00  0.00  0.00  0.00  0.00  0.00
  0.00  0.00  0.00  0.00  0.00  0.00  0.00  0.00  0.00  0.00  0.00  0.00  0.00  0.00  0.00  0.00  0.00  0.00  0.00  0.00  0.00  0.00  0.00  0.00  0.00  0.00  0.00  0.00  0.00  0.00  0.00  0.00  0.00  0.00  0.00  0.00  0.00  0.00  0.00  0.00  0.00  0.00  0.00  0.00  0.00  0.00  0.00  0.00  0.00  0.00  0.00  0.00  0.00  0.00  0.00  0.00  0.00  0.00  0.00  0.00  0.00  0.00  0.00  0.00
  0.00  0.00  0.00  0.00  0.00  0.00  0.00  0.00  0.00  0.00  0.00  0.00  0.00  0.00  0.00  0.00  0.00  0.00  0.00  0.00  0.00  0.00  0.00  0.00  0.00  0.00  0.00  0.00  0.00  0.00  0.00  0.00  0.00  0.00  0.00  0.00  0.00  0.00  0.00  0.00  0.00  0.00  0.00  0.00  0.00  0.00  0.00  0.00  0.00  0.00  0.00  0.00  0.00  0.00  0.00  0.00  0.00  0.00  0.00  0.00  0.00  0.00  0.00  0.00

 density range (Hz): 0.000000 4.140000