Array Size: 64  64
  0.20  0.66  0.85  1.31  1.56  1.69  1.12  0.60  0.19  0.32  0.15  0.13  0.11  0.10  0.00  0.00  0.09  0.19  0.18  0.17  0.14  0.07  0.00  0.00  0.00  0.00  0.00  0.00  0.00  0.00  0.00  0.00  0.00  0.00  0.00  0.00  0.15  0.43  0.42  0.41  0.30  0.35  0.13  0.15  0.00  0.00  0.00  0.00  0.00  0.00  0.00  0.00  0.00  0.00  0.00  0.00  0.00  0.00  0.00  0.00  0.00  0.00  0.00  0.00
  0.30  0.63  0.76  1.13  1.34  1.48  1.02  0.62  0.15  0.25  0.23  0.20  0.18  0.16  0.15  0.08  0.14  0.22  0.22  0.13  0.12  0.12  0.06  0.13  0.15  0.17  0.09  0.08  0.00  0.00  0.00  0.00  0.00  0.00  0.00  0.00  0.11  0.35  0.35  0.35  0.27  0.31  0.11  0.14  0.18  0.00  0.00  0.00  0.00  0.00  0.00  0.00  0.00  0.00  0.00  0.00  0.00  0.00  0.00  0.00  0.00  0.00  0.00  0.00
  0.23  0.49  0.59  0.92  1.38  1.63  1.26  0.92  0.49  0.31  0.19  0.17  0.14  0.13  0.13  0.07  0.12  0.37  0.36  0.27  0.24  0.23  0.05  0.10  0.17  0.21  0.14  0.19  0.13  0.06  0.06  0.07  0.00  0.00  0.00  0.00  0.09  0.28  0.29  0.31  0.25  0.28  0.10  0.12  0.16  0.00  0.00  0.00  0.00  0.00  0.00  0.00  0.00  0.00  0.00  0.00  0.00  0.00  0.00  0.00  0.00  0.00  0.00  0.00
  0.47  0.91  0.98  1.39  1.91  1.91  1.28  1.09  0.61  0.26  0.23  0.20  0.10  0.09  0.18  0.09  0.09  0.34  0.34  0.29  0.32  0.49  0.33  0.39  0.43  0.38  0.21  0.26  0.20  0.13  0.13  0.08  0.00  0.00  0.00  0.00  0.09  0.20  0.22  0.25  0.25  0.14  0.00  0.00  0.00  0.00  0.00  0.00  0.00  0.00  0.00  0.00  0.00  0.00  0.00  0.00  0.00  0.00  0.00  0.00  0.00  0.00  0.00  0.00
  0.47  0.64  0.77  1.23  1.78  1.97  1.61  1.62  1.10  0.65  0.48  0.44  0.18  0.09  0.19  0.11  0.11  0.38  0.37  0.33  0.36  0.56  0.36  0.42  0.44  0.39  0.21  0.26  0.21  0.21  0.21  0.16  0.09  0.08  0.00  0.00  0.00  0.00  0.00  0.00  0.00  0.00  0.00  0.00  0.00  0.00  0.00  0.00  0.00  0.00  0.00  0.00  0.00  0.00  0.00  0.00  0.00  0.00  0.00  0.00  0.00  0.00  0.00  0.00
  0.33  0.42  0.35  0.49  0.98  1.18  1.05  1.42  1.16  0.72  0.55  0.44  0.18  0.10  0.21  0.11  0.11  0.40  0.37  0.36  0.40  0.63  0.40  0.49  0.52  0.55  0.33  0.39  0.33  0.28  0.21  0.16  0.08  0.08  0.00  0.00  0.00  0.00  0.00  0.00  0.00  0.00  0.00  0.00  0.00  0.00  0.00  0.00  0.00  0.00  0.00  0.00  0.00  0.00  0.00  0.00  0.00  0.00  0.00  0.00  0.00  0.00  0.00  0.00
  0.20  0.34  0.27  0.56  1.08  1.22  1.01  1.41  1.40  0.93  0.65  0.55  0.28  0.00  0.00  0.00  0.00  0.35  0.30  0.49  0.53  0.69  0.40  0.41  0.43  0.45  0.34  0.53  0.54  0.38  0.31  0.25  0.09  0.09  0.00  0.00  0.00  0.00  0.00  0.00  0.00  0.00  0.00  0.00  0.00  0.00  0.00  0.00  0.00  0.00  0.00  0.00  0.00  0.00  0.00  0.00  0.00  0.00  0.00  0.00  0.00  0.00  0.00  0.00
  0.60  0.75  0.55  0.91  0.75  0.64  0.00  0.83  1.03  0.86  0.70  0.62  0.48  0.10  0.11  0.12  0.13  0.00  0.00  0.22  0.32  0.74  0.67  0.69  0.80  0.83  0.49  0.60  0.61  0.35  0.26  0.19  0.10  0.11  0.00  0.00  0.00  0.00  0.00  0.00  0.00  0.00  0.00  0.00  0.00  0.00  0.00  0.00  0.00  0.00  0.00  0.00  0.00  0.00  0.00  0.00  0.00  0.00  0.00  0.00  0.00  0.00  0.00  0.00
  0.68  0.58  0.43  0.00  0.52  0.64  0.60  0.89  1.05  0.80  0.69  0.67  0.52  0.11  0.11  0.12  0.11  0.00  0.10  0.20  0.20  0.66  0.59  0.52  0.72  0.83  0.40  0.52  0.53  0.27  0.18  0.19  0.10  0.12  0.00  0.00  0.00  0.00  0.00  0.00  0.00  0.00  0.00  0.00  0.00  0.00  0.00  0.00  0.00  0.00  0.00  0.00  0.00  0.00  0.00  0.00  0.00  0.00  0.00  0.00  0.00  0.00  0.00  0.00
  0.81  0.67  0.46  0.48  0.54  0.40  0.43  0.52  0.68  0.50  0.49  0.43  0.44  0.10  0.10  0.10  0.10  0.00  0.18  0.28  0.28  0.71  0.72  0.58  0.81  0.95  0.54  0.57  0.53  0.15  0.07  0.08  0.00  0.00  0.00  0.00  0.00  0.00  0.00  0.00  0.00  0.00  0.00  0.00  0.00  0.00  0.00  0.00  0.00  0.00  0.00  0.00  0.00  0.00  0.00  0.00  0.00  0.00  0.00  0.00  0.00  0.00  0.00  0.00
  0.75  0.63  0.44  0.45  0.52  0.39  0.27  0.35  0.52  0.35  0.35  0.38  0.39  0.09  0.10  0.20  0.19  0.09  0.25  0.32  0.39  0.85  0.95  0.83  1.12  1.04  0.69  0.66  0.68  0.28  0.26  0.20  0.15  0.00  0.00  0.00  0.00  0.00  0.00  0.00  0.00  0.00  0.00  0.00  0.00  0.00  0.00  0.00  0.00  0.00  0.00  0.00  0.00  0.00  0.00  0.00  0.00  0.00  0.00  0.00  0.00  0.00  0.00  0.00
  0.61  0.52  0.43  0.24  0.28  0.21  0.15  0.23  0.48  0.39  0.40  0.43  0.44  0.19  0.11  0.21  0.19  0.09  0.24  0.23  0.30  0.70  1.04  0.94  1.25  1.22  1.06  0.72  0.71  0.34  0.26  0.13  0.15  0.00  0.00  0.00  0.00  0.00  0.00  0.00  0.00  0.00  0.00  0.00  0.00  0.00  0.00  0.00  0.00  0.00  0.00  0.00  0.00  0.00  0.00  0.00  0.00  0.00  0.00  0.00  0.00  0.00  0.00  0.00
  0.28  0.24  0.00  0.00  0.29  0.23  0.16  0.26  0.43  0.32  0.32  0.34  0.26  0.09  0.00  0.09  0.08  0.07  0.21  0.23  0.29  0.52  0.84  0.72  1.10  1.07  1.10  0.80  0.79  0.34  0.26  0.13  0.15  0.00  0.00  0.20  0.19  0.29  0.49  0.40  0.25  0.45  0.53  0.47  0.58  0.00  0.00  0.00  0.00  0.00  0.00  0.00  0.00  0.00  0.00  0.00  0.00  0.00  0.00  0.00  0.00  0.00  0.00  0.00
  0.00  0.00  0.00  0.00  0.00  0.21  0.16  0.13  0.33  0.35  0.26  0.26  0.26  0.08  0.00  0.08  0.08  0.13  0.21  0.22  0.35  0.40  0.65  0.59  1.00  0.93  1.18  0.84  0.82  0.39  0.31  0.13  0.15  0.00  0.00  0.19  0.20  0.37  0.60  0.45  0.28  0.48  0.57  0.52  0.65  0.00  0.00  0.00  0.00  0.00  0.00  0.00  0.00  0.00  0.00  0.00  0.00  0.00  0.00  0.00  0.00  0.00  0.00  0.00
  0.00  0.00  0.00  0.00  0.00  0.17  0.14  0.11  0.30  0.34  0.25  0.24  0.27  0.09  0.00  0.08  0.08  0.13  0.13  0.14  0.27  0.32  0.49  0.57  1.10  0.98  1.43  1.11  1.03  0.54  0.48  0.15  0.18  0.00  0.00  0.20  0.21  0.37  0.60  0.46  0.29  0.48  0.60  0.54  0.69  0.00  0.00  0.00  0.00  0.00  0.00  0.00  0.00  0.00  0.00  0.00  0.00  0.00  0.00  0.00  0.00  0.00  0.00  0.00
  0.00  0.00  0.00  0.00  0.00  0.15  0.14  0.22  0.50  0.57  0.47  0.45  0.38  0.09  0.00  0.00  0.00  0.06  0.07  0.07  0.14  0.13  0.21  0.29  0.72  0.74  1.24  1.00  0.89  0.44  0.38  0.00  0.00  0.00  0.00  0.19  0.17  0.31  0.53  0.45  0.30  0.52  0.63  0.57  0.68  0.00  0.00  0.00  0.00  0.00  0.00  0.00  0.00  0.00  0.00  0.00  0.00  0.00  0.00  0.00  0.00  0.00  0.00  0.00
  0.00  0.00  0.00  0.00  0.00  0.13  0.13  0.22  0.32  0.54  0.52  0.51  0.41  0.25  0.07  0.00  0.00  0.06  0.06  0.07  0.13  0.13  0.14  0.22  0.61  0.56  0.93  0.82  0.76  0.40  0.40  0.09  0.10  0.11  0.00  0.14  0.13  0.26  0.47  0.41  0.32  0.55  0.60  0.54  0.63  0.00  0.00  0.00  0.00  0.00  0.00  0.00  0.00  0.00  0.00  0.00  0.00  0.00  0.00  0.00  0.00  0.00  0.00  0.00
  0.00  0.00  0.15  0.16  0.13  0.24  0.23  0.20  0.30  0.53  0.61  0.59  0.48  0.33  0.15  0.00  0.00  0.06  0.07  0.07  0.13  0.13  0.20  0.27  0.42  0.38  0.73  0.56  0.51  0.40  0.41  0.09  0.10  0.10  0.00  0.00  0.00  0.00  0.00  0.00  0.00  0.18  0.21  0.25  0.30  0.00  0.00  0.00  0.00  0.00  0.00  0.00  0.00  0.00  0.00  0.00  0.00  0.00  0.00  0.00  0.00  0.00  0.00  0.00
  0.00  0.00  0.15  0.15  0.14  0.13  0.12  0.10  0.20  0.59  0.72  0.70  0.78  0.65  0.31  0.15  0.15  0.00  0.00  0.00  0.00  0.00  0.13  0.19  0.33  0.34  0.61  0.48  0.46  0.33  0.34  0.09  0.10  0.09  0.00  0.00  0.00  0.00  0.00  0.00  0.00  0.16  0.20  0.23  0.27  0.00  0.00  0.00  0.00  0.00  0.00  0.00  0.00  0.00  0.00  0.00  0.00  0.00  0.00  0.00  0.00  0.00  0.00  0.00
  0.00  0.00  0.16  0.16  0.15  0.13  0.23  0.33  0.40  0.73  0.93  0.82  0.87  0.78  0.50  0.29  0.28  0.00  0.00  0.00  0.00  0.00  0.13  0.12  0.12  0.13  0.22  0.08  0.09  0.16  0.23  0.16  0.18  0.17  0.10  0.00  0.00  0.00  0.00  0.00  0.00  0.14  0.18  0.22  0.25  0.00  0.00  0.00  0.00  0.00  0.00  0.00  0.00  0.00  0.00  0.00  0.00  0.00  0.00  0.00  0.00  0.00  0.00  0.00
  0.00  0.00  0.16  0.15  0.12  0.10  0.19  0.27  0.35  0.76  0.96  0.85  0.90  0.84  0.53  0.39  0.43  0.14  0.14  0.14  0.07  0.00  0.13  0.12  0.12  0.13  0.14  0.00  0.00  0.08  0.17  0.18  0.19  0.18  0.10  0.00  0.00  0.00  0.00  0.00  0.00  0.14  0.18  0.22  0.26  0.00  0.00  0.00  0.00  0.00  0.00  0.00  0.00  0.00  0.00  0.00  0.00  0.00  0.00  0.00  0.00  0.00  0.00  0.00
  0.00  0.00  0.31  0.29  0.36  0.29  0.35  0.34  0.42  0.62  0.77  0.67  0.81  0.78  0.62  0.56  0.65  0.28  0.27  0.19  0.12  0.00  0.06  0.06  0.06  0.16  0.17  0.12  0.13  0.13  0.08  0.09  0.10  0.10  0.10  0.00  0.00  0.00  0.00  0.00  0.00  0.13  0.20  0.25  0.33  0.00  0.00  0.00  0.00  0.00  0.00  0.00  0.00  0.00  0.00  0.00  0.00  0.00  0.00  0.00  0.00  0.00  0.00  0.00
  0.00  0.00  0.20  0.15  0.25  0.30  0.37  0.44  0.53  0.81  1.04  0.91  1.11  1.07  0.83  0.63  0.72  0.28  0.26  0.19  0.12  0.00  0.00  0.00  0.00  0.26  0.26  0.26  0.31  0.36  0.21  0.24  0.29  0.19  0.20  0.00  0.00  0.00  0.00  0.00  0.00  0.00  0.07  0.09  0.12  0.00  0.00  0.00  0.00  0.00  0.00  0.00  0.00  0.00  0.00  0.00  0.00  0.00  0.00  0.00  0.00  0.00  0.00  0.00
  0.00  0.00  0.20  0.16  0.25  0.30  0.48  0.53  0.63  0.77  1.08  0.93  0.98  0.99  0.90  0.77  0.76  0.47  0.44  0.35  0.18  0.06  0.06  0.00  0.00  0.25  0.24  0.23  0.27  0.31  0.17  0.30  0.43  0.39  0.41  0.25  0.09  0.00  0.00  0.00  0.00  0.00  0.00  0.00  0.00  0.00  0.00  0.00  0.00  0.00  0.00  0.00  0.00  0.00  0.00  0.00  0.00  0.00  0.00  0.00  0.00  0.00  0.00  0.00
  0.00  0.00  0.22  0.19  0.29  0.34  0.43  0.48  0.56  0.77  1.00  0.92  0.97  1.06  0.97  0.97  0.92  0.64  0.62  0.48  0.26  0.17  0.17  0.00  0.00  0.29  0.28  0.25  0.34  0.39  0.19  0.35  0.59  0.69  0.93  0.90  0.66  0.48  0.19  0.00  0.00  0.00  0.00  0.00  0.00  0.00  0.00  0.00  0.00  0.00  0.00  0.00  0.00  0.00  0.00  0.00  0.00  0.00  0.00  0.00  0.00  0.00  0.00  0.00
  0.00  0.00  0.21  0.20  0.39  0.45  0.56  0.48  0.43  0.63  0.83  0.78  0.93  1.13  1.03  0.95  0.81  0.50  0.50  0.35  0.20  0.15  0.17  0.06  0.05  0.42  0.41  0.39  0.44  0.53  0.27  0.42  0.58  0.73  0.86  0.86  0.67  0.55  0.26  0.09  0.10  0.10  0.10  0.00  0.00  0.00  0.00  0.00  0.00  0.00  0.00  0.00  0.00  0.00  0.00  0.00  0.00  0.00  0.00  0.00  0.00  0.00  0.00  0.00
  0.00  0.00  0.00  0.00  0.00  0.18  0.49  0.70  0.60  0.78  0.94  0.78  0.87  1.07  0.99  0.91  0.73  0.42  0.39  0.31  0.16  0.16  0.18  0.06  0.05  0.38  0.39  0.36  0.42  0.51  0.40  0.58  0.79  0.99  1.13  1.01  0.84  0.64  0.37  0.21  0.21  0.19  0.21  0.00  0.00  0.00  0.00  0.00  0.00  0.00  0.00  0.00  0.00  0.00  0.00  0.00  0.00  0.00  0.00  0.00  0.00  0.00  0.00  0.00
  0.00  0.39  0.26  0.23  0.21  0.18  0.31  0.55  0.49  0.62  0.63  0.51  0.61  0.82  0.79  0.93  0.74  0.46  0.42  0.33  0.16  0.16  0.17  0.12  0.11  0.33  0.54  0.49  0.47  0.53  0.47  0.55  0.75  0.99  1.14  1.12  0.91  0.69  0.38  0.21  0.22  0.21  0.19  0.00  0.00  0.00  0.00  0.00  0.00  0.00  0.00  0.00  0.00  0.00  0.00  0.00  0.00  0.00  0.00  0.00  0.00  0.00  0.00  0.00
  0.00  0.00  0.54  0.47  0.42  0.33  0.29  0.39  0.35  0.51  0.48  0.38  0.59  0.71  0.66  0.68  0.58  0.26  0.25  0.17  0.11  0.11  0.12  0.12  0.12  0.35  0.65  0.58  0.57  0.72  0.66  0.67  0.90  1.18  1.19  1.11  0.88  0.72  0.39  0.21  0.20  0.19  0.17  0.00  0.00  0.00  0.00  0.00  0.00  0.00  0.00  0.00  0.00  0.00  0.00  0.00  0.00  0.00  0.00  0.00  0.00  0.00  0.00  0.00
  0.77  0.00  0.79  0.44  0.39  0.32  0.27  0.26  0.24  0.31  0.29  0.21  0.52  0.55  0.49  0.46  0.37  0.06  0.00  0.00  0.00  0.06  0.06  0.17  0.17  0.40  0.62  0.66  0.64  0.84  0.79  0.71  0.77  0.80  0.70  0.52  0.35  0.28  0.29  0.28  0.29  0.27  0.21  0.09  0.00  0.00  0.00  0.00  0.00  0.00  0.00  0.00  0.00  0.00  0.00  0.00  0.00  0.00  0.00  0.00  0.00  0.00  0.00  0.00
  0.94  0.00  0.85  0.45  0.38  0.44  0.39  0.38  0.35  0.32  0.21  0.11  0.43  0.46  0.46  0.43  0.38  0.07  0.00  0.00  0.00  0.07  0.07  0.12  0.12  0.24  0.49  0.61  0.67  0.83  0.90  0.84  0.85  0.81  0.83  0.61  0.31  0.23  0.24  0.15  0.16  0.18  0.14  0.09  0.00  0.00  0.00  0.00  0.00  0.00  0.00  0.00  0.00  0.00  0.00  0.00  0.00  0.00  0.00  0.00  0.00  0.00  0.00  0.00
  1.85  1.69  1.35  0.94  0.63  0.56  0.24  0.13  0.11  0.11  0.00  0.00  0.30  0.27  0.26  0.25  0.22  0.00  0.00  0.00  0.00  0.08  0.07  0.13  0.13  0.25  0.49  0.62  0.69  0.84  0.70  0.76  0.67  0.54  0.56  0.62  0.22  0.22  0.22  0.14  0.08  0.09  0.07  0.09  0.00  0.00  0.00  0.00  0.00  0.00  0.00  0.00  0.00  0.00  0.00  0.00  0.00  0.00  0.00  0.00  0.00  0.00  0.00  0.00
  2.70  1.96  1.71  1.05  0.61  0.56  0.36  0.12  0.10  0.10  0.00  0.00  0.21  0.49  0.47  0.41  0.41  0.45  0.27  0.26  0.28  0.31  0.08  0.07  0.14  0.21  0.28  0.41  0.52  0.65  0.63  0.82  0.72  0.71  0.63  0.61  0.33  0.32  0.26  0.14  0.08  0.09  0.08  0.10  0.00  0.00  0.00  0.00  0.00  0.00  0.00  0.00  0.00  0.00  0.00  0.00  0.00  0.00  0.00  0.00  0.00  0.00  0.00  0.00
  2.71  2.16  1.75  1.18  0.65  0.40  0.23  0.12  0.10  0.00  0.00  0.00  0.11  0.44  0.43  0.38  0.45  0.54  0.35  0.34  0.35  0.32  0.08  0.07  0.16  0.23  0.23  0.41  0.51  0.51  0.55  0.69  0.53  0.51  0.56  0.52  0.42  0.44  0.39  0.27  0.23  0.19  0.17  0.21  0.18  0.00  0.00  0.00  0.00  0.00  0.00  0.00  0.00  0.00  0.00  0.00  0.00  0.00  0.00  0.00  0.00  0.00  0.00  0.00
  2.31  1.89  1.57  1.12  0.63  0.38  0.23  0.11  0.10  0.11  0.00  0.00  0.00  0.40  0.38  0.33  0.41  0.84  0.69  0.67  0.72  0.69  0.00  0.00  0.09  0.08  0.17  0.34  0.44  0.52  0.66  0.90  0.70  0.70  0.60  0.55  0.36  0.37  0.32  0.21  0.16  0.10  0.12  0.15  0.30  0.00  0.00  0.00  0.00  0.00  0.00  0.00  0.00  0.00  0.00  0.00  0.00  0.00  0.00  0.00  0.00  0.00  0.00  0.00
  2.25  2.31  2.09  1.58  1.07  0.79  0.36  0.12  0.12  0.12  0.00  0.00  0.00  0.45  0.42  0.35  0.41  0.84  0.69  0.68  0.73  0.73  0.00  0.00  0.09  0.08  0.08  0.09  0.18  0.26  0.42  0.66  0.60  0.59  0.46  0.42  0.33  0.36  0.31  0.26  0.19  0.11  0.00  0.14  0.25  0.00  0.00  0.00  0.00  0.00  0.00  0.00  0.00  0.00  0.00  0.00  0.00  0.00  0.00  0.00  0.00  0.00  0.00  0.00
  3.05  2.93  2.71  2.15  1.53  0.96  0.54  0.25  0.24  0.13  0.00  0.00  0.16  0.60  0.56  0.44  0.47  0.84  0.69  0.69  0.76  0.78  0.00  0.09  0.17  0.16  0.16  0.17  0.18  0.27  0.43  0.52  0.45  0.54  0.41  0.29  0.33  0.38  0.25  0.18  0.29  0.21  0.23  0.26  0.40  0.00  0.00  0.00  0.00  0.00  0.00  0.00  0.00  0.00  0.00  0.00  0.00  0.00  0.00  0.00  0.00  0.00  0.00  0.00
  2.61  2.58  2.29  1.92  1.46  0.86  0.44  0.28  0.28  0.16  0.00  0.00  0.15  0.14  0.13  0.11  0.19  0.57  0.59  0.58  0.62  0.62  0.00  0.09  0.09  0.08  0.09  0.09  0.10  0.28  0.45  0.54  0.45  0.48  0.33  0.25  0.29  0.34  0.28  0.29  0.30  0.23  0.24  0.27  0.37  0.00  0.00  0.00  0.00  0.00  0.00  0.00  0.00  0.00  0.00  0.00  0.00  0.00  0.00  0.00  0.00  0.00  0.00  0.00
  3.36  3.11  2.59  2.01  1.42  0.87  0.46  0.33  0.32  0.18  0.00  0.00  0.13  0.12  0.11  0.10  0.19  0.61  0.67  0.89  0.91  0.88  0.25  0.26  0.08  0.08  0.08  0.08  0.09  0.27  0.36  0.47  0.41  0.45  0.29  0.28  0.16  0.18  0.10  0.10  0.19  0.21  0.19  0.21  0.27  0.00  0.00  0.00  0.00  0.00  0.00  0.00  0.00  0.00  0.00  0.00  0.00  0.00  0.00  0.00  0.00  0.00  0.00  0.00
  4.64  3.92  3.15  2.60  1.81  0.88  0.48  0.35  0.33  0.20  0.00  0.00  0.13  0.13  0.11  0.29  0.50  0.66  0.69  1.05  1.09  0.83  0.57  0.53  0.26  0.09  0.09  0.35  0.27  0.33  0.48  0.51  0.31  0.40  0.40  0.31  0.28  0.23  0.16  0.09  0.16  0.17  0.15  0.18  0.22  0.00  0.00  0.00  0.00  0.00  0.00  0.00  0.00  0.00  0.00  0.00  0.00  0.00  0.00  0.00  0.00  0.00  0.00  0.00
  4.93  3.75  2.56  1.90  1.07  0.27  0.14  0.17  0.17  0.00  0.00  0.00  0.13  0.12  0.11  0.64  0.87  1.00  1.16  1.49  1.33  1.00  0.91  0.71  0.36  0.18  0.19  0.35  0.26  0.29  0.49  0.51  0.42  0.57  0.59  0.49  0.45  0.34  0.21  0.15  0.15  0.16  0.13  0.15  0.19  0.00  0.00  0.00  0.00  0.00  0.00  0.00  0.00  0.00  0.00  0.00  0.00  0.00  0.00  0.00  0.00  0.00  0.00  0.00
  0.00  1.69  1.26  0.97  0.65  0.29  0.21  0.25  0.14  0.00  0.00  0.12  0.09  0.09  0.24  0.78  1.22  1.39  1.52  1.72  1.52  0.90  0.90  0.65  0.34  0.20  0.27  0.41  0.59  0.71  0.70  0.65  0.65  0.58  0.51  0.49  0.48  0.33  0.30  0.22  0.13  0.15  0.12  0.07  0.09  0.00  0.00  0.00  0.00  0.00  0.00  0.00  0.00  0.00  0.00  0.00  0.00  0.00  0.00  0.00  0.00  0.00  0.00  0.00
  0.00  1.71  1.29  1.05  0.70  0.32  0.23  0.28  0.16  0.00  0.00  0.14  0.11  0.10  0.29  0.95  1.37  1.50  1.61  1.77  1.60  0.98  1.00  0.76  0.39  0.22  0.31  0.46  0.65  0.74  0.68  0.63  0.63  0.55  0.50  0.49  0.47  0.31  0.28  0.18  0.14  0.17  0.13  0.08  0.10  0.00  0.00  0.00  0.00  0.00  0.00  0.00  0.00  0.00  0.00  0.00  0.00  0.00  0.00  0.00  0.00  0.00  0.00  0.00
  0.00  1.29  0.97  0.90  0.71  0.39  0.28  0.34  0.21  0.00  0.00  0.19  0.15  0.14  0.39  1.19  1.49  1.60  1.67  1.72  1.57  0.99  1.04  0.78  0.50  0.28  0.39  0.55  0.76  0.85  0.75  0.68  0.70  0.60  0.54  0.53  0.53  0.35  0.33  0.22  0.09  0.10  0.08  0.00  0.00  0.00  0.00  0.00  0.00  0.00  0.00  0.00  0.00  0.00  0.00  0.00  0.00  0.00  0.00  0.00  0.00  0.00  0.00  0.00
  0.00  0.00  0.00  0.00  0.00  0.00  0.00  0.00  0.00  0.00  0.00  0.00  0.00  0.00  0.00  0.00  0.00  1.47  1.64  0.00  0.00  0.00  0.00  0.00  0.00  0.00  0.00  0.00  0.00  0.00  0.00  0.00  0.00  0.00  0.00  0.00  0.00  0.00  0.00  0.00  0.00  0.00  0.00  0.00  0.00  0.00  0.00  0.00  0.00  0.00  0.00  0.00  0.00  0.00  0.00  0.00  0.00  0.00  0.00  0.00  0.00  0.00  0.00  0.00
  0.00  0.00  0.00  0.00  0.00  0.00  0.00  0.00  0.00  0.00  0.00  0.00  0.00  0.00  0.00  0.00  0.00  0.00  0.00  0.00  0.00  0.00  0.00  0.00  0.00  0.00  0.00  0.00  0.00  0.00  0.00  0.00  0.00  0.00  0.00  0.00  0.00  0.00  0.00  0.00  0.00  0.00  0.00  0.00  0.00  0.00  0.00  0.00  0.00  0.00  0.00  0.00  0.00  0.00  0.00  0.00  0.00  0.00  0.00  0.00  0.00  0.00  0.00  0.00
  0.00  0.00  0.00  0.00  0.00  0.00  0.00  0.00  0.00  0.00  0.00  0.00  0.00  0.00  0.00  0.00  0.00  0.00  0.00  0.00  0.00  0.00  0.00  0.00  0.00  0.00  0.00  0.00  0.00  0.00  0.00  0.00  0.00  0.00  0.00  0.00  0.00  0.00  0.00  0.00  0.00  0.00  0.00  0.00  0.00  0.00  0.00  0.00  0.00  0.00  0.00  0.00  0.00  0.00  0.00  0.00  0.00  0.00  0.00  0.00  0.00  0.00  0.00  0.00
  0.00  0.00  0.00  0.00  0.00  0.00  0.00  0.00  0.00  0.00  0.00  0.00  0.00  0.00  0.00  0.00  0.00  0.00  0.00  0.00  0.00  0.00  0.00  0.00  0.00  0.00  0.00  0.00  0.00  0.00  0.00  0.00  0.00  0.00  0.00  0.00  0.00  0.00  0.00  0.00  0.00  0.00  0.00  0.00  0.00  0.00  0.00  0.00  0.00  0.00  0.00  0.00  0.00  0.00  0.00  0.00  0.00  0.00  0.00  0.00  0.00  0.00  0.00  0.00
  0.00  0.00  0.00  0.00  0.00  0.00  0.00  0.00  0.00  0.00  0.00  0.00  0.00  0.00  0.00  0.00  0.00  0.00  0.00  0.00  0.00  0.00  0.00  0.00  0.00  0.00  0.00  0.00  0.00  0.00  0.00  0.00  0.00  0.00  0.00  0.00  0.00  0.00  0.00  0.00  0.00  0.00  0.00  0.00  0.00  0.00  0.00  0.00  0.00  0.00  0.00  0.00  0.00  0.00  0.00  0.00  0.00  0.00  0.00  0.00  0.00  0.00  0.00  0.00
  0.00  0.00  0.00  0.00  0.00  0.00  0.00  0.00  0.00  0.00  0.00  0.00  0.00  0.00  0.00  0.00  0.00  0.00  0.00  0.00  0.00  0.00  0.00  0.00  0.00  0.00  0.00  0.00  0.00  0.00  0.00  0.00  0.00  0.00  0.00  0.00  0.00  0.00  0.00  0.00  0.00  0.00  0.00  0.00  0.00  0.00  0.00  0.00  0.00  0.00  0.00  0.00  0.00  0.00  0.00  0.00  0.00  0.00  0.00  0.00  0.00  0.00  0.00  0.00
  0.00  0.00  0.00  0.00  0.00  0.00  0.00  0.00  0.00  0.00  0.00  0.00  0.00  0.00  0.00  0.00  0.00  0.00  0.00  0.00  0.00  0.00  0.00  0.00  0.00  0.00  0.00  0.00  0.00  0.00  0.00  0.00  0.00  0.00  0.00  0.00  0.00  0.00  0.00  0.00  0.00  0.00  0.00  0.00  0.00  0.00  0.00  0.00  0.00  0.00  0.00  0.00  0.00  0.00  0.00  0.00  0.00  0.00  0.00  0.00  0.00  0.00  0.00  0.00
  0.00  0.00  0.00  0.00  0.00  0.00  0.00  0.00  0.00  0.00  0.00  0.00  0.00  0.00  0.00  0.00  0.00  0.00  0.00  0.00  0.00  0.00  0.00  0.00  0.00  0.00  0.00  0.00  0.00  0.00  0.00  0.00  0.00  0.00  0.00  0.00  0.00  0.00  0.00  0.00  0.00  0.00  0.00  0.00  0.00  0.00  0.00  0.00  0.00  0.00  0.00  0.00  0.00  0.00  0.00  0.00  0.00  0.00  0.00  0.00  0.00  0.00  0.00  0.00
  0.00  0.00  0.00  0.00  0.00  0.00  0.00  0.00  0.00  0.00  0.00  0.00  0.00  0.00  0.00  0.00  0.00  0.00  0.00  0.00  0.00  0.00  0.00  0.00  0.00  0.00  0.00  0.00  0.00  0.00  0.00  0.00  0.00  0.00  0.00  0.00  0.00  0.00  0.00  0.00  0.00  0.00  0.00  0.00  0.00  0.00  0.00  0.00  0.00  0.00  0.00  0.00  0.00  0.00  0.00  0.00  0.00  0.00  0.00  0.00  0.00  0.00  0.00  0.00
  0.00  0.00  0.00  0.00  0.00  0.00  0.00  0.00  0.00  0.00  0.00  0.00  0.00  0.00  0.00  0.00  0.00  0.00  0.00  0.00  0.00  0.00  0.00  0.00  0.00  0.00  0.00  0.00  0.00  0.00  0.00  0.00  0.00  0.00  0.00  0.00  0.00  0.00  0.00  0.00  0.00  0.00  0.00  0.00  0.00  0.00  0.00  0.00  0.00  0.00  0.00  0.00  0.00  0.00  0.00  0.00  0.00  0.00  0.00  0.00  0.00  0.00  0.00  0.00
  0.00  0.00  0.00  0.00  0.00  0.00  0.00  0.00  0.00  0.00  0.00  0.00  0.00  0.00  0.00  0.00  0.00  0.00  0.00  0.00  0.00  0.00  0.00  0.00  0.00  0.00  0.00  0.00  0.00  0.00  0.00  0.00  0.00  0.00  0.00  0.00  0.00  0.00  0.00  0.00  0.00  0.00  0.00  0.00  0.00  0.00  0.00  0.00  0.00  0.00  0.00  0.00  0.00  0.00  0.00  0.00  0.00  0.00  0.00  0.00  0.00  0.00  0.00  0.00
  0.00  0.00  0.00  0.00  0.00  0.00  0.00  0.00  0.00  0.00  0.00  0.00  0.00  0.00  0.00  0.00  0.00  0.00  0.00  0.00  0.00  0.00  0.00  0.00  0.00  0.00  0.00  0.00  0.00  0.00  0.00  0.00  0.00  0.00  0.00  0.00  0.00  0.00  0.00  0.00  0.00  0.00  0.00  0.00  0.00  0.00  0.00  0.00  0.00  0.00  0.00  0.00  0.00  0.00  0.00  0.00  0.00  0.00  0.00  0.00  0.00  0.00  0.00  0.00
  0.00  0.00  0.00  0.00  0.00  0.00  0.00  0.00  0.00  0.00  0.00  0.00  0.00  0.00  0.00  0.00  0.00  0.00  0.00  0.00  0.00  0.00  0.00  0.00  0.00  0.00  0.00  0.00  0.00  0.00  0.00  0.00  0.00  0.00  0.00  0.00  0.00  0.00  0.00  0.00  0.00  0.00  0.00  0.00  0.00  0.00  0.00  0.00  0.00  0.00  0.00  0.00  0.00  0.00  0.00  0.00  0.00  0.00  0.00  0.00  0.00  0.00  0.00  0.00
  0.00  0.00  0.00  0.00  0.00  0.00  0.00  0.00  0.00  0.00  0.00  0.00  0.00  0.00  0.00  0.00  0.00  0.00  0.00  0.00  0.00  0.00  0.00  0.00  0.00  0.00  0.00  0.00  0.00  0.00  0.00  0.00  0.00  0.00  0.00  0.00  0.00  0.00  0.00  0.00  0.00  0.00  0.00  0.00  0.00  0.00  0.00  0.00  0.00  0.00  0.00  0.00  0.00  0.00  0.00  0.00  0.00  0.00  0.00  0.00  0.00  0.00  0.00  0.00
  0.00  0.00  0.00  0.00  0.00  0.00  0.00  0.00  0.00  0.00  0.00  0.00  0.00  0.00  0.00  0.00  0.00  0.00  0.00  0.00  0.00  0.00  0.00  0.00  0.00  0.00  0.00  0.00  0.00  0.00  0.00  0.00  0.00  0.00  0.00  0.00  0.00  0.00  0.00  0.00  0.00  0.00  0.00  0.00  0.00  0.00  0.00  0.00  0.00  0.00  0.00  0.00  0.00  0.00  0.00  0.00  0.00  0.00  0.00  0.00  0.00  0.00  0.00  0.00
  0.00  0.00  0.00  0.00  0.00  0.00  0.00  0.00  0.00  0.00  0.00  0.00  0.00  0.00  0.00  0.00  0.00  0.00  0.00  0.00  0.00  0.00  0.00  0.00  0.00  0.00  0.00  0.00  0.00  0.00  0.00  0.00  0.00  0.00  0.00  0.00  0.00  0.00  0.00  0.00  0.00  0.00  0.00  0.00  0.00  0.00  0.00  0.00  0.00  0.00  0.00  0.00  0.00  0.00  0.00  0.00  0.00  0.00  0.00  0.00  0.00  0.00  0.00  0.00
  0.00  0.00  0.00  0.00  0.00  0.00  0.00  0.00  0.00  0.00  0.00  0.00  0.00  0.00  0.00  0.00  0.00  0.00  0.00  0.00  0.00  0.00  0.00  0.00  0.00  0.00  0.00  0.00  0.00  0.00  0.00  0.00  0.00  0.00  0.00  0.00  0.00  0.00  0.00  0.00  0.00  0.00  0.00  0.00  0.00  0.00  0.00  0.00  0.00  0.00  0.00  0.00  0.00  0.00  0.00  0.00  0.00  0.00  0.00  0.00  0.00  0.00  0.00  0.00
  0.00  0.00  0.00  0.00  0.00  0.00  0.00  0.00  0.00  0.00  0.00  0.00  0.00  0.00  0.00  0.00  0.00  0.00  0.00  0.00  0.00  0.00  0.00  0.00  0.00  0.00  0.00  0.00  0.00  0.00  0.00  0.00  0.00  0.00  0.00  0.00  0.00  0.00  0.00  0.00  0.00  0.00  0.00  0.00  0.00  0.00  0.00  0.00  0.00  0.00  0.00  0.00  0.00  0.00  0.00  0.00  0.00  0.00  0.00  0.00  0.00  0.00  0.00  0.00
  0.00  0.00  0.00  0.00  0.00  0.00  0.00  0.00  0.00  0.00  0.00  0.00  0.00  0.00  0.00  0.00  0.00  0.00  0.00  0.00  0.00  0.00  0.00  0.00  0.00  0.00  0.00  0.00  0.00  0.00  0.00  0.00  0.00  0.00  0.00  0.00  0.00  0.00  0.00  0.00  0.00  0.00  0.00  0.00  0.00  0.00  0.00  0.00  0.00  0.00  0.00  0.00  0.00  0.00  0.00  0.00  0.00  0.00  0.00  0.00  0.00  0.00  0.00  0.00
  0.00  0.00  0.00  0.00  0.00  0.00  0.00  0.00  0.00  0.00  0.00  0.00  0.00  0.00  0.00  0.00  0.00  0.00  0.00  0.00  0.00  0.00  0.00  0.00  0.00  0.00  0.00  0.00  0.00  0.00  0.00  0.00  0.00  0.00  0.00  0.00  0.00  0.00  0.00  0.00  0.00  0.00  0.00  0.00  0.00  0.00  0.00  0.00  0.00  0.00  0.00  0.00  0.00  0.00  0.00  0.00  0.00  0.00  0.00  0.00  0.00  0.00  0.00  0.00

 density range (Hz): 0.000000 4.929577