Array Size: 64  64
  0.00  0.00  0.00  0.00  0.08  0.07  0.13  0.12  0.12  0.11  0.22  0.10  0.32  0.97  1.02  1.04  1.14  1.32  1.15  1.34  1.22  1.30  0.93  0.58  0.17  0.09  0.00  0.16  0.16  0.23  0.24  0.29  0.10  0.11  0.00  0.00  0.13  0.13  0.21  0.27  0.26  0.18  0.18  0.22  0.16  0.21  0.00  0.00  0.00  0.00  0.00  0.00  0.00  0.00  0.00  0.00  0.00  0.00  0.00  0.00  0.00  0.00  0.00  0.00
  0.00  0.00  0.00  0.00  0.07  0.05  0.10  0.09  0.09  0.07  0.17  0.08  0.26  0.81  1.06  1.20  1.31  1.49  1.32  1.39  1.22  1.17  0.84  0.60  0.22  0.17  0.05  0.16  0.17  0.24  0.19  0.22  0.14  0.22  0.24  0.34  0.41  0.38  0.33  0.44  0.35  0.28  0.28  0.34  0.12  0.17  0.00  0.00  0.00  0.00  0.00  0.00  0.00  0.00  0.00  0.00  0.00  0.00  0.00  0.00  0.00  0.00  0.00  0.00
  0.00  0.00  0.00  0.00  0.06  0.05  0.09  0.08  0.08  0.06  0.29  0.21  0.46  0.91  1.06  1.07  1.18  1.26  1.11  1.27  1.10  1.09  0.88  0.68  0.33  0.25  0.09  0.17  0.22  0.32  0.35  0.39  0.27  0.33  0.30  0.31  0.37  0.50  0.42  0.57  0.48  0.40  0.28  0.33  0.09  0.00  0.00  0.00  0.00  0.00  0.00  0.00  0.00  0.00  0.00  0.00  0.00  0.00  0.00  0.00  0.00  0.00  0.00  0.00
  0.00  0.42  0.25  0.29  0.16  0.12  0.11  0.12  0.06  0.07  0.25  0.19  0.45  0.99  1.22  1.24  1.40  1.37  1.06  1.26  1.04  0.92  0.80  0.67  0.32  0.28  0.12  0.21  0.26  0.34  0.43  0.54  0.38  0.57  0.50  0.46  0.42  0.55  0.27  0.46  0.38  0.34  0.22  0.32  0.09  0.00  0.00  0.00  0.00  0.00  0.00  0.00  0.00  0.00  0.00  0.00  0.00  0.00  0.00  0.00  0.00  0.00  0.00  0.00
  0.34  0.50  0.33  0.32  0.21  0.16  0.11  0.11  0.06  0.07  0.25  0.19  0.31  0.84  1.05  1.05  1.15  1.10  0.79  1.04  0.89  0.83  0.78  0.70  0.34  0.34  0.18  0.23  0.28  0.37  0.42  0.52  0.43  0.62  0.60  0.61  0.61  0.85  0.62  0.72  0.50  0.47  0.24  0.27  0.09  0.00  0.00  0.00  0.00  0.00  0.00  0.00  0.00  0.00  0.00  0.00  0.00  0.00  0.00  0.00  0.00  0.00  0.00  0.00
  0.00  0.45  0.31  0.39  0.30  0.24  0.12  0.13  0.00  0.00  0.19  0.20  0.32  0.39  0.59  0.58  0.76  0.70  0.66  0.81  0.70  0.68  0.67  0.60  0.36  0.37  0.21  0.21  0.28  0.32  0.37  0.47  0.45  0.85  0.86  0.87  0.87  1.21  0.83  1.06  0.74  0.66  0.28  0.31  0.09  0.00  0.00  0.00  0.00  0.00  0.00  0.00  0.00  0.00  0.00  0.00  0.00  0.00  0.00  0.00  0.00  0.00  0.00  0.00
  0.00  0.40  0.30  0.42  0.33  0.31  0.17  0.18  0.00  0.00  0.22  0.23  0.33  0.41  0.35  0.17  0.30  0.21  0.21  0.48  0.49  0.54  0.59  0.53  0.34  0.34  0.19  0.20  0.28  0.32  0.46  0.58  0.56  1.18  1.25  1.19  1.21  1.59  1.12  1.02  0.82  0.65  0.15  0.16  0.09  0.00  0.00  0.00  0.00  0.00  0.00  0.00  0.00  0.00  0.00  0.00  0.00  0.00  0.00  0.00  0.00  0.00  0.00  0.00
  0.00  0.43  0.33  0.49  0.41  0.48  0.30  0.30  0.10  0.11  0.00  0.00  0.00  0.23  0.31  0.37  0.46  0.45  0.38  0.48  0.40  0.35  0.34  0.27  0.13  0.21  0.15  0.17  0.27  0.22  0.23  0.38  0.61  1.26  1.41  1.64  1.70  0.00  1.27  1.06  0.61  0.41  0.08  0.09  0.10  0.00  0.00  0.00  0.00  0.00  0.00  0.00  0.00  0.00  0.00  0.00  0.00  0.00  0.00  0.00  0.00  0.00  0.00  0.00
  0.00  0.15  0.12  0.24  0.26  0.38  0.26  0.25  0.13  0.13  0.00  0.00  0.00  0.25  0.40  0.43  0.41  0.40  0.27  0.21  0.14  0.08  0.16  0.15  0.15  0.22  0.23  0.17  0.47  0.46  0.36  0.51  0.76  1.21  1.42  1.86  1.85  2.03  1.45  1.16  0.70  0.54  0.16  0.09  0.10  0.13  0.00  0.00  0.00  0.00  0.00  0.00  0.00  0.00  0.00  0.00  0.00  0.00  0.00  0.00  0.00  0.00  0.00  0.00
  0.00  0.16  0.14  0.29  0.48  0.70  0.50  0.44  0.29  0.15  0.00  0.00  0.00  0.12  0.29  0.32  0.36  0.35  0.29  0.19  0.21  0.09  0.18  0.17  0.22  0.15  0.14  0.07  0.28  0.25  0.26  0.41  0.73  1.29  1.43  1.89  1.82  1.90  1.35  1.12  0.56  0.33  0.08  0.00  0.00  0.00  0.00  0.00  0.00  0.00  0.00  0.00  0.00  0.00  0.00  0.00  0.00  0.00  0.00  0.00  0.00  0.00  0.00  0.00
  0.19  0.33  0.29  0.47  0.66  0.68  0.67  0.60  0.62  0.47  0.34  0.16  0.15  0.13  0.31  0.33  0.36  0.35  0.28  0.19  0.21  0.09  0.18  0.25  0.42  0.34  0.30  0.23  0.36  0.21  0.21  0.36  0.68  0.89  1.01  1.44  1.40  1.40  1.12  0.97  0.51  0.32  0.16  0.08  0.10  0.00  0.00  0.00  0.00  0.00  0.00  0.00  0.00  0.00  0.00  0.00  0.00  0.00  0.00  0.00  0.00  0.00  0.00  0.00
  0.41  0.53  0.62  0.79  0.84  0.89  0.86  0.64  0.67  0.49  0.34  0.17  0.29  0.26  0.43  0.43  0.39  0.31  0.24  0.13  0.14  0.08  0.16  0.31  0.48  0.41  0.36  0.24  0.31  0.22  0.23  0.34  0.60  0.60  0.53  0.94  0.89  0.85  0.71  0.72  0.30  0.21  0.17  0.09  0.11  0.00  0.00  0.00  0.00  0.00  0.00  0.00  0.00  0.00  0.00  0.00  0.00  0.00  0.00  0.00  0.00  0.00  0.00  0.00
  0.43  0.54  0.61  0.74  0.93  1.64  1.61  1.75  1.84  1.41  0.57  0.41  0.24  0.11  0.19  0.25  0.26  0.19  0.18  0.13  0.14  0.18  0.26  0.51  0.68  0.55  0.48  0.33  0.30  0.21  0.22  0.25  0.39  0.49  0.43  0.75  0.64  0.65  0.52  0.50  0.20  0.29  0.25  0.18  0.22  0.00  0.00  0.00  0.00  0.00  0.00  0.00  0.00  0.00  0.00  0.00  0.00  0.00  0.00  0.00  0.00  0.00  0.00  0.00
  0.49  0.58  1.20  1.44  1.79  2.65  2.74  2.55  2.31  1.75  0.70  0.45  0.20  0.10  0.10  0.18  0.20  0.13  0.18  0.24  0.41  0.57  0.60  0.81  0.85  0.60  0.52  0.38  0.20  0.16  0.16  0.06  0.09  0.19  0.16  0.46  0.44  0.43  0.35  0.30  0.08  0.15  0.14  0.18  0.22  0.00  0.00  0.00  0.00  0.00  0.00  0.00  0.00  0.00  0.00  0.00  0.00  0.00  0.00  0.00  0.00  0.00  0.00  0.00
  0.88  0.90  1.53  1.73  2.06  2.92  3.03  3.16  2.61  1.96  0.83  0.59  0.36  0.19  0.19  0.29  0.24  0.08  0.23  0.44  0.60  0.83  0.83  0.99  0.92  0.72  0.66  0.49  0.29  0.23  0.16  0.06  0.07  0.13  0.07  0.21  0.20  0.27  0.18  0.25  0.20  0.25  0.18  0.26  0.22  0.00  0.00  0.00  0.00  0.00  0.00  0.00  0.00  0.00  0.00  0.00  0.00  0.00  0.00  0.00  0.00  0.00  0.00  0.00
  0.50  0.60  1.29  1.42  1.84  3.24  3.21  3.30  2.78  2.13  0.70  0.50  0.28  0.20  0.20  0.30  0.25  0.17  0.33  0.54  0.79  1.10  1.09  1.26  1.08  0.80  0.72  0.46  0.20  0.25  0.17  0.06  0.06  0.11  0.05  0.15  0.15  0.24  0.18  0.24  0.21  0.26  0.16  0.24  0.22  0.00  0.00  0.00  0.00  0.00  0.00  0.00  0.00  0.00  0.00  0.00  0.00  0.00  0.00  0.00  0.00  0.00  0.00  0.00
  0.49  0.59  1.13  1.15  1.81  2.91  2.80  2.88  2.50  1.96  0.73  0.55  0.18  0.09  0.19  0.38  0.41  0.50  0.69  0.81  0.99  1.38  1.33  1.45  1.38  1.06  0.79  0.56  0.30  0.22  0.13  0.06  0.06  0.05  0.04  0.12  0.08  0.16  0.24  0.35  0.39  0.44  0.36  0.37  0.33  0.00  0.00  0.00  0.00  0.00  0.00  0.00  0.00  0.00  0.00  0.00  0.00  0.00  0.00  0.00  0.00  0.00  0.00  0.00
  0.69  0.76  1.36  1.27  1.96  2.37  2.27  2.11  1.84  1.31  0.63  0.46  0.19  0.10  0.20  0.39  0.51  0.59  0.79  0.92  1.08  1.32  1.25  1.37  1.50  1.26  0.94  0.76  0.47  0.23  0.13  0.12  0.06  0.05  0.11  0.17  0.21  0.28  0.44  0.48  0.57  0.56  0.51  0.44  0.46  0.00  0.00  0.00  0.00  0.00  0.00  0.00  0.00  0.00  0.00  0.00  0.00  0.00  0.00  0.00  0.00  0.00  0.00  0.00
  0.73  0.95  0.97  0.78  1.28  1.55  1.28  1.33  1.27  0.85  0.45  0.38  0.20  0.10  0.19  0.38  0.51  0.62  0.75  0.85  0.85  0.99  1.13  1.21  1.49  1.45  1.26  0.87  0.72  0.30  0.18  0.16  0.10  0.04  0.11  0.18  0.25  0.33  0.50  0.57  0.67  0.60  0.54  0.46  0.45  0.00  0.00  0.00  0.00  0.00  0.00  0.00  0.00  0.00  0.00  0.00  0.00  0.00  0.00  0.00  0.00  0.00  0.00  0.00
  0.50  0.59  0.72  0.50  0.95  1.07  0.91  0.84  0.86  0.53  0.27  0.19  0.00  0.00  0.09  0.28  0.43  0.60  0.62  0.57  0.57  0.75  0.97  1.24  1.65  1.57  1.44  1.07  0.86  0.38  0.31  0.22  0.16  0.09  0.19  0.25  0.33  0.33  0.64  0.71  0.84  0.86  0.95  0.73  0.82  0.00  0.00  0.00  0.00  0.00  0.00  0.00  0.00  0.00  0.00  0.00  0.00  0.00  0.00  0.00  0.00  0.00  0.00  0.00
  0.51  0.60  0.83  0.59  0.92  0.75  0.54  0.51  0.51  0.26  0.25  0.27  0.00  0.00  0.08  0.26  0.51  0.66  0.68  0.84  0.75  0.83  1.31  1.50  1.76  1.67  1.52  1.05  0.94  0.48  0.45  0.27  0.21  0.14  0.26  0.32  0.47  0.43  0.85  0.91  1.01  0.96  1.15  0.86  0.94  0.00  0.00  0.00  0.00  0.00  0.00  0.00  0.00  0.00  0.00  0.00  0.00  0.00  0.00  0.00  0.00  0.00  0.00  0.00
  0.35  0.43  0.67  0.56  0.73  0.58  0.41  0.32  0.32  0.16  0.16  0.18  0.00  0.00  0.00  0.08  0.25  0.39  0.42  0.69  0.66  0.64  1.06  1.26  1.43  1.33  1.33  0.94  0.79  0.42  0.42  0.20  0.16  0.10  0.26  0.48  0.75  0.70  1.02  1.04  1.13  1.18  1.37  1.28  1.41  0.00  0.00  0.00  0.00  0.00  0.00  0.00  0.00  0.00  0.00  0.00  0.00  0.00  0.00  0.00  0.00  0.00  0.00  0.00
  0.30  0.39  0.51  0.48  0.46  0.30  0.25  0.23  0.22  0.22  0.22  0.16  0.00  0.00  0.00  0.00  0.07  0.21  0.22  0.45  0.57  0.71  1.12  1.40  1.42  1.19  1.16  0.79  0.65  0.49  0.50  0.31  0.31  0.27  0.29  0.47  0.64  0.60  0.81  0.95  1.22  1.35  1.50  1.52  1.65  0.00  0.00  0.00  0.00  0.00  0.00  0.00  0.00  0.00  0.00  0.00  0.00  0.00  0.00  0.00  0.00  0.00  0.00  0.00
  0.14  0.12  0.30  0.31  0.30  0.20  0.26  0.23  0.22  0.21  0.27  0.21  0.07  0.06  0.06  0.00  0.07  0.18  0.19  0.45  0.55  0.70  1.03  1.37  1.24  0.97  0.90  0.61  0.42  0.38  0.40  0.25  0.24  0.24  0.26  0.42  0.78  0.78  1.09  1.34  1.75  1.86  1.85  1.83  1.92  0.00  0.00  0.00  0.00  0.00  0.00  0.00  0.00  0.00  0.00  0.00  0.00  0.00  0.00  0.00  0.00  0.00  0.00  0.00
  0.14  0.11  0.18  0.19  0.28  0.20  0.26  0.39  0.35  0.27  0.38  0.32  0.13  0.12  0.11  0.06  0.10  0.19  0.21  0.40  0.39  0.56  0.85  1.05  0.89  0.78  0.71  0.42  0.30  0.38  0.35  0.26  0.28  0.38  0.31  0.54  0.87  1.09  1.12  1.52  1.88  1.96  1.55  1.67  1.55  1.06  0.00  0.00  0.00  0.00  0.00  0.00  0.00  0.00  0.00  0.00  0.00  0.00  0.00  0.00  0.00  0.00  0.00  0.00
  0.13  0.11  0.08  0.09  0.25  0.25  0.39  0.58  0.51  0.35  0.45  0.34  0.18  0.17  0.17  0.06  0.09  0.13  0.15  0.24  0.23  0.30  0.36  0.56  0.47  0.44  0.39  0.31  0.18  0.28  0.20  0.20  0.23  0.32  0.24  0.45  0.75  1.01  1.07  1.58  1.91  1.92  1.48  1.62  1.32  0.00  0.00  0.00  0.00  0.00  0.00  0.00  0.00  0.00  0.00  0.00  0.00  0.00  0.00  0.00  0.00  0.00  0.00  0.00
  0.12  0.10  0.15  0.16  0.33  0.36  0.51  0.70  0.66  0.51  0.68  0.57  0.40  0.31  0.25  0.05  0.08  0.08  0.09  0.14  0.15  0.19  0.29  0.43  0.37  0.36  0.33  0.26  0.19  0.37  0.26  0.31  0.32  0.38  0.27  0.37  0.66  0.96  1.11  1.59  2.07  1.88  1.47  1.57  1.33  0.00  0.00  0.00  0.00  0.00  0.00  0.00  0.00  0.00  0.00  0.00  0.00  0.00  0.00  0.00  0.00  0.00  0.00  0.00
  0.00  0.00  0.07  0.07  0.24  0.42  0.59  0.78  0.94  0.96  1.04  1.04  0.86  0.63  0.37  0.15  0.09  0.08  0.09  0.15  0.11  0.07  0.15  0.14  0.07  0.15  0.14  0.07  0.07  0.20  0.11  0.15  0.18  0.25  0.18  0.27  0.57  0.87  1.01  1.53  1.80  1.56  1.21  1.35  0.95  0.00  0.00  0.00  0.00  0.00  0.00  0.00  0.00  0.00  0.00  0.00  0.00  0.00  0.00  0.00  0.00  0.00  0.00  0.00
  0.12  0.09  0.14  0.07  0.22  0.45  0.59  0.81  1.02  1.07  1.11  1.13  1.14  0.86  0.64  0.43  0.32  0.14  0.16  0.11  0.06  0.00  0.00  0.00  0.00  0.08  0.07  0.07  0.07  0.20  0.17  0.21  0.23  0.36  0.34  0.39  0.47  0.79  0.76  1.13  1.36  1.30  0.97  1.08  0.74  0.00  0.00  0.00  0.00  0.00  0.00  0.00  0.00  0.00  0.00  0.00  0.00  0.00  0.00  0.00  0.00  0.00  0.00  0.00
  0.21  0.16  0.18  0.12  0.25  0.51  0.64  0.81  1.08  1.08  1.02  1.17  1.20  0.99  0.78  0.58  0.39  0.23  0.19  0.13  0.20  0.14  0.07  0.07  0.14  0.07  0.07  0.07  0.13  0.20  0.24  0.33  0.29  0.28  0.26  0.23  0.24  0.43  0.46  0.73  1.07  0.98  0.78  0.89  0.66  0.00  0.00  0.00  0.00  0.00  0.00  0.00  0.00  0.00  0.00  0.00  0.00  0.00  0.00  0.00  0.00  0.00  0.00  0.00
  0.22  0.16  0.18  0.12  0.19  0.38  0.57  0.66  1.09  1.20  1.17  1.29  1.44  1.10  0.85  0.67  0.40  0.18  0.20  0.13  0.20  0.20  0.13  0.13  0.21  0.22  0.38  0.41  0.49  0.60  0.68  0.67  0.58  0.54  0.49  0.35  0.24  0.37  0.30  0.44  0.81  0.83  0.69  0.78  0.67  0.23  0.00  0.00  0.00  0.00  0.00  0.00  0.00  0.00  0.00  0.00  0.00  0.00  0.00  0.00  0.00  0.00  0.00  0.00
  0.33  0.22  0.17  0.11  0.17  0.27  0.46  0.60  1.12  1.33  1.20  1.32  1.55  1.15  0.95  0.92  0.58  0.28  0.22  0.12  0.18  0.26  0.18  0.20  0.36  0.43  0.67  0.90  0.92  0.88  0.91  0.68  0.51  0.46  0.45  0.30  0.18  0.22  0.14  0.22  0.22  0.29  0.25  0.23  0.09  0.00  0.00  0.00  0.00  0.00  0.00  0.00  0.00  0.00  0.00  0.00  0.00  0.00  0.00  0.00  0.00  0.00  0.00  0.00
  0.35  0.30  0.22  0.16  0.26  0.44  0.53  0.66  1.02  0.90  0.77  0.77  0.99  0.80  0.92  0.79  0.62  0.34  0.28  0.12  0.17  0.24  0.22  0.30  0.45  0.49  0.92  1.09  1.21  1.35  1.60  1.16  0.95  0.77  0.59  0.26  0.21  0.22  0.17  0.19  0.21  0.14  0.13  0.08  0.00  0.00  0.00  0.00  0.00  0.00  0.00  0.00  0.00  0.00  0.00  0.00  0.00  0.00  0.00  0.00  0.00  0.00  0.00  0.00
  0.26  0.24  0.17  0.16  0.25  0.38  0.51  0.67  1.01  0.93  0.90  0.84  0.77  0.57  0.57  0.40  0.31  0.28  0.23  0.22  0.27  0.29  0.27  0.40  0.48  0.53  1.00  1.34  1.55  1.76  1.96  1.47  1.21  0.89  0.57  0.23  0.17  0.17  0.12  0.20  0.22  0.14  0.14  0.09  0.00  0.00  0.00  0.00  0.00  0.00  0.00  0.00  0.00  0.00  0.00  0.00  0.00  0.00  0.00  0.00  0.00  0.00  0.00  0.00
  0.14  0.17  0.12  0.12  0.16  0.23  0.43  0.64  0.96  1.08  1.18  0.88  0.80  0.52  0.50  0.32  0.34  0.20  0.25  0.25  0.25  0.26  0.30  0.42  0.39  0.56  1.16  1.53  1.61  2.01  2.09  1.44  1.26  1.05  0.61  0.35  0.37  0.30  0.24  0.20  0.22  0.13  0.14  0.08  0.10  0.00  0.00  0.00  0.00  0.00  0.00  0.00  0.00  0.00  0.00  0.00  0.00  0.00  0.00  0.00  0.00  0.00  0.00  0.00
  0.27  0.33  0.23  0.17  0.21  0.27  0.33  0.52  0.75  0.83  0.85  0.67  0.59  0.41  0.40  0.29  0.34  0.24  0.24  0.24  0.23  0.28  0.29  0.40  0.37  0.51  0.91  1.28  1.41  1.94  2.00  1.48  1.34  1.09  0.50  0.32  0.35  0.25  0.26  0.20  0.21  0.13  0.13  0.08  0.10  0.00  0.00  0.00  0.00  0.00  0.00  0.00  0.00  0.00  0.00  0.00  0.00  0.00  0.00  0.00  0.00  0.00  0.00  0.00
  0.31  0.39  0.28  0.20  0.24  0.35  0.37  0.48  0.59  0.60  0.61  0.47  0.42  0.26  0.30  0.20  0.26  0.21  0.27  0.26  0.29  0.29  0.31  0.41  0.37  0.45  0.85  1.08  1.18  1.75  1.85  1.55  1.53  1.38  0.76  0.49  0.46  0.34  0.28  0.21  0.22  0.07  0.07  0.09  0.11  0.00  0.00  0.00  0.00  0.00  0.00  0.00  0.00  0.00  0.00  0.00  0.00  0.00  0.00  0.00  0.00  0.00  0.00  0.00
  0.29  0.31  0.23  0.15  0.13  0.11  0.20  0.29  0.35  0.41  0.44  0.28  0.27  0.16  0.15  0.15  0.21  0.21  0.26  0.36  0.38  0.37  0.31  0.36  0.27  0.38  0.63  0.89  0.98  1.48  1.38  1.33  1.26  1.22  0.76  0.77  0.55  0.44  0.43  0.26  0.24  0.16  0.16  0.10  0.13  0.00  0.00  0.00  0.00  0.00  0.00  0.00  0.00  0.00  0.00  0.00  0.00  0.00  0.00  0.00  0.00  0.00  0.00  0.00
  0.36  0.37  0.29  0.14  0.14  0.12  0.16  0.21  0.22  0.26  0.27  0.17  0.22  0.16  0.17  0.18  0.20  0.20  0.27  0.31  0.30  0.33  0.25  0.25  0.22  0.33  0.54  0.68  0.75  1.24  1.08  1.07  1.02  0.95  0.57  0.63  0.45  0.56  0.66  0.45  0.44  0.36  0.19  0.12  0.16  0.00  0.00  0.00  0.00  0.00  0.00  0.00  0.00  0.00  0.00  0.00  0.00  0.00  0.00  0.00  0.00  0.00  0.00  0.00
  0.48  0.47  0.38  0.16  0.17  0.15  0.06  0.06  0.06  0.05  0.05  0.06  0.16  0.11  0.12  0.14  0.16  0.17  0.17  0.22  0.23  0.27  0.17  0.16  0.17  0.22  0.23  0.41  0.57  0.89  0.85  0.95  0.81  0.70  0.46  0.39  0.26  0.51  0.63  0.53  0.53  0.40  0.12  0.00  0.00  0.00  0.00  0.00  0.00  0.00  0.00  0.00  0.00  0.00  0.00  0.00  0.00  0.00  0.00  0.00  0.00  0.00  0.00  0.00
  0.46  0.64  0.62  0.48  0.51  0.40  0.14  0.06  0.06  0.06  0.06  0.06  0.14  0.08  0.08  0.09  0.10  0.11  0.20  0.27  0.30  0.27  0.19  0.13  0.13  0.16  0.22  0.34  0.39  0.49  0.46  0.55  0.44  0.41  0.37  0.32  0.25  0.64  0.77  0.80  0.81  0.75  0.27  0.18  0.00  0.00  0.00  0.00  0.00  0.00  0.00  0.00  0.00  0.00  0.00  0.00  0.00  0.00  0.00  0.00  0.00  0.00  0.00  0.00
  0.66  0.73  0.71  0.56  0.58  0.30  0.07  0.00  0.00  0.00  0.07  0.08  0.17  0.19  0.20  0.10  0.22  0.25  0.34  0.54  0.45  0.33  0.23  0.15  0.00  0.00  0.00  0.16  0.23  0.40  0.38  0.44  0.33  0.29  0.23  0.21  0.19  0.57  0.71  0.78  0.81  0.85  0.41  0.35  0.00  0.00  0.00  0.00  0.00  0.00  0.00  0.00  0.00  0.00  0.00  0.00  0.00  0.00  0.00  0.00  0.00  0.00  0.00  0.00
  0.69  0.72  0.69  0.50  0.56  0.28  0.14  0.07  0.14  0.15  0.25  0.21  0.36  0.31  0.34  0.16  0.31  0.17  0.32  0.45  0.38  0.24  0.00  0.10  0.00  0.00  0.00  0.22  0.20  0.25  0.26  0.23  0.11  0.11  0.10  0.06  0.14  0.64  0.71  0.88  0.94  0.96  0.30  0.37  0.00  0.00  0.00  0.00  0.00  0.00  0.00  0.00  0.00  0.00  0.00  0.00  0.00  0.00  0.00  0.00  0.00  0.00  0.00  0.00
  0.77  0.79  0.77  0.59  0.62  0.33  0.17  0.08  0.16  0.18  0.33  0.29  0.52  0.44  0.43  0.19  0.37  0.20  0.37  0.57  0.56  0.39  0.32  0.16  0.00  0.00  0.00  0.26  0.24  0.21  0.24  0.21  0.07  0.07  0.06  0.00  0.08  0.41  0.50  0.71  0.77  0.78  0.42  0.39  0.00  0.00  0.00  0.00  0.00  0.00  0.00  0.00  0.00  0.00  0.00  0.00  0.00  0.00  0.00  0.00  0.00  0.00  0.00  0.00
  0.81  0.85  0.84  0.71  0.73  0.40  0.23  0.11  0.22  0.28  0.52  0.43  0.62  0.38  0.00  0.00  0.31  0.32  0.00  0.00  0.00  0.76  0.57  0.27  0.00  0.00  0.00  0.20  0.17  0.14  0.11  0.10  0.00  0.00  0.00  0.00  0.00  0.32  0.42  0.66  0.76  0.85  0.00  0.53  0.00  0.00  0.00  0.00  0.00  0.00  0.00  0.00  0.00  0.00  0.00  0.00  0.00  0.00  0.00  0.00  0.00  0.00  0.00  0.00
  0.83  0.72  0.67  0.45  0.43  0.00  0.00  0.00  0.31  0.42  0.00  0.00  0.00  0.00  0.00  0.00  0.00  0.00  0.00  0.00  0.00  0.00  0.00  0.00  0.00  0.00  0.00  0.41  0.34  0.30  0.22  0.22  0.00  0.00  0.00  0.00  0.00  0.15  0.30  0.48  0.57  0.62  0.51  0.38  0.00  0.00  0.00  0.00  0.00  0.00  0.00  0.00  0.00  0.00  0.00  0.00  0.00  0.00  0.00  0.00  0.00  0.00  0.00  0.00
  0.00  0.00  0.00  0.00  0.00  0.00  0.00  0.00  0.00  0.00  0.00  0.00  0.00  0.00  0.00  0.00  0.00  0.00  0.00  0.00  0.00  0.00  0.00  0.00  0.00  0.00  0.00  0.00  0.00  0.00  0.00  0.00  0.00  0.00  0.00  0.00  0.00  0.00  0.00  0.00  0.00  0.00  0.00  0.00  0.00  0.00  0.00  0.00  0.00  0.00  0.00  0.00  0.00  0.00  0.00  0.00  0.00  0.00  0.00  0.00  0.00  0.00  0.00  0.00
  0.00  0.00  0.00  0.00  0.00  0.00  0.00  0.00  0.00  0.00  0.00  0.00  0.00  0.00  0.00  0.00  0.00  0.00  0.00  0.00  0.00  0.00  0.00  0.00  0.00  0.00  0.00  0.00  0.00  0.00  0.00  0.00  0.00  0.00  0.00  0.00  0.00  0.00  0.00  0.00  0.00  0.00  0.00  0.00  0.00  0.00  0.00  0.00  0.00  0.00  0.00  0.00  0.00  0.00  0.00  0.00  0.00  0.00  0.00  0.00  0.00  0.00  0.00  0.00
  0.00  0.00  0.00  0.00  0.00  0.00  0.00  0.00  0.00  0.00  0.00  0.00  0.00  0.00  0.00  0.00  0.00  0.00  0.00  0.00  0.00  0.00  0.00  0.00  0.00  0.00  0.00  0.00  0.00  0.00  0.00  0.00  0.00  0.00  0.00  0.00  0.00  0.00  0.00  0.00  0.00  0.00  0.00  0.00  0.00  0.00  0.00  0.00  0.00  0.00  0.00  0.00  0.00  0.00  0.00  0.00  0.00  0.00  0.00  0.00  0.00  0.00  0.00  0.00
  0.00  0.00  0.00  0.00  0.00  0.00  0.00  0.00  0.00  0.00  0.00  0.00  0.00  0.00  0.00  0.00  0.00  0.00  0.00  0.00  0.00  0.00  0.00  0.00  0.00  0.00  0.00  0.00  0.00  0.00  0.00  0.00  0.00  0.00  0.00  0.00  0.00  0.00  0.00  0.00  0.00  0.00  0.00  0.00  0.00  0.00  0.00  0.00  0.00  0.00  0.00  0.00  0.00  0.00  0.00  0.00  0.00  0.00  0.00  0.00  0.00  0.00  0.00  0.00
  0.00  0.00  0.00  0.00  0.00  0.00  0.00  0.00  0.00  0.00  0.00  0.00  0.00  0.00  0.00  0.00  0.00  0.00  0.00  0.00  0.00  0.00  0.00  0.00  0.00  0.00  0.00  0.00  0.00  0.00  0.00  0.00  0.00  0.00  0.00  0.00  0.00  0.00  0.00  0.00  0.00  0.00  0.00  0.00  0.00  0.00  0.00  0.00  0.00  0.00  0.00  0.00  0.00  0.00  0.00  0.00  0.00  0.00  0.00  0.00  0.00  0.00  0.00  0.00
  0.00  0.00  0.00  0.00  0.00  0.00  0.00  0.00  0.00  0.00  0.00  0.00  0.00  0.00  0.00  0.00  0.00  0.00  0.00  0.00  0.00  0.00  0.00  0.00  0.00  0.00  0.00  0.00  0.00  0.00  0.00  0.00  0.00  0.00  0.00  0.00  0.00  0.00  0.00  0.00  0.00  0.00  0.00  0.00  0.00  0.00  0.00  0.00  0.00  0.00  0.00  0.00  0.00  0.00  0.00  0.00  0.00  0.00  0.00  0.00  0.00  0.00  0.00  0.00
  0.00  0.00  0.00  0.00  0.00  0.00  0.00  0.00  0.00  0.00  0.00  0.00  0.00  0.00  0.00  0.00  0.00  0.00  0.00  0.00  0.00  0.00  0.00  0.00  0.00  0.00  0.00  0.00  0.00  0.00  0.00  0.00  0.00  0.00  0.00  0.00  0.00  0.00  0.00  0.00  0.00  0.00  0.00  0.00  0.00  0.00  0.00  0.00  0.00  0.00  0.00  0.00  0.00  0.00  0.00  0.00  0.00  0.00  0.00  0.00  0.00  0.00  0.00  0.00
  0.00  0.00  0.00  0.00  0.00  0.00  0.00  0.00  0.00  0.00  0.00  0.00  0.00  0.00  0.00  0.00  0.00  0.00  0.00  0.00  0.00  0.00  0.00  0.00  0.00  0.00  0.00  0.00  0.00  0.00  0.00  0.00  0.00  0.00  0.00  0.00  0.00  0.00  0.00  0.00  0.00  0.00  0.00  0.00  0.00  0.00  0.00  0.00  0.00  0.00  0.00  0.00  0.00  0.00  0.00  0.00  0.00  0.00  0.00  0.00  0.00  0.00  0.00  0.00
  0.00  0.00  0.00  0.00  0.00  0.00  0.00  0.00  0.00  0.00  0.00  0.00  0.00  0.00  0.00  0.00  0.00  0.00  0.00  0.00  0.00  0.00  0.00  0.00  0.00  0.00  0.00  0.00  0.00  0.00  0.00  0.00  0.00  0.00  0.00  0.00  0.00  0.00  0.00  0.00  0.00  0.00  0.00  0.00  0.00  0.00  0.00  0.00  0.00  0.00  0.00  0.00  0.00  0.00  0.00  0.00  0.00  0.00  0.00  0.00  0.00  0.00  0.00  0.00
  0.00  0.00  0.00  0.00  0.00  0.00  0.00  0.00  0.00  0.00  0.00  0.00  0.00  0.00  0.00  0.00  0.00  0.00  0.00  0.00  0.00  0.00  0.00  0.00  0.00  0.00  0.00  0.00  0.00  0.00  0.00  0.00  0.00  0.00  0.00  0.00  0.00  0.00  0.00  0.00  0.00  0.00  0.00  0.00  0.00  0.00  0.00  0.00  0.00  0.00  0.00  0.00  0.00  0.00  0.00  0.00  0.00  0.00  0.00  0.00  0.00  0.00  0.00  0.00
  0.00  0.00  0.00  0.00  0.00  0.00  0.00  0.00  0.00  0.00  0.00  0.00  0.00  0.00  0.00  0.00  0.00  0.00  0.00  0.00  0.00  0.00  0.00  0.00  0.00  0.00  0.00  0.00  0.00  0.00  0.00  0.00  0.00  0.00  0.00  0.00  0.00  0.00  0.00  0.00  0.00  0.00  0.00  0.00  0.00  0.00  0.00  0.00  0.00  0.00  0.00  0.00  0.00  0.00  0.00  0.00  0.00  0.00  0.00  0.00  0.00  0.00  0.00  0.00
  0.00  0.00  0.00  0.00  0.00  0.00  0.00  0.00  0.00  0.00  0.00  0.00  0.00  0.00  0.00  0.00  0.00  0.00  0.00  0.00  0.00  0.00  0.00  0.00  0.00  0.00  0.00  0.00  0.00  0.00  0.00  0.00  0.00  0.00  0.00  0.00  0.00  0.00  0.00  0.00  0.00  0.00  0.00  0.00  0.00  0.00  0.00  0.00  0.00  0.00  0.00  0.00  0.00  0.00  0.00  0.00  0.00  0.00  0.00  0.00  0.00  0.00  0.00  0.00
  0.00  0.00  0.00  0.00  0.00  0.00  0.00  0.00  0.00  0.00  0.00  0.00  0.00  0.00  0.00  0.00  0.00  0.00  0.00  0.00  0.00  0.00  0.00  0.00  0.00  0.00  0.00  0.00  0.00  0.00  0.00  0.00  0.00  0.00  0.00  0.00  0.00  0.00  0.00  0.00  0.00  0.00  0.00  0.00  0.00  0.00  0.00  0.00  0.00  0.00  0.00  0.00  0.00  0.00  0.00  0.00  0.00  0.00  0.00  0.00  0.00  0.00  0.00  0.00
  0.00  0.00  0.00  0.00  0.00  0.00  0.00  0.00  0.00  0.00  0.00  0.00  0.00  0.00  0.00  0.00  0.00  0.00  0.00  0.00  0.00  0.00  0.00  0.00  0.00  0.00  0.00  0.00  0.00  0.00  0.00  0.00  0.00  0.00  0.00  0.00  0.00  0.00  0.00  0.00  0.00  0.00  0.00  0.00  0.00  0.00  0.00  0.00  0.00  0.00  0.00  0.00  0.00  0.00  0.00  0.00  0.00  0.00  0.00  0.00  0.00  0.00  0.00  0.00
  0.00  0.00  0.00  0.00  0.00  0.00  0.00  0.00  0.00  0.00  0.00  0.00  0.00  0.00  0.00  0.00  0.00  0.00  0.00  0.00  0.00  0.00  0.00  0.00  0.00  0.00  0.00  0.00  0.00  0.00  0.00  0.00  0.00  0.00  0.00  0.00  0.00  0.00  0.00  0.00  0.00  0.00  0.00  0.00  0.00  0.00  0.00  0.00  0.00  0.00  0.00  0.00  0.00  0.00  0.00  0.00  0.00  0.00  0.00  0.00  0.00  0.00  0.00  0.00
  0.00  0.00  0.00  0.00  0.00  0.00  0.00  0.00  0.00  0.00  0.00  0.00  0.00  0.00  0.00  0.00  0.00  0.00  0.00  0.00  0.00  0.00  0.00  0.00  0.00  0.00  0.00  0.00  0.00  0.00  0.00  0.00  0.00  0.00  0.00  0.00  0.00  0.00  0.00  0.00  0.00  0.00  0.00  0.00  0.00  0.00  0.00  0.00  0.00  0.00  0.00  0.00  0.00  0.00  0.00  0.00  0.00  0.00  0.00  0.00  0.00  0.00  0.00  0.00
  0.00  0.00  0.00  0.00  0.00  0.00  0.00  0.00  0.00  0.00  0.00  0.00  0.00  0.00  0.00  0.00  0.00  0.00  0.00  0.00  0.00  0.00  0.00  0.00  0.00  0.00  0.00  0.00  0.00  0.00  0.00  0.00  0.00  0.00  0.00  0.00  0.00  0.00  0.00  0.00  0.00  0.00  0.00  0.00  0.00  0.00  0.00  0.00  0.00  0.00  0.00  0.00  0.00  0.00  0.00  0.00  0.00  0.00  0.00  0.00  0.00  0.00  0.00  0.00
  0.00  0.00  0.00  0.00  0.00  0.00  0.00  0.00  0.00  0.00  0.00  0.00  0.00  0.00  0.00  0.00  0.00  0.00  0.00  0.00  0.00  0.00  0.00  0.00  0.00  0.00  0.00  0.00  0.00  0.00  0.00  0.00  0.00  0.00  0.00  0.00  0.00  0.00  0.00  0.00  0.00  0.00  0.00  0.00  0.00  0.00  0.00  0.00  0.00  0.00  0.00  0.00  0.00  0.00  0.00  0.00  0.00  0.00  0.00  0.00  0.00  0.00  0.00  0.00

 density range (Hz): 0.000000 3.301887