Array Size: 64  64
  0.78  0.68  0.77  0.71  0.82  0.99  1.14  1.14  1.10  1.00  1.03  0.78  0.84  0.84  0.72  0.46  0.47  0.33  0.26  0.33  0.31  0.22  0.24  0.22  0.41  0.44  0.62  0.63  0.73  0.63  0.00  0.00  0.00  0.00  0.00  0.00  0.00  0.00  0.00  0.00  0.00  0.00  0.00  0.00  0.00  0.00  0.00  0.00  0.00  0.00  0.00  0.00  0.00  0.00  0.00  0.00  0.00  0.00  0.00  0.00  0.00  0.00  0.00  0.00
  0.61  0.52  0.69  0.62  0.82  0.98  1.29  1.18  1.16  1.03  1.03  0.72  0.84  0.84  0.74  0.51  0.53  0.37  0.32  0.35  0.35  0.23  0.25  0.24  0.38  0.53  0.77  0.79  0.85  0.83  0.75  0.41  0.00  0.00  0.00  0.00  0.00  0.00  0.00  0.00  0.00  0.00  0.00  0.00  0.00  0.00  0.00  0.00  0.00  0.00  0.00  0.00  0.00  0.00  0.00  0.00  0.00  0.00  0.00  0.00  0.00  0.00  0.00  0.00
  0.91  0.72  0.79  0.69  0.81  0.82  1.09  1.02  1.19  1.13  1.12  0.81  0.90  0.76  0.67  0.48  0.48  0.33  0.28  0.41  0.43  0.33  0.41  0.40  0.44  0.57  0.85  0.80  0.84  0.77  0.72  0.27  0.00  0.00  0.00  0.00  0.00  0.00  0.00  0.00  0.00  0.00  0.00  0.00  0.00  0.00  0.00  0.00  0.00  0.00  0.00  0.00  0.00  0.00  0.00  0.00  0.00  0.00  0.00  0.00  0.00  0.00  0.00  0.00
  1.02  0.67  0.73  0.69  0.83  0.89  1.19  1.20  1.32  1.27  1.15  0.86  0.84  0.72  0.64  0.41  0.46  0.29  0.21  0.34  0.47  0.33  0.51  0.56  0.69  0.86  1.26  1.13  1.21  1.04  0.93  0.44  0.00  0.00  0.00  0.00  0.00  0.00  0.00  0.00  0.00  0.00  0.00  0.00  0.00  0.00  0.00  0.00  0.00  0.00  0.00  0.00  0.00  0.00  0.00  0.00  0.00  0.00  0.00  0.00  0.00  0.00  0.00  0.00
  0.00  0.66  0.66  0.67  0.73  0.84  0.96  0.92  0.90  0.88  0.75  0.62  0.63  0.53  0.49  0.40  0.39  0.27  0.25  0.45  0.54  0.50  0.70  0.86  0.68  0.87  1.20  1.11  1.07  0.98  0.79  0.34  0.00  0.00  0.00  0.00  0.00  0.00  0.00  0.00  0.00  0.00  0.00  0.00  0.00  0.00  0.00  0.00  0.00  0.00  0.00  0.00  0.00  0.00  0.00  0.00  0.00  0.00  0.00  0.00  0.00  0.00  0.00  0.00
  0.00  0.81  0.65  0.61  0.60  0.62  0.68  0.73  0.71  0.66  0.58  0.48  0.43  0.38  0.44  0.47  0.54  0.45  0.36  0.50  0.55  0.51  0.76  0.94  0.79  0.98  1.35  1.21  1.17  1.11  0.96  0.34  0.00  0.00  0.00  0.00  0.00  0.00  0.00  0.00  0.00  0.00  0.00  0.00  0.00  0.00  0.00  0.00  0.00  0.00  0.00  0.00  0.00  0.00  0.00  0.00  0.00  0.00  0.00  0.00  0.00  0.00  0.00  0.00
  0.00  0.98  0.84  0.74  0.60  0.60  0.49  0.51  0.51  0.47  0.37  0.39  0.33  0.24  0.33  0.40  0.40  0.34  0.28  0.47  0.50  0.54  0.82  1.01  0.86  0.96  1.31  1.16  1.16  1.10  1.09  0.57  0.00  0.00  0.00  0.00  0.00  0.00  0.00  0.00  0.00  0.00  0.00  0.00  0.00  0.00  0.00  0.00  0.00  0.00  0.00  0.00  0.00  0.00  0.00  0.00  0.00  0.00  0.00  0.00  0.00  0.00  0.00  0.00
  0.00  0.53  0.50  0.51  0.45  0.59  0.45  0.48  0.36  0.31  0.21  0.27  0.22  0.28  0.33  0.46  0.44  0.45  0.46  0.47  0.48  0.51  0.66  0.82  0.85  0.88  1.15  1.17  1.18  1.11  1.19  0.90  0.00  0.00  0.00  0.00  0.00  0.00  0.00  0.00  0.00  0.00  0.00  0.00  0.00  0.00  0.00  0.00  0.00  0.00  0.00  0.00  0.00  0.00  0.00  0.00  0.00  0.00  0.00  0.00  0.00  0.00  0.00  0.00
  0.00  0.87  0.72  0.53  0.36  0.41  0.31  0.30  0.25  0.22  0.19  0.25  0.23  0.28  0.33  0.45  0.38  0.37  0.54  0.59  0.57  0.64  0.77  0.91  0.84  0.83  0.94  1.09  0.86  0.85  0.96  0.78  0.00  0.00  0.00  0.00  0.00  0.00  0.00  0.00  0.00  0.00  0.00  0.00  0.00  0.00  0.00  0.00  0.00  0.00  0.00  0.00  0.00  0.00  0.00  0.00  0.00  0.00  0.00  0.00  0.00  0.00  0.00  0.00
  1.15  0.88  0.72  0.47  0.16  0.15  0.14  0.13  0.13  0.15  0.15  0.23  0.21  0.28  0.31  0.38  0.38  0.38  0.51  0.47  0.54  0.51  0.56  0.59  0.74  0.73  0.88  1.05  0.92  0.83  0.91  0.73  0.00  0.00  0.00  0.00  0.00  0.00  0.00  0.00  0.00  0.00  0.00  0.00  0.00  0.00  0.00  0.00  0.00  0.00  0.00  0.00  0.00  0.00  0.00  0.00  0.00  0.00  0.00  0.00  0.00  0.00  0.00  0.00
  1.08  0.91  0.78  0.53  0.33  0.20  0.14  0.09  0.11  0.14  0.14  0.22  0.24  0.23  0.22  0.28  0.28  0.27  0.44  0.45  0.54  0.53  0.53  0.55  0.64  0.57  0.52  0.66  0.62  0.58  0.63  0.74  0.00  0.00  0.00  0.00  0.00  0.00  0.00  0.00  0.00  0.00  0.00  0.00  0.00  0.00  0.00  0.00  0.00  0.00  0.00  0.00  0.00  0.00  0.00  0.00  0.00  0.00  0.00  0.00  0.00  0.00  0.00  0.00
  1.12  1.02  0.81  0.56  0.35  0.21  0.13  0.13  0.19  0.22  0.25  0.32  0.30  0.26  0.26  0.29  0.29  0.39  0.55  0.52  0.62  0.56  0.47  0.57  0.63  0.50  0.43  0.48  0.38  0.33  0.34  0.44  0.00  0.00  0.00  0.00  0.00  0.00  0.00  0.00  0.00  0.00  0.00  0.00  0.00  0.00  0.00  0.00  0.00  0.00  0.00  0.00  0.00  0.00  0.00  0.00  0.00  0.00  0.00  0.00  0.00  0.00  0.00  0.00
  1.61  1.43  1.14  0.91  0.55  0.26  0.18  0.16  0.19  0.27  0.32  0.35  0.35  0.29  0.33  0.41  0.52  0.57  0.73  0.58  0.54  0.40  0.36  0.38  0.42  0.42  0.32  0.36  0.30  0.30  0.28  0.38  0.00  0.00  0.00  0.00  0.00  0.00  0.00  0.00  0.00  0.00  0.00  0.00  0.00  0.00  0.00  0.00  0.00  0.00  0.00  0.00  0.00  0.00  0.00  0.00  0.00  0.00  0.00  0.00  0.00  0.00  0.00  0.00
  1.37  1.31  1.04  0.85  0.52  0.26  0.13  0.08  0.09  0.19  0.24  0.27  0.30  0.31  0.35  0.56  0.68  0.83  0.84  0.73  0.57  0.43  0.28  0.23  0.21  0.24  0.18  0.19  0.22  0.21  0.17  0.28  0.00  0.00  0.00  0.00  0.00  0.00  0.00  0.00  0.00  0.00  0.00  0.00  0.00  0.00  0.00  0.00  0.00  0.00  0.00  0.00  0.00  0.00  0.00  0.00  0.00  0.00  0.00  0.00  0.00  0.00  0.00  0.00
  1.39  1.31  1.18  0.92  0.63  0.31  0.19  0.13  0.14  0.24  0.30  0.32  0.34  0.35  0.57  0.83  1.04  1.19  1.15  0.89  0.59  0.43  0.27  0.22  0.13  0.18  0.09  0.12  0.19  0.22  0.23  0.38  0.00  0.00  0.00  0.00  0.00  0.00  0.00  0.00  0.00  0.00  0.00  0.00  0.00  0.00  0.00  0.00  0.00  0.00  0.00  0.00  0.00  0.00  0.00  0.00  0.00  0.00  0.00  0.00  0.00  0.00  0.00  0.00
  1.30  1.19  1.12  0.90  0.64  0.31  0.19  0.17  0.22  0.32  0.48  0.58  0.56  0.59  0.87  1.02  1.15  1.36  1.24  0.91  0.58  0.40  0.29  0.31  0.25  0.31  0.22  0.19  0.18  0.20  0.19  0.28  0.00  0.00  0.00  0.00  0.00  0.00  0.00  0.00  0.00  0.00  0.00  0.00  0.00  0.00  0.00  0.00  0.00  0.00  0.00  0.00  0.00  0.00  0.00  0.00  0.00  0.00  0.00  0.00  0.00  0.00  0.00  0.00
  1.45  1.26  1.13  0.96  0.70  0.30  0.19  0.21  0.18  0.26  0.42  0.50  0.54  0.67  0.91  1.16  1.32  1.40  1.35  1.18  0.79  0.54  0.51  0.53  0.37  0.51  0.41  0.59  0.49  0.54  0.53  0.68  0.00  0.00  0.00  0.00  0.00  0.00  0.00  0.00  0.00  0.00  0.00  0.00  0.00  0.00  0.00  0.00  0.00  0.00  0.00  0.00  0.00  0.00  0.00  0.00  0.00  0.00  0.00  0.00  0.00  0.00  0.00  0.00
  1.06  1.05  0.94  0.74  0.60  0.29  0.13  0.19  0.21  0.37  0.55  0.62  0.61  0.78  0.84  0.93  1.16  1.27  1.09  1.08  0.78  0.51  0.47  0.54  0.33  0.43  0.50  0.69  0.58  0.68  0.71  0.70  0.00  0.00  0.00  0.00  0.00  0.00  0.00  0.00  0.00  0.00  0.00  0.00  0.00  0.00  0.00  0.00  0.00  0.00  0.00  0.00  0.00  0.00  0.00  0.00  0.00  0.00  0.00  0.00  0.00  0.00  0.00  0.00
  0.90  0.92  0.85  0.71  0.62  0.30  0.19  0.24  0.24  0.38  0.58  0.59  0.71  0.93  0.98  0.92  1.23  1.15  0.94  0.88  0.73  0.35  0.44  0.62  0.48  0.59  0.64  0.82  0.63  0.74  0.78  0.00  0.00  0.00  0.00  0.00  0.00  0.00  0.00  0.00  0.00  0.00  0.00  0.00  0.00  0.00  0.00  0.00  0.00  0.00  0.00  0.00  0.00  0.00  0.00  0.00  0.00  0.00  0.00  0.00  0.00  0.00  0.00  0.00
  0.00  0.84  0.71  0.63  0.54  0.30  0.18  0.26  0.25  0.39  0.61  0.68  0.90  1.23  1.18  1.08  1.27  1.07  0.73  0.76  0.59  0.30  0.40  0.57  0.48  0.58  0.68  0.83  0.63  0.72  0.74  0.00  0.00  0.00  0.00  0.00  0.00  0.00  0.00  0.00  0.00  0.00  0.00  0.00  0.00  0.00  0.00  0.00  0.00  0.00  0.00  0.00  0.00  0.00  0.00  0.00  0.00  0.00  0.00  0.00  0.00  0.00  0.00  0.00
  0.00  0.78  0.63  0.55  0.46  0.34  0.25  0.28  0.23  0.38  0.49  0.52  0.81  1.16  1.04  1.01  1.25  0.99  0.67  0.72  0.57  0.35  0.50  0.69  0.57  0.64  0.68  0.87  0.69  0.81  0.90  0.00  0.00  0.00  0.00  0.00  0.00  0.00  0.00  0.00  0.00  0.00  0.00  0.00  0.00  0.00  0.00  0.00  0.00  0.00  0.00  0.00  0.00  0.00  0.00  0.00  0.00  0.00  0.00  0.00  0.00  0.00  0.00  0.00
  0.00  0.53  0.49  0.41  0.39  0.42  0.38  0.36  0.38  0.56  0.58  0.59  0.85  1.13  0.92  0.82  1.04  0.78  0.42  0.40  0.29  0.17  0.33  0.59  0.56  0.58  0.62  0.79  0.63  0.70  0.90  0.98  0.00  0.00  0.00  0.00  0.00  0.00  0.00  0.00  0.00  0.00  0.00  0.00  0.00  0.00  0.00  0.00  0.00  0.00  0.00  0.00  0.00  0.00  0.00  0.00  0.00  0.00  0.00  0.00  0.00  0.00  0.00  0.00
  0.45  0.37  0.42  0.44  0.43  0.47  0.49  0.40  0.38  0.42  0.46  0.49  0.84  1.08  1.03  0.89  1.05  0.77  0.52  0.44  0.37  0.19  0.44  0.80  0.86  0.87  0.79  0.88  0.59  0.68  0.93  1.34  0.00  0.00  0.00  0.00  0.00  0.00  0.00  0.00  0.00  0.00  0.00  0.00  0.00  0.00  0.00  0.00  0.00  0.00  0.00  0.00  0.00  0.00  0.00  0.00  0.00  0.00  0.00  0.00  0.00  0.00  0.00  0.00
  0.52  0.43  0.46  0.58  0.48  0.54  0.56  0.48  0.41  0.48  0.51  0.53  0.74  0.84  0.83  0.69  0.76  0.60  0.47  0.36  0.25  0.14  0.43  0.69  0.76  0.83  0.78  0.78  0.64  0.71  0.84  1.12  0.00  0.00  0.00  0.00  0.00  0.00  0.00  0.00  0.00  0.00  0.00  0.00  0.00  0.00  0.00  0.00  0.00  0.00  0.00  0.00  0.00  0.00  0.00  0.00  0.00  0.00  0.00  0.00  0.00  0.00  0.00  0.00
  0.43  0.34  0.39  0.54  0.47  0.44  0.51  0.47  0.40  0.48  0.51  0.42  0.46  0.42  0.49  0.40  0.51  0.48  0.46  0.36  0.33  0.19  0.47  0.70  0.78  0.83  0.78  0.78  0.69  0.71  0.86  1.15  0.00  0.00  0.00  0.00  0.00  0.00  0.00  0.00  0.00  0.00  0.00  0.00  0.00  0.00  0.00  0.00  0.00  0.00  0.00  0.00  0.00  0.00  0.00  0.00  0.00  0.00  0.00  0.00  0.00  0.00  0.00  0.00
  0.23  0.19  0.26  0.49  0.43  0.45  0.60  0.60  0.51  0.59  0.62  0.42  0.34  0.28  0.37  0.30  0.41  0.49  0.55  0.55  0.56  0.42  0.51  0.57  0.64  0.67  0.71  0.66  0.61  0.62  0.76  0.89  0.00  0.00  0.00  0.00  0.00  0.00  0.00  0.00  0.00  0.00  0.00  0.00  0.00  0.00  0.00  0.00  0.00  0.00  0.00  0.00  0.00  0.00  0.00  0.00  0.00  0.00  0.00  0.00  0.00  0.00  0.00  0.00
  0.33  0.28  0.34  0.60  0.36  0.34  0.48  0.48  0.35  0.40  0.49  0.30  0.23  0.22  0.36  0.26  0.36  0.46  0.54  0.49  0.52  0.38  0.41  0.36  0.47  0.51  0.53  0.42  0.44  0.46  0.55  0.71  0.00  0.00  0.00  0.00  0.00  0.00  0.00  0.00  0.00  0.00  0.00  0.00  0.00  0.00  0.00  0.00  0.00  0.00  0.00  0.00  0.00  0.00  0.00  0.00  0.00  0.00  0.00  0.00  0.00  0.00  0.00  0.00
  0.47  0.38  0.36  0.64  0.45  0.43  0.59  0.69  0.56  0.57  0.65  0.40  0.21  0.17  0.24  0.12  0.25  0.41  0.52  0.49  0.64  0.58  0.57  0.43  0.54  0.41  0.43  0.34  0.39  0.27  0.28  0.29  0.00  0.00  0.00  0.00  0.00  0.00  0.00  0.00  0.00  0.00  0.00  0.00  0.00  0.00  0.00  0.00  0.00  0.00  0.00  0.00  0.00  0.00  0.00  0.00  0.00  0.00  0.00  0.00  0.00  0.00  0.00  0.00
  0.43  0.35  0.40  0.58  0.57  0.48  0.60  0.67  0.64  0.56  0.60  0.42  0.24  0.17  0.22  0.15  0.27  0.48  0.60  0.59  0.68  0.69  0.68  0.62  0.67  0.47  0.43  0.33  0.32  0.21  0.28  0.30  0.00  0.00  0.00  0.00  0.00  0.00  0.00  0.00  0.00  0.00  0.00  0.00  0.00  0.00  0.00  0.00  0.00  0.00  0.00  0.00  0.00  0.00  0.00  0.00  0.00  0.00  0.00  0.00  0.00  0.00  0.00  0.00
  0.00  0.58  0.64  0.71  0.80  0.77  0.80  0.78  0.79  0.62  0.61  0.46  0.34  0.22  0.27  0.22  0.31  0.60  0.86  0.77  0.84  0.86  0.80  0.70  0.73  0.38  0.34  0.26  0.21  0.21  0.28  0.30  0.00  0.00  0.00  0.00  0.00  0.00  0.00  0.00  0.00  0.00  0.00  0.00  0.00  0.00  0.00  0.00  0.00  0.00  0.00  0.00  0.00  0.00  0.00  0.00  0.00  0.00  0.00  0.00  0.00  0.00  0.00  0.00
  1.00  0.87  0.93  0.92  0.94  0.82  0.78  0.69  0.76  0.54  0.61  0.54  0.42  0.23  0.28  0.22  0.30  0.48  0.68  0.58  0.71  0.77  0.74  0.72  0.82  0.47  0.27  0.25  0.15  0.08  0.10  0.17  0.00  0.00  0.00  0.00  0.00  0.00  0.00  0.00  0.00  0.00  0.00  0.00  0.00  0.00  0.00  0.00  0.00  0.00  0.00  0.00  0.00  0.00  0.00  0.00  0.00  0.00  0.00  0.00  0.00  0.00  0.00  0.00
  0.70  0.65  0.85  0.87  1.02  0.98  0.94  0.85  0.96  0.87  0.81  0.74  0.59  0.28  0.23  0.22  0.33  0.44  0.65  0.66  0.84  0.88  0.86  0.86  1.03  0.73  0.47  0.38  0.25  0.09  0.11  0.16  0.00  0.00  0.00  0.00  0.00  0.00  0.00  0.00  0.00  0.00  0.00  0.00  0.00  0.00  0.00  0.00  0.00  0.00  0.00  0.00  0.00  0.00  0.00  0.00  0.00  0.00  0.00  0.00  0.00  0.00  0.00  0.00
  0.69  0.75  1.02  1.12  1.17  1.13  0.92  0.68  0.77  0.74  0.64  0.66  0.62  0.23  0.19  0.21  0.26  0.39  0.60  0.68  0.82  0.88  0.86  0.89  0.98  0.72  0.51  0.31  0.24  0.17  0.20  0.26  0.00  0.00  0.00  0.00  0.00  0.00  0.00  0.00  0.00  0.00  0.00  0.00  0.00  0.00  0.00  0.00  0.00  0.00  0.00  0.00  0.00  0.00  0.00  0.00  0.00  0.00  0.00  0.00  0.00  0.00  0.00  0.00
  0.77  0.89  1.23  1.27  1.26  1.22  0.96  0.70  0.76  0.80  0.69  0.75  0.65  0.31  0.21  0.20  0.21  0.31  0.56  0.67  0.86  0.83  0.85  0.85  0.88  0.62  0.53  0.31  0.21  0.15  0.17  0.22  0.00  0.00  0.00  0.00  0.00  0.00  0.00  0.00  0.00  0.00  0.00  0.00  0.00  0.00  0.00  0.00  0.00  0.00  0.00  0.00  0.00  0.00  0.00  0.00  0.00  0.00  0.00  0.00  0.00  0.00  0.00  0.00
  0.74  0.77  1.21  1.38  1.36  1.23  1.00  0.70  0.69  0.73  0.61  0.63  0.53  0.29  0.17  0.19  0.28  0.35  0.49  0.64  0.82  0.67  0.69  0.75  0.76  0.56  0.59  0.38  0.22  0.14  0.17  0.22  0.00  0.00  0.00  0.00  0.00  0.00  0.00  0.00  0.00  0.00  0.00  0.00  0.00  0.00  0.00  0.00  0.00  0.00  0.00  0.00  0.00  0.00  0.00  0.00  0.00  0.00  0.00  0.00  0.00  0.00  0.00  0.00
  0.66  0.71  1.10  1.20  1.24  1.19  0.99  0.71  0.68  0.69  0.57  0.57  0.49  0.40  0.26  0.32  0.43  0.49  0.53  0.67  0.72  0.58  0.60  0.65  0.69  0.59  0.70  0.50  0.28  0.14  0.17  0.20  0.00  0.00  0.00  0.00  0.00  0.00  0.00  0.00  0.00  0.00  0.00  0.00  0.00  0.00  0.00  0.00  0.00  0.00  0.00  0.00  0.00  0.00  0.00  0.00  0.00  0.00  0.00  0.00  0.00  0.00  0.00  0.00
  0.48  0.54  0.85  1.00  1.12  1.00  0.83  0.58  0.45  0.44  0.44  0.47  0.43  0.48  0.37  0.49  0.54  0.58  0.58  0.66  0.00  0.50  0.61  0.68  0.74  0.63  0.82  0.48  0.23  0.06  0.08  0.09  0.00  0.00  0.00  0.00  0.00  0.00  0.00  0.00  0.00  0.00  0.00  0.00  0.00  0.00  0.00  0.00  0.00  0.00  0.00  0.00  0.00  0.00  0.00  0.00  0.00  0.00  0.00  0.00  0.00  0.00  0.00  0.00
  0.40  0.45  0.66  0.73  0.87  0.77  0.70  0.55  0.37  0.33  0.36  0.41  0.33  0.45  0.43  0.58  0.66  0.64  0.64  0.68  0.68  0.53  0.63  0.70  0.72  0.56  0.61  0.40  0.16  0.00  0.00  0.00  0.00  0.00  0.00  0.00  0.00  0.00  0.00  0.00  0.00  0.00  0.00  0.00  0.00  0.00  0.00  0.00  0.00  0.00  0.00  0.00  0.00  0.00  0.00  0.00  0.00  0.00  0.00  0.00  0.00  0.00  0.00  0.00
  0.30  0.29  0.34  0.40  0.49  0.45  0.47  0.41  0.28  0.28  0.33  0.33  0.34  0.43  0.49  0.62  0.71  0.72  0.69  0.68  0.66  0.47  0.54  0.58  0.59  0.45  0.47  0.29  0.20  0.06  0.08  0.12  0.00  0.00  0.00  0.00  0.00  0.00  0.00  0.00  0.00  0.00  0.00  0.00  0.00  0.00  0.00  0.00  0.00  0.00  0.00  0.00  0.00  0.00  0.00  0.00  0.00  0.00  0.00  0.00  0.00  0.00  0.00  0.00
  0.19  0.21  0.21  0.22  0.24  0.26  0.27  0.29  0.23  0.29  0.32  0.33  0.34  0.39  0.45  0.52  0.58  0.58  0.55  0.51  0.53  0.45  0.53  0.56  0.63  0.49  0.42  0.29  0.27  0.10  0.15  0.23  0.00  0.00  0.00  0.00  0.00  0.00  0.00  0.00  0.00  0.00  0.00  0.00  0.00  0.00  0.00  0.00  0.00  0.00  0.00  0.00  0.00  0.00  0.00  0.00  0.00  0.00  0.00  0.00  0.00  0.00  0.00  0.00
  0.10  0.14  0.16  0.21  0.17  0.24  0.18  0.33  0.26  0.41  0.47  0.49  0.43  0.46  0.48  0.45  0.62  0.63  0.63  0.59  0.70  0.57  0.63  0.62  0.65  0.43  0.38  0.27  0.29  0.19  0.25  0.21  0.00  0.00  0.00  0.00  0.00  0.00  0.00  0.00  0.00  0.00  0.00  0.00  0.00  0.00  0.00  0.00  0.00  0.00  0.00  0.00  0.00  0.00  0.00  0.00  0.00  0.00  0.00  0.00  0.00  0.00  0.00  0.00
  0.21  0.22  0.26  0.36  0.38  0.40  0.36  0.47  0.33  0.35  0.43  0.42  0.37  0.39  0.49  0.39  0.61  0.60  0.61  0.55  0.61  0.58  0.53  0.49  0.48  0.36  0.22  0.20  0.30  0.24  0.31  0.32  0.00  0.00  0.00  0.00  0.00  0.00  0.00  0.00  0.00  0.00  0.00  0.00  0.00  0.00  0.00  0.00  0.00  0.00  0.00  0.00  0.00  0.00  0.00  0.00  0.00  0.00  0.00  0.00  0.00  0.00  0.00  0.00
  0.12  0.09  0.17  0.21  0.27  0.26  0.37  0.40  0.37  0.41  0.51  0.40  0.40  0.41  0.40  0.29  0.50  0.51  0.47  0.42  0.40  0.39  0.39  0.38  0.42  0.41  0.31  0.22  0.40  0.28  0.35  0.34  0.00  0.00  0.00  0.00  0.00  0.00  0.00  0.00  0.00  0.00  0.00  0.00  0.00  0.00  0.00  0.00  0.00  0.00  0.00  0.00  0.00  0.00  0.00  0.00  0.00  0.00  0.00  0.00  0.00  0.00  0.00  0.00
  0.13  0.10  0.20  0.22  0.27  0.25  0.32  0.33  0.28  0.31  0.43  0.35  0.31  0.39  0.32  0.18  0.44  0.44  0.38  0.37  0.39  0.39  0.38  0.38  0.47  0.47  0.32  0.30  0.43  0.38  0.41  0.44  0.00  0.00  0.00  0.00  0.00  0.00  0.00  0.00  0.00  0.00  0.00  0.00  0.00  0.00  0.00  0.00  0.00  0.00  0.00  0.00  0.00  0.00  0.00  0.00  0.00  0.00  0.00  0.00  0.00  0.00  0.00  0.00
  0.17  0.12  0.17  0.20  0.25  0.24  0.32  0.36  0.33  0.36  0.54  0.45  0.42  0.53  0.43  0.24  0.53  0.50  0.42  0.41  0.38  0.38  0.40  0.39  0.44  0.47  0.35  0.27  0.41  0.42  0.43  0.41  0.00  0.00  0.00  0.00  0.00  0.00  0.00  0.00  0.00  0.00  0.00  0.00  0.00  0.00  0.00  0.00  0.00  0.00  0.00  0.00  0.00  0.00  0.00  0.00  0.00  0.00  0.00  0.00  0.00  0.00  0.00  0.00
  0.00  0.17  0.23  0.26  0.33  0.23  0.34  0.27  0.22  0.16  0.28  0.11  0.27  0.26  0.25  0.00  0.32  0.21  0.21  0.18  0.15  0.25  0.34  0.33  0.41  0.49  0.32  0.20  0.42  0.41  0.40  0.53  0.00  0.00  0.00  0.00  0.00  0.00  0.00  0.00  0.00  0.00  0.00  0.00  0.00  0.00  0.00  0.00  0.00  0.00  0.00  0.00  0.00  0.00  0.00  0.00  0.00  0.00  0.00  0.00  0.00  0.00  0.00  0.00
  0.00  0.00  0.00  0.00  0.00  0.00  0.00  0.00  0.00  0.00  0.00  0.00  0.00  0.00  0.00  0.00  0.00  0.00  0.00  0.00  0.00  0.00  0.00  0.00  0.00  0.00  0.00  0.00  0.00  0.00  0.00  0.00  0.00  0.00  0.00  0.00  0.00  0.00  0.00  0.00  0.00  0.00  0.00  0.00  0.00  0.00  0.00  0.00  0.00  0.00  0.00  0.00  0.00  0.00  0.00  0.00  0.00  0.00  0.00  0.00  0.00  0.00  0.00  0.00
  0.00  0.00  0.00  0.00  0.00  0.00  0.00  0.00  0.00  0.00  0.00  0.00  0.00  0.00  0.00  0.00  0.00  0.00  0.00  0.00  0.00  0.00  0.00  0.00  0.00  0.00  0.00  0.00  0.00  0.00  0.00  0.00  0.00  0.00  0.00  0.00  0.00  0.00  0.00  0.00  0.00  0.00  0.00  0.00  0.00  0.00  0.00  0.00  0.00  0.00  0.00  0.00  0.00  0.00  0.00  0.00  0.00  0.00  0.00  0.00  0.00  0.00  0.00  0.00
  0.00  0.00  0.00  0.00  0.00  0.00  0.00  0.00  0.00  0.00  0.00  0.00  0.00  0.00  0.00  0.00  0.00  0.00  0.00  0.00  0.00  0.00  0.00  0.00  0.00  0.00  0.00  0.00  0.00  0.00  0.00  0.00  0.00  0.00  0.00  0.00  0.00  0.00  0.00  0.00  0.00  0.00  0.00  0.00  0.00  0.00  0.00  0.00  0.00  0.00  0.00  0.00  0.00  0.00  0.00  0.00  0.00  0.00  0.00  0.00  0.00  0.00  0.00  0.00
  0.00  0.00  0.00  0.00  0.00  0.00  0.00  0.00  0.00  0.00  0.00  0.00  0.00  0.00  0.00  0.00  0.00  0.00  0.00  0.00  0.00  0.00  0.00  0.00  0.00  0.00  0.00  0.00  0.00  0.00  0.00  0.00  0.00  0.00  0.00  0.00  0.00  0.00  0.00  0.00  0.00  0.00  0.00  0.00  0.00  0.00  0.00  0.00  0.00  0.00  0.00  0.00  0.00  0.00  0.00  0.00  0.00  0.00  0.00  0.00  0.00  0.00  0.00  0.00
  0.00  0.00  0.00  0.00  0.00  0.00  0.00  0.00  0.00  0.00  0.00  0.00  0.00  0.00  0.00  0.00  0.00  0.00  0.00  0.00  0.00  0.00  0.00  0.00  0.00  0.00  0.00  0.00  0.00  0.00  0.00  0.00  0.00  0.00  0.00  0.00  0.00  0.00  0.00  0.00  0.00  0.00  0.00  0.00  0.00  0.00  0.00  0.00  0.00  0.00  0.00  0.00  0.00  0.00  0.00  0.00  0.00  0.00  0.00  0.00  0.00  0.00  0.00  0.00
  0.00  0.00  0.00  0.00  0.00  0.00  0.00  0.00  0.00  0.00  0.00  0.00  0.00  0.00  0.00  0.00  0.00  0.00  0.00  0.00  0.00  0.00  0.00  0.00  0.00  0.00  0.00  0.00  0.00  0.00  0.00  0.00  0.00  0.00  0.00  0.00  0.00  0.00  0.00  0.00  0.00  0.00  0.00  0.00  0.00  0.00  0.00  0.00  0.00  0.00  0.00  0.00  0.00  0.00  0.00  0.00  0.00  0.00  0.00  0.00  0.00  0.00  0.00  0.00
  0.00  0.00  0.00  0.00  0.00  0.00  0.00  0.00  0.00  0.00  0.00  0.00  0.00  0.00  0.00  0.00  0.00  0.00  0.00  0.00  0.00  0.00  0.00  0.00  0.00  0.00  0.00  0.00  0.00  0.00  0.00  0.00  0.00  0.00  0.00  0.00  0.00  0.00  0.00  0.00  0.00  0.00  0.00  0.00  0.00  0.00  0.00  0.00  0.00  0.00  0.00  0.00  0.00  0.00  0.00  0.00  0.00  0.00  0.00  0.00  0.00  0.00  0.00  0.00
  0.00  0.00  0.00  0.00  0.00  0.00  0.00  0.00  0.00  0.00  0.00  0.00  0.00  0.00  0.00  0.00  0.00  0.00  0.00  0.00  0.00  0.00  0.00  0.00  0.00  0.00  0.00  0.00  0.00  0.00  0.00  0.00  0.00  0.00  0.00  0.00  0.00  0.00  0.00  0.00  0.00  0.00  0.00  0.00  0.00  0.00  0.00  0.00  0.00  0.00  0.00  0.00  0.00  0.00  0.00  0.00  0.00  0.00  0.00  0.00  0.00  0.00  0.00  0.00
  0.00  0.00  0.00  0.00  0.00  0.00  0.00  0.00  0.00  0.00  0.00  0.00  0.00  0.00  0.00  0.00  0.00  0.00  0.00  0.00  0.00  0.00  0.00  0.00  0.00  0.00  0.00  0.00  0.00  0.00  0.00  0.00  0.00  0.00  0.00  0.00  0.00  0.00  0.00  0.00  0.00  0.00  0.00  0.00  0.00  0.00  0.00  0.00  0.00  0.00  0.00  0.00  0.00  0.00  0.00  0.00  0.00  0.00  0.00  0.00  0.00  0.00  0.00  0.00
  0.00  0.00  0.00  0.00  0.00  0.00  0.00  0.00  0.00  0.00  0.00  0.00  0.00  0.00  0.00  0.00  0.00  0.00  0.00  0.00  0.00  0.00  0.00  0.00  0.00  0.00  0.00  0.00  0.00  0.00  0.00  0.00  0.00  0.00  0.00  0.00  0.00  0.00  0.00  0.00  0.00  0.00  0.00  0.00  0.00  0.00  0.00  0.00  0.00  0.00  0.00  0.00  0.00  0.00  0.00  0.00  0.00  0.00  0.00  0.00  0.00  0.00  0.00  0.00
  0.00  0.00  0.00  0.00  0.00  0.00  0.00  0.00  0.00  0.00  0.00  0.00  0.00  0.00  0.00  0.00  0.00  0.00  0.00  0.00  0.00  0.00  0.00  0.00  0.00  0.00  0.00  0.00  0.00  0.00  0.00  0.00  0.00  0.00  0.00  0.00  0.00  0.00  0.00  0.00  0.00  0.00  0.00  0.00  0.00  0.00  0.00  0.00  0.00  0.00  0.00  0.00  0.00  0.00  0.00  0.00  0.00  0.00  0.00  0.00  0.00  0.00  0.00  0.00
  0.00  0.00  0.00  0.00  0.00  0.00  0.00  0.00  0.00  0.00  0.00  0.00  0.00  0.00  0.00  0.00  0.00  0.00  0.00  0.00  0.00  0.00  0.00  0.00  0.00  0.00  0.00  0.00  0.00  0.00  0.00  0.00  0.00  0.00  0.00  0.00  0.00  0.00  0.00  0.00  0.00  0.00  0.00  0.00  0.00  0.00  0.00  0.00  0.00  0.00  0.00  0.00  0.00  0.00  0.00  0.00  0.00  0.00  0.00  0.00  0.00  0.00  0.00  0.00
  0.00  0.00  0.00  0.00  0.00  0.00  0.00  0.00  0.00  0.00  0.00  0.00  0.00  0.00  0.00  0.00  0.00  0.00  0.00  0.00  0.00  0.00  0.00  0.00  0.00  0.00  0.00  0.00  0.00  0.00  0.00  0.00  0.00  0.00  0.00  0.00  0.00  0.00  0.00  0.00  0.00  0.00  0.00  0.00  0.00  0.00  0.00  0.00  0.00  0.00  0.00  0.00  0.00  0.00  0.00  0.00  0.00  0.00  0.00  0.00  0.00  0.00  0.00  0.00
  0.00  0.00  0.00  0.00  0.00  0.00  0.00  0.00  0.00  0.00  0.00  0.00  0.00  0.00  0.00  0.00  0.00  0.00  0.00  0.00  0.00  0.00  0.00  0.00  0.00  0.00  0.00  0.00  0.00  0.00  0.00  0.00  0.00  0.00  0.00  0.00  0.00  0.00  0.00  0.00  0.00  0.00  0.00  0.00  0.00  0.00  0.00  0.00  0.00  0.00  0.00  0.00  0.00  0.00  0.00  0.00  0.00  0.00  0.00  0.00  0.00  0.00  0.00  0.00
  0.00  0.00  0.00  0.00  0.00  0.00  0.00  0.00  0.00  0.00  0.00  0.00  0.00  0.00  0.00  0.00  0.00  0.00  0.00  0.00  0.00  0.00  0.00  0.00  0.00  0.00  0.00  0.00  0.00  0.00  0.00  0.00  0.00  0.00  0.00  0.00  0.00  0.00  0.00  0.00  0.00  0.00  0.00  0.00  0.00  0.00  0.00  0.00  0.00  0.00  0.00  0.00  0.00  0.00  0.00  0.00  0.00  0.00  0.00  0.00  0.00  0.00  0.00  0.00
  0.00  0.00  0.00  0.00  0.00  0.00  0.00  0.00  0.00  0.00  0.00  0.00  0.00  0.00  0.00  0.00  0.00  0.00  0.00  0.00  0.00  0.00  0.00  0.00  0.00  0.00  0.00  0.00  0.00  0.00  0.00  0.00  0.00  0.00  0.00  0.00  0.00  0.00  0.00  0.00  0.00  0.00  0.00  0.00  0.00  0.00  0.00  0.00  0.00  0.00  0.00  0.00  0.00  0.00  0.00  0.00  0.00  0.00  0.00  0.00  0.00  0.00  0.00  0.00
  0.00  0.00  0.00  0.00  0.00  0.00  0.00  0.00  0.00  0.00  0.00  0.00  0.00  0.00  0.00  0.00  0.00  0.00  0.00  0.00  0.00  0.00  0.00  0.00  0.00  0.00  0.00  0.00  0.00  0.00  0.00  0.00  0.00  0.00  0.00  0.00  0.00  0.00  0.00  0.00  0.00  0.00  0.00  0.00  0.00  0.00  0.00  0.00  0.00  0.00  0.00  0.00  0.00  0.00  0.00  0.00  0.00  0.00  0.00  0.00  0.00  0.00  0.00  0.00
  0.00  0.00  0.00  0.00  0.00  0.00  0.00  0.00  0.00  0.00  0.00  0.00  0.00  0.00  0.00  0.00  0.00  0.00  0.00  0.00  0.00  0.00  0.00  0.00  0.00  0.00  0.00  0.00  0.00  0.00  0.00  0.00  0.00  0.00  0.00  0.00  0.00  0.00  0.00  0.00  0.00  0.00  0.00  0.00  0.00  0.00  0.00  0.00  0.00  0.00  0.00  0.00  0.00  0.00  0.00  0.00  0.00  0.00  0.00  0.00  0.00  0.00  0.00  0.00

 density range (Hz): 0.000000 1.612903