Array Size: 64  64
  0.38  0.10  2.12  1.04  1.16  1.40  1.98  1.50  0.48  0.20  0.54  0.52  0.88  0.70  1.10  1.88  1.04  1.46  0.82  0.52  0.68  0.82  0.96  1.38  0.78  1.48  1.32  1.46  1.02  0.16  0.00  0.00  0.00  0.00  0.00  0.00  0.00  0.00  0.00  0.00  0.00  0.00  0.00  0.00  0.00  0.00  0.00  0.00  0.00  0.00  0.00  0.00  0.00  0.00  0.00  0.00  0.00  0.00  0.00  0.00  0.00  0.00  0.00  0.00
  0.12  0.48  0.90  0.62  0.88  0.78  1.34  0.70  0.86  1.16  0.94  1.04  0.94  1.78  1.84  1.64  0.90  0.84  0.94  0.92  0.64  0.94  1.18  1.08  0.58  0.90  1.72  1.52  0.88  0.98  0.24  0.20  0.00  0.00  0.00  0.00  0.00  0.00  0.00  0.00  0.00  0.00  0.00  0.00  0.00  0.00  0.00  0.00  0.00  0.00  0.00  0.00  0.00  0.00  0.00  0.00  0.00  0.00  0.00  0.00  0.00  0.00  0.00  0.00
  0.04  0.46  0.50  0.62  0.92  0.70  0.90  0.68  0.66  0.66  1.04  1.02  1.72  0.88  0.56  1.26  0.96  2.64  1.16  1.22  0.90  0.50  0.58  1.34  0.40  0.46  0.60  0.78  0.52  0.56  0.64  0.54  0.00  0.00  0.00  0.00  0.00  0.00  0.00  0.00  0.00  0.00  0.00  0.00  0.00  0.00  0.00  0.00  0.00  0.00  0.00  0.00  0.00  0.00  0.00  0.00  0.00  0.00  0.00  0.00  0.00  0.00  0.00  0.00
  0.06  0.52  0.84  0.82  0.54  0.66  0.84  0.34  0.46  1.44  1.42  0.84  1.54  1.52  0.70  1.40  1.20  1.18  0.94  1.42  1.22  0.38  0.24  0.50  1.08  1.20  0.58  1.48  0.80  0.54  0.68  0.28  0.00  0.00  0.00  0.00  0.00  0.00  0.00  0.00  0.00  0.00  0.00  0.00  0.00  0.00  0.00  0.00  0.00  0.00  0.00  0.00  0.00  0.00  0.00  0.00  0.00  0.00  0.00  0.00  0.00  0.00  0.00  0.00
  0.00  0.30  0.86  0.28  0.56  0.88  1.32  0.62  0.78  0.20  0.82  0.48  0.80  1.76  0.30  0.54  0.64  0.60  0.68  0.60  1.04  1.32  0.42  0.28  0.46  0.58  0.54  0.50  0.66  1.40  0.60  0.46  0.00  0.00  0.00  0.00  0.00  0.00  0.00  0.00  0.00  0.00  0.00  0.00  0.00  0.00  0.00  0.00  0.00  0.00  0.00  0.00  0.00  0.00  0.00  0.00  0.00  0.00  0.00  0.00  0.00  0.00  0.00  0.00
  0.00  0.26  0.56  0.74  0.42  0.88  0.96  1.08  0.56  0.60  0.76  0.52  0.46  1.30  1.14  0.44  0.28  0.40  0.68  0.76  1.28  0.52  0.98  0.90  0.72  0.34  1.28  1.10  1.00  0.40  0.64  0.84  0.00  0.00  0.00  0.00  0.00  0.00  0.00  0.00  0.00  0.00  0.00  0.00  0.00  0.00  0.00  0.00  0.00  0.00  0.00  0.00  0.00  0.00  0.00  0.00  0.00  0.00  0.00  0.00  0.00  0.00  0.00  0.00
  0.00  0.48  0.82  0.88  0.72  1.18  3.40  1.64  1.24  1.30  6.30  0.70  0.40  0.78  0.88  0.60  0.26  0.38  0.58  1.54  1.48  1.14  0.62  1.04  0.76  0.66  1.16  0.80  0.76  0.26  0.48  0.58  0.00  0.00  0.00  0.00  0.00  0.00  0.00  0.00  0.00  0.00  0.00  0.00  0.00  0.00  0.00  0.00  0.00  0.00  0.00  0.00  0.00  0.00  0.00  0.00  0.00  0.00  0.00  0.00  0.00  0.00  0.00  0.00
  0.00  0.24  0.60  0.40  1.34  0.52  0.60  1.02  0.88  1.18  4.06  1.20  0.62  0.52  0.68  0.84  0.66  0.30  0.34  0.42  0.38  0.60  0.46  0.24  0.28  0.32  0.86  0.80  0.52  0.52  0.48  0.60  0.00  0.00  0.00  0.00  0.00  0.00  0.00  0.00  0.00  0.00  0.00  0.00  0.00  0.00  0.00  0.00  0.00  0.00  0.00  0.00  0.00  0.00  0.00  0.00  0.00  0.00  0.00  0.00  0.00  0.00  0.00  0.00
  0.00  0.34  0.82  0.60  0.68  0.96  0.66  0.90  0.86  1.12  2.50  0.90  0.72  1.16  0.84  1.84  2.72  0.38  0.36  0.68  0.26  0.42  0.50  0.62  0.32  0.30  0.54  1.24  0.32  0.42  0.76  0.28  0.00  0.00  0.00  0.00  0.00  0.00  0.00  0.00  0.00  0.00  0.00  0.00  0.00  0.00  0.00  0.00  0.00  0.00  0.00  0.00  0.00  0.00  0.00  0.00  0.00  0.00  0.00  0.00  0.00  0.00  0.00  0.00
  0.08  0.38  1.16  1.14  1.28  0.36  0.32  1.04  0.88  0.96  1.58  1.36  1.46  0.68  0.98  0.68  0.34  0.48  0.96  0.70  0.92  0.94  1.12  1.04  0.56  0.40  0.50  1.34  0.56  0.66  0.42  0.42  0.00  0.00  0.00  0.00  0.00  0.00  0.00  0.00  0.00  0.00  0.00  0.00  0.00  0.00  0.00  0.00  0.00  0.00  0.00  0.00  0.00  0.00  0.00  0.00  0.00  0.00  0.00  0.00  0.00  0.00  0.00  0.00
  1.16  0.76  0.68  1.02  1.00  0.66  0.32  1.94  1.54  1.54  2.76  0.70  1.06  0.98  0.48  0.40  0.80  1.18  0.50  0.96  0.82  0.32  0.64  0.76  0.64  0.64  0.46  0.58  0.58  0.44  0.76  0.64  0.00  0.00  0.00  0.00  0.00  0.00  0.00  0.00  0.00  0.00  0.00  0.00  0.00  0.00  0.00  0.00  0.00  0.00  0.00  0.00  0.00  0.00  0.00  0.00  0.00  0.00  0.00  0.00  0.00  0.00  0.00  0.00
  0.94  0.92  0.58  0.72  1.32  0.48  0.22  0.80  1.28  1.24  0.62  0.48  0.92  0.54  0.62  0.60  1.10  1.20  1.88  0.90  0.38  0.78  0.48  0.34  0.40  0.40  0.68  0.76  0.72  0.72  0.70  0.42  0.00  0.00  0.00  0.00  0.00  0.00  0.00  0.00  0.00  0.00  0.00  0.00  0.00  0.00  0.00  0.00  0.00  0.00  0.00  0.00  0.00  0.00  0.00  0.00  0.00  0.00  0.00  0.00  0.00  0.00  0.00  0.00
  0.08  0.78  0.56  0.42  0.56  0.72  0.74  0.86  1.24  0.70  0.66  0.58  1.42  0.98  0.46  0.46  0.60  0.72  0.66  0.90  0.24  0.10  0.14  0.16  0.42  0.40  1.58  2.44  2.36  0.70  0.60  0.16  0.00  0.00  0.00  0.00  0.00  0.00  0.00  0.00  0.00  0.00  0.00  0.00  0.00  0.00  0.00  0.00  0.00  0.00  0.00  0.00  0.00  0.00  0.00  0.00  0.00  0.00  0.00  0.00  0.00  0.00  0.00  0.00
  0.22  0.28  0.34  0.52  0.46  0.78  0.84  0.78  1.84  1.00  1.06  0.08  0.80  1.06  0.70  0.44  0.72  0.14  0.38  0.24  0.48  0.38  0.30  0.34  0.16  0.48  1.34  1.08  1.58  1.56  0.80  0.12  0.00  0.00  0.00  0.00  0.00  0.00  0.00  0.00  0.00  0.00  0.00  0.00  0.00  0.00  0.00  0.00  0.00  0.00  0.00  0.00  0.00  0.00  0.00  0.00  0.00  0.00  0.00  0.00  0.00  0.00  0.00  0.00
  0.32  0.42  0.64  0.52  0.52  0.84  1.04  1.32  0.66  1.06  0.64  0.68  0.76  0.24  0.78  0.80  0.50  0.50  0.56  0.50  0.98  1.62  1.52  0.64  0.70  0.40  0.38  0.56  2.26  2.04  0.70  0.24  0.00  0.00  0.00  0.00  0.00  0.00  0.00  0.00  0.00  0.00  0.00  0.00  0.00  0.00  0.00  0.00  0.00  0.00  0.00  0.00  0.00  0.00  0.00  0.00  0.00  0.00  0.00  0.00  0.00  0.00  0.00  0.00
  0.16  0.58  0.50  0.46  0.70  1.90  0.96  0.88  0.88  0.96  0.32  0.72  0.40  0.34  0.80  0.46  0.54  0.76  1.20  1.30  1.68  0.78  0.96  0.18  0.24  0.68  1.16  0.86  0.28  0.64  0.90  0.24  0.00  0.00  0.00  0.00  0.00  0.00  0.00  0.00  0.00  0.00  0.00  0.00  0.00  0.00  0.00  0.00  0.00  0.00  0.00  0.00  0.00  0.00  0.00  0.00  0.00  0.00  0.00  0.00  0.00  0.00  0.00  0.00
  0.48  0.86  1.00  0.78  0.54  0.62  0.44  0.86  0.52  0.86  0.58  1.32  0.48  0.94  1.10  0.44  1.40  1.02  1.16  0.34  0.82  0.58  0.74  0.54  0.36  0.80  0.44  0.64  0.42  0.26  1.02  0.48  0.00  0.00  0.00  0.00  0.00  0.00  0.00  0.00  0.00  0.00  0.00  0.00  0.00  0.00  0.00  0.00  0.00  0.00  0.00  0.00  0.00  0.00  0.00  0.00  0.00  0.00  0.00  0.00  0.00  0.00  0.00  0.00
  0.12  0.88  1.64  1.04  0.32  0.56  0.90  0.66  1.32  1.26  1.08  0.78  0.72  0.76  0.68  0.70  0.68  0.24  0.74  0.36  0.44  0.40  0.46  1.00  0.78  0.94  0.42  0.78  0.58  0.64  1.14  0.02  0.00  0.00  0.00  0.00  0.00  0.00  0.00  0.00  0.00  0.00  0.00  0.00  0.00  0.00  0.00  0.00  0.00  0.00  0.00  0.00  0.00  0.00  0.00  0.00  0.00  0.00  0.00  0.00  0.00  0.00  0.00  0.00
  0.06  0.54  0.78  0.88  0.24  1.08  1.06  0.86  1.52  1.34  0.54  1.24  1.02  0.84  0.90  1.54  0.80  0.42  1.00  0.64  0.68  0.72  0.18  0.40  0.32  1.20  0.64  0.70  0.42  5.60  0.86  0.00  0.00  0.00  0.00  0.00  0.00  0.00  0.00  0.00  0.00  0.00  0.00  0.00  0.00  0.00  0.00  0.00  0.00  0.00  0.00  0.00  0.00  0.00  0.00  0.00  0.00  0.00  0.00  0.00  0.00  0.00  0.00  0.00
  0.00  0.52  1.34  0.74  0.74  1.14  1.32  1.34  1.10  1.44  0.74  1.52  1.08  1.30  1.18  0.62  0.52  0.38  0.50  0.32  1.32  0.64  1.26  0.88  0.84  0.94  1.98  0.76  0.92  3.34  0.48  0.00  0.00  0.00  0.00  0.00  0.00  0.00  0.00  0.00  0.00  0.00  0.00  0.00  0.00  0.00  0.00  0.00  0.00  0.00  0.00  0.00  0.00  0.00  0.00  0.00  0.00  0.00  0.00  0.00  0.00  0.00  0.00  0.00
  0.00  0.84  0.90  0.72  0.44  0.60  1.06  0.86  0.88  1.32  1.58  0.60  1.22  0.74  1.04  0.86  0.80  1.82  0.62  0.40  1.80  0.82  0.90  0.48  0.98  0.46  0.68  0.66  1.00  0.44  0.42  0.00  0.00  0.00  0.00  0.00  0.00  0.00  0.00  0.00  0.00  0.00  0.00  0.00  0.00  0.00  0.00  0.00  0.00  0.00  0.00  0.00  0.00  0.00  0.00  0.00  0.00  0.00  0.00  0.00  0.00  0.00  0.00  0.00
  0.00  0.78  0.86  0.40  0.68  0.46  0.66  1.10  1.76  1.74  0.90  0.38  0.84  1.58  1.22  1.06  0.96  0.62  0.52  0.64  0.64  0.44  0.46  0.52  0.28  1.26  0.60  0.54  0.36  0.76  0.50  0.02  0.00  0.00  0.00  0.00  0.00  0.00  0.00  0.00  0.00  0.00  0.00  0.00  0.00  0.00  0.00  0.00  0.00  0.00  0.00  0.00  0.00  0.00  0.00  0.00  0.00  0.00  0.00  0.00  0.00  0.00  0.00  0.00
  0.08  0.92  0.96  0.26  0.52  0.74  0.96  1.64  1.24  1.50  1.46  0.34  1.10  0.74  0.72  0.42  0.92  0.84  0.44  0.52  1.16  0.20  0.86  0.48  0.78  1.04  0.82  0.58  0.26  0.40  0.76  0.06  0.00  0.00  0.00  0.00  0.00  0.00  0.00  0.00  0.00  0.00  0.00  0.00  0.00  0.00  0.00  0.00  0.00  0.00  0.00  0.00  0.00  0.00  0.00  0.00  0.00  0.00  0.00  0.00  0.00  0.00  0.00  0.00
  0.74  1.12  1.12  0.88  0.70  0.90  1.18  1.32  0.66  0.72  0.32  0.48  0.82  0.92  0.78  0.64  0.66  0.62  0.42  0.62  0.90  0.38  0.32  0.32  0.40  1.12  1.04  0.62  0.44  0.52  0.30  0.14  0.00  0.00  0.00  0.00  0.00  0.00  0.00  0.00  0.00  0.00  0.00  0.00  0.00  0.00  0.00  0.00  0.00  0.00  0.00  0.00  0.00  0.00  0.00  0.00  0.00  0.00  0.00  0.00  0.00  0.00  0.00  0.00
  1.16  1.00  0.56  0.32  0.66  0.66  1.40  2.28  1.12  0.76  0.72  0.64  0.58  0.46  1.20  0.94  1.98  1.14  0.60  0.52  0.84  0.58  0.48  0.20  0.54  0.66  0.64  0.40  0.28  0.42  0.18  0.30  0.00  0.00  0.00  0.00  0.00  0.00  0.00  0.00  0.00  0.00  0.00  0.00  0.00  0.00  0.00  0.00  0.00  0.00  0.00  0.00  0.00  0.00  0.00  0.00  0.00  0.00  0.00  0.00  0.00  0.00  0.00  0.00
  0.66  0.94  0.62  0.72  0.76  1.32  2.32  1.40  0.54  0.54  0.84  0.56  0.94  0.96  0.82  1.14  1.76  2.96  1.48  0.82  0.72  0.66  0.58  0.60  0.50  0.86  1.64  0.50  0.48  0.42  0.52  0.06  0.00  0.00  0.00  0.00  0.00  0.00  0.00  0.00  0.00  0.00  0.00  0.00  0.00  0.00  0.00  0.00  0.00  0.00  0.00  0.00  0.00  0.00  0.00  0.00  0.00  0.00  0.00  0.00  0.00  0.00  0.00  0.00
  0.98  0.42  0.48  0.56  0.66  0.58  1.66  2.82  1.14  0.54  0.72  0.72  0.80  0.68  1.24  0.42  0.86  1.10  1.64  1.78  0.86  0.40  0.68  0.36  1.16  1.64  1.60  0.84  0.30  0.40  0.22  0.50  0.00  0.00  0.00  0.00  0.00  0.00  0.00  0.00  0.00  0.00  0.00  0.00  0.00  0.00  0.00  0.00  0.00  0.00  0.00  0.00  0.00  0.00  0.00  0.00  0.00  0.00  0.00  0.00  0.00  0.00  0.00  0.00
  1.46  1.66  0.24  0.42  0.58  0.66  0.74  1.16  0.98  0.90  0.86  0.90  1.54  1.28  1.02  1.16  0.76  0.88  0.64  1.06  1.42  0.42  0.68  0.58  1.20  0.44  0.62  1.04  0.84  0.36  0.22  1.04  0.00  0.00  0.00  0.00  0.00  0.00  0.00  0.00  0.00  0.00  0.00  0.00  0.00  0.00  0.00  0.00  0.00  0.00  0.00  0.00  0.00  0.00  0.00  0.00  0.00  0.00  0.00  0.00  0.00  0.00  0.00  0.00
  1.04  0.48  0.30  0.36  0.68  1.02  1.04  1.36  1.40  0.88  0.40  0.54  1.02  1.18  0.80  1.06  0.68  0.70  0.98  0.90  0.94  0.68  0.84  0.62  0.40  0.94  0.50  1.24  1.56  0.60  0.26  0.12  0.00  0.00  0.00  0.00  0.00  0.00  0.00  0.00  0.00  0.00  0.00  0.00  0.00  0.00  0.00  0.00  0.00  0.00  0.00  0.00  0.00  0.00  0.00  0.00  0.00  0.00  0.00  0.00  0.00  0.00  0.00  0.00
  0.00  0.92  0.42  0.42  0.86  1.06  1.50  0.66  0.36  0.84  1.02  0.68  1.98  1.12  0.78  0.30  0.52  0.28  0.38  0.42  0.68  1.80  3.58  0.48  0.30  0.36  0.88  0.40  0.68  1.32  0.46  0.36  0.00  0.00  0.00  0.00  0.00  0.00  0.00  0.00  0.00  0.00  0.00  0.00  0.00  0.00  0.00  0.00  0.00  0.00  0.00  0.00  0.00  0.00  0.00  0.00  0.00  0.00  0.00  0.00  0.00  0.00  0.00  0.00
  0.18  0.40  0.30  0.32  0.74  0.96  1.12  1.00  0.34  0.54  1.10  1.34  1.62  0.62  0.60  0.32  0.66  0.46  0.36  0.24  0.68  3.92  1.78  0.24  0.34  0.52  0.04  0.32  0.54  0.30  0.22  0.26  0.00  0.00  0.00  0.00  0.00  0.00  0.00  0.00  0.00  0.00  0.00  0.00  0.00  0.00  0.00  0.00  0.00  0.00  0.00  0.00  0.00  0.00  0.00  0.00  0.00  0.00  0.00  0.00  0.00  0.00  0.00  0.00
  0.30  0.26  0.30  0.58  0.78  0.80  1.38  0.58  0.66  1.06  0.90  0.42  0.54  0.40  0.88  0.70  0.42  0.38  0.40  0.32  1.12  0.76  1.34  0.18  0.12  0.46  0.36  0.46  0.22  0.44  0.60  0.20  0.00  0.00  0.00  0.00  0.00  0.00  0.00  0.00  0.00  0.00  0.00  0.00  0.00  0.00  0.00  0.00  0.00  0.00  0.00  0.00  0.00  0.00  0.00  0.00  0.00  0.00  0.00  0.00  0.00  0.00  0.00  0.00
  0.26  0.28  0.58  0.36  0.68  0.32  1.24  0.84  0.30  0.36  0.24  0.56  0.44  0.54  1.54  2.00  0.80  0.38  0.56  0.30  1.20  0.28  2.16  0.54  0.68  1.54  0.42  0.50  0.84  0.34  0.12  0.20  0.00  0.00  0.00  0.00  0.00  0.00  0.00  0.00  0.00  0.00  0.00  0.00  0.00  0.00  0.00  0.00  0.00  0.00  0.00  0.00  0.00  0.00  0.00  0.00  0.00  0.00  0.00  0.00  0.00  0.00  0.00  0.00
  0.20  0.54  0.74  0.36  1.00  0.96  0.92  0.88  1.38  1.08  1.62  0.88  0.60  1.04  0.56  1.18  5.42  0.62  0.66  0.30  0.94  0.84  1.26  0.74  0.94  0.42  0.80  0.30  0.34  0.52  0.64  0.20  0.00  0.00  0.00  0.00  0.00  0.00  0.00  0.00  0.00  0.00  0.00  0.00  0.00  0.00  0.00  0.00  0.00  0.00  0.00  0.00  0.00  0.00  0.00  0.00  0.00  0.00  0.00  0.00  0.00  0.00  0.00  0.00
  0.22  0.52  0.70  0.58  0.64  0.56  1.04  0.80  3.00  1.52  0.82  0.68  1.30  1.06  0.62  1.20  0.96  0.50  0.48  0.78  0.94  0.24  1.38  1.48  0.32  0.04  0.26  0.46  0.44  2.04  1.14  0.34  0.00  0.00  0.00  0.00  0.00  0.00  0.00  0.00  0.00  0.00  0.00  0.00  0.00  0.00  0.00  0.00  0.00  0.00  0.00  0.00  0.00  0.00  0.00  0.00  0.00  0.00  0.00  0.00  0.00  0.00  0.00  0.00
  0.58  0.28  0.74  0.58  0.92  2.42  0.64  0.66  0.62  1.74  0.62  0.30  1.56  2.36  0.90  0.56  0.34  0.24  1.96  1.38  1.66  0.66  2.60  4.34  0.22  0.08  0.12  0.24  0.66  0.76  0.96  0.70  0.00  0.00  0.00  0.00  0.00  0.00  0.00  0.00  0.00  0.00  0.00  0.00  0.00  0.00  0.00  0.00  0.00  0.00  0.00  0.00  0.00  0.00  0.00  0.00  0.00  0.00  0.00  0.00  0.00  0.00  0.00  0.00
  0.44  0.24  0.46  0.38  0.90  0.90  0.52  0.44  0.48  0.50  0.82  0.84  0.76  1.46  0.38  0.88  0.26  0.54  1.88  1.30  0.00  0.24  1.66  5.52  2.50  0.14  0.18  0.64  0.46  0.52  0.24  0.40  0.00  0.00  0.00  0.00  0.00  0.00  0.00  0.00  0.00  0.00  0.00  0.00  0.00  0.00  0.00  0.00  0.00  0.00  0.00  0.00  0.00  0.00  0.00  0.00  0.00  0.00  0.00  0.00  0.00  0.00  0.00  0.00
  0.70  0.44  0.72  0.38  0.42  0.28  0.74  0.56  0.62  0.52  0.88  0.98  0.28  0.24  1.10  0.94  1.16  0.86  1.40  0.94  1.10  0.38  2.78  3.02  2.72  0.68  0.56  0.60  0.26  0.48  0.92  0.04  0.00  0.00  0.00  0.00  0.00  0.00  0.00  0.00  0.00  0.00  0.00  0.00  0.00  0.00  0.00  0.00  0.00  0.00  0.00  0.00  0.00  0.00  0.00  0.00  0.00  0.00  0.00  0.00  0.00  0.00  0.00  0.00
  0.62  1.00  0.68  0.76  0.20  0.36  0.50  0.82  1.36  0.88  1.24  1.24  1.52  1.18  2.36  0.52  0.66  1.00  2.16  1.34  0.50  0.38  0.36  0.82  0.50  0.82  0.78  1.60  0.60  1.12  1.06  0.06  0.00  0.00  0.00  0.00  0.00  0.00  0.00  0.00  0.00  0.00  0.00  0.00  0.00  0.00  0.00  0.00  0.00  0.00  0.00  0.00  0.00  0.00  0.00  0.00  0.00  0.00  0.00  0.00  0.00  0.00  0.00  0.00
  1.24  1.28  0.64  1.10  0.94  0.74  0.40  0.24  0.42  0.80  1.66  1.86  2.44  2.58  0.86  0.98  1.34  0.54  2.12  1.10  0.84  0.36  0.20  0.46  1.02  0.40  0.98  1.28  1.76  1.86  0.12  0.06  0.00  0.00  0.00  0.00  0.00  0.00  0.00  0.00  0.00  0.00  0.00  0.00  0.00  0.00  0.00  0.00  0.00  0.00  0.00  0.00  0.00  0.00  0.00  0.00  0.00  0.00  0.00  0.00  0.00  0.00  0.00  0.00
  0.12  0.76  0.60  1.44  1.24  0.52  0.60  0.34  0.40  0.72  1.14  1.40  0.84  0.42  1.16  1.00  1.24  0.54  0.72  0.84  0.34  0.54  0.76  2.14  2.56  1.68  0.62  0.94  1.02  1.00  0.24  0.06  0.00  0.00  0.00  0.00  0.00  0.00  0.00  0.00  0.00  0.00  0.00  0.00  0.00  0.00  0.00  0.00  0.00  0.00  0.00  0.00  0.00  0.00  0.00  0.00  0.00  0.00  0.00  0.00  0.00  0.00  0.00  0.00
  0.30  0.74  0.52  0.16  1.84  0.20  0.40  0.32  0.30  0.58  1.10  0.64  0.90  0.84  0.64  0.96  0.70  1.34  1.24  2.16  1.26  1.28  1.50  1.24  1.20  0.58  0.34  1.08  1.50  1.28  0.04  0.24  0.00  0.00  0.00  0.00  0.00  0.00  0.00  0.00  0.00  0.00  0.00  0.00  0.00  0.00  0.00  0.00  0.00  0.00  0.00  0.00  0.00  0.00  0.00  0.00  0.00  0.00  0.00  0.00  0.00  0.00  0.00  0.00
  0.44  0.46  0.66  0.52  0.82  0.64  1.02  0.86  0.86  0.98  1.32  0.54  0.58  0.96  0.96  0.72  0.48  0.66  1.04  1.66  1.00  1.96  1.64  1.50  1.18  0.76  0.56  0.76  1.50  1.42  0.76  0.12  0.00  0.00  0.00  0.00  0.00  0.00  0.00  0.00  0.00  0.00  0.00  0.00  0.00  0.00  0.00  0.00  0.00  0.00  0.00  0.00  0.00  0.00  0.00  0.00  0.00  0.00  0.00  0.00  0.00  0.00  0.00  0.00
  0.14  0.84  0.86  0.56  0.94  0.52  0.70  0.66  0.72  0.94  0.48  0.66  0.82  0.92  1.20  0.64  0.44  0.70  0.66  1.06  0.70  0.98  1.88  1.98  1.76  1.08  1.00  0.60  0.74  0.74  1.16  0.38  0.00  0.00  0.00  0.00  0.00  0.00  0.00  0.00  0.00  0.00  0.00  0.00  0.00  0.00  0.00  0.00  0.00  0.00  0.00  0.00  0.00  0.00  0.00  0.00  0.00  0.00  0.00  0.00  0.00  0.00  0.00  0.00
  0.02  1.12  0.48  0.58  1.08  1.24  0.70  1.06  1.04  1.16  0.48  0.62  0.36  0.38  0.68  0.86  1.24  0.96  1.06  0.80  0.72  1.68  2.36  1.76  1.54  1.10  0.62  0.78  0.42  0.22  0.62  3.54  0.00  0.00  0.00  0.00  0.00  0.00  0.00  0.00  0.00  0.00  0.00  0.00  0.00  0.00  0.00  0.00  0.00  0.00  0.00  0.00  0.00  0.00  0.00  0.00  0.00  0.00  0.00  0.00  0.00  0.00  0.00  0.00
  0.00  0.32  0.64  0.44  0.78  1.24  1.28  1.14  1.42  1.20  0.42  0.16  0.16  0.12  0.06  0.00  0.04  0.52  0.26  0.10  0.14  0.54  0.58  0.58  0.40  0.20  0.18  0.76  1.40  0.06  0.26  0.52  0.00  0.00  0.00  0.00  0.00  0.00  0.00  0.00  0.00  0.00  0.00  0.00  0.00  0.00  0.00  0.00  0.00  0.00  0.00  0.00  0.00  0.00  0.00  0.00  0.00  0.00  0.00  0.00  0.00  0.00  0.00  0.00
  0.00  0.00  0.00  0.00  0.00  0.00  0.00  0.00  0.00  0.00  0.00  0.00  0.00  0.00  0.00  0.00  0.00  0.00  0.00  0.00  0.00  0.00  0.00  0.00  0.00  0.00  0.00  0.00  0.00  0.00  0.00  0.00  0.00  0.00  0.00  0.00  0.00  0.00  0.00  0.00  0.00  0.00  0.00  0.00  0.00  0.00  0.00  0.00  0.00  0.00  0.00  0.00  0.00  0.00  0.00  0.00  0.00  0.00  0.00  0.00  0.00  0.00  0.00  0.00
  0.00  0.00  0.00  0.00  0.00  0.00  0.00  0.00  0.00  0.00  0.00  0.00  0.00  0.00  0.00  0.00  0.00  0.00  0.00  0.00  0.00  0.00  0.00  0.00  0.00  0.00  0.00  0.00  0.00  0.00  0.00  0.00  0.00  0.00  0.00  0.00  0.00  0.00  0.00  0.00  0.00  0.00  0.00  0.00  0.00  0.00  0.00  0.00  0.00  0.00  0.00  0.00  0.00  0.00  0.00  0.00  0.00  0.00  0.00  0.00  0.00  0.00  0.00  0.00
  0.00  0.00  0.00  0.00  0.00  0.00  0.00  0.00  0.00  0.00  0.00  0.00  0.00  0.00  0.00  0.00  0.00  0.00  0.00  0.00  0.00  0.00  0.00  0.00  0.00  0.00  0.00  0.00  0.00  0.00  0.00  0.00  0.00  0.00  0.00  0.00  0.00  0.00  0.00  0.00  0.00  0.00  0.00  0.00  0.00  0.00  0.00  0.00  0.00  0.00  0.00  0.00  0.00  0.00  0.00  0.00  0.00  0.00  0.00  0.00  0.00  0.00  0.00  0.00
  0.00  0.00  0.00  0.00  0.00  0.00  0.00  0.00  0.00  0.00  0.00  0.00  0.00  0.00  0.00  0.00  0.00  0.00  0.00  0.00  0.00  0.00  0.00  0.00  0.00  0.00  0.00  0.00  0.00  0.00  0.00  0.00  0.00  0.00  0.00  0.00  0.00  0.00  0.00  0.00  0.00  0.00  0.00  0.00  0.00  0.00  0.00  0.00  0.00  0.00  0.00  0.00  0.00  0.00  0.00  0.00  0.00  0.00  0.00  0.00  0.00  0.00  0.00  0.00
  0.00  0.00  0.00  0.00  0.00  0.00  0.00  0.00  0.00  0.00  0.00  0.00  0.00  0.00  0.00  0.00  0.00  0.00  0.00  0.00  0.00  0.00  0.00  0.00  0.00  0.00  0.00  0.00  0.00  0.00  0.00  0.00  0.00  0.00  0.00  0.00  0.00  0.00  0.00  0.00  0.00  0.00  0.00  0.00  0.00  0.00  0.00  0.00  0.00  0.00  0.00  0.00  0.00  0.00  0.00  0.00  0.00  0.00  0.00  0.00  0.00  0.00  0.00  0.00
  0.00  0.00  0.00  0.00  0.00  0.00  0.00  0.00  0.00  0.00  0.00  0.00  0.00  0.00  0.00  0.00  0.00  0.00  0.00  0.00  0.00  0.00  0.00  0.00  0.00  0.00  0.00  0.00  0.00  0.00  0.00  0.00  0.00  0.00  0.00  0.00  0.00  0.00  0.00  0.00  0.00  0.00  0.00  0.00  0.00  0.00  0.00  0.00  0.00  0.00  0.00  0.00  0.00  0.00  0.00  0.00  0.00  0.00  0.00  0.00  0.00  0.00  0.00  0.00
  0.00  0.00  0.00  0.00  0.00  0.00  0.00  0.00  0.00  0.00  0.00  0.00  0.00  0.00  0.00  0.00  0.00  0.00  0.00  0.00  0.00  0.00  0.00  0.00  0.00  0.00  0.00  0.00  0.00  0.00  0.00  0.00  0.00  0.00  0.00  0.00  0.00  0.00  0.00  0.00  0.00  0.00  0.00  0.00  0.00  0.00  0.00  0.00  0.00  0.00  0.00  0.00  0.00  0.00  0.00  0.00  0.00  0.00  0.00  0.00  0.00  0.00  0.00  0.00
  0.00  0.00  0.00  0.00  0.00  0.00  0.00  0.00  0.00  0.00  0.00  0.00  0.00  0.00  0.00  0.00  0.00  0.00  0.00  0.00  0.00  0.00  0.00  0.00  0.00  0.00  0.00  0.00  0.00  0.00  0.00  0.00  0.00  0.00  0.00  0.00  0.00  0.00  0.00  0.00  0.00  0.00  0.00  0.00  0.00  0.00  0.00  0.00  0.00  0.00  0.00  0.00  0.00  0.00  0.00  0.00  0.00  0.00  0.00  0.00  0.00  0.00  0.00  0.00
  0.00  0.00  0.00  0.00  0.00  0.00  0.00  0.00  0.00  0.00  0.00  0.00  0.00  0.00  0.00  0.00  0.00  0.00  0.00  0.00  0.00  0.00  0.00  0.00  0.00  0.00  0.00  0.00  0.00  0.00  0.00  0.00  0.00  0.00  0.00  0.00  0.00  0.00  0.00  0.00  0.00  0.00  0.00  0.00  0.00  0.00  0.00  0.00  0.00  0.00  0.00  0.00  0.00  0.00  0.00  0.00  0.00  0.00  0.00  0.00  0.00  0.00  0.00  0.00
  0.00  0.00  0.00  0.00  0.00  0.00  0.00  0.00  0.00  0.00  0.00  0.00  0.00  0.00  0.00  0.00  0.00  0.00  0.00  0.00  0.00  0.00  0.00  0.00  0.00  0.00  0.00  0.00  0.00  0.00  0.00  0.00  0.00  0.00  0.00  0.00  0.00  0.00  0.00  0.00  0.00  0.00  0.00  0.00  0.00  0.00  0.00  0.00  0.00  0.00  0.00  0.00  0.00  0.00  0.00  0.00  0.00  0.00  0.00  0.00  0.00  0.00  0.00  0.00
  0.00  0.00  0.00  0.00  0.00  0.00  0.00  0.00  0.00  0.00  0.00  0.00  0.00  0.00  0.00  0.00  0.00  0.00  0.00  0.00  0.00  0.00  0.00  0.00  0.00  0.00  0.00  0.00  0.00  0.00  0.00  0.00  0.00  0.00  0.00  0.00  0.00  0.00  0.00  0.00  0.00  0.00  0.00  0.00  0.00  0.00  0.00  0.00  0.00  0.00  0.00  0.00  0.00  0.00  0.00  0.00  0.00  0.00  0.00  0.00  0.00  0.00  0.00  0.00
  0.00  0.00  0.00  0.00  0.00  0.00  0.00  0.00  0.00  0.00  0.00  0.00  0.00  0.00  0.00  0.00  0.00  0.00  0.00  0.00  0.00  0.00  0.00  0.00  0.00  0.00  0.00  0.00  0.00  0.00  0.00  0.00  0.00  0.00  0.00  0.00  0.00  0.00  0.00  0.00  0.00  0.00  0.00  0.00  0.00  0.00  0.00  0.00  0.00  0.00  0.00  0.00  0.00  0.00  0.00  0.00  0.00  0.00  0.00  0.00  0.00  0.00  0.00  0.00
  0.00  0.00  0.00  0.00  0.00  0.00  0.00  0.00  0.00  0.00  0.00  0.00  0.00  0.00  0.00  0.00  0.00  0.00  0.00  0.00  0.00  0.00  0.00  0.00  0.00  0.00  0.00  0.00  0.00  0.00  0.00  0.00  0.00  0.00  0.00  0.00  0.00  0.00  0.00  0.00  0.00  0.00  0.00  0.00  0.00  0.00  0.00  0.00  0.00  0.00  0.00  0.00  0.00  0.00  0.00  0.00  0.00  0.00  0.00  0.00  0.00  0.00  0.00  0.00
  0.00  0.00  0.00  0.00  0.00  0.00  0.00  0.00  0.00  0.00  0.00  0.00  0.00  0.00  0.00  0.00  0.00  0.00  0.00  0.00  0.00  0.00  0.00  0.00  0.00  0.00  0.00  0.00  0.00  0.00  0.00  0.00  0.00  0.00  0.00  0.00  0.00  0.00  0.00  0.00  0.00  0.00  0.00  0.00  0.00  0.00  0.00  0.00  0.00  0.00  0.00  0.00  0.00  0.00  0.00  0.00  0.00  0.00  0.00  0.00  0.00  0.00  0.00  0.00
  0.00  0.00  0.00  0.00  0.00  0.00  0.00  0.00  0.00  0.00  0.00  0.00  0.00  0.00  0.00  0.00  0.00  0.00  0.00  0.00  0.00  0.00  0.00  0.00  0.00  0.00  0.00  0.00  0.00  0.00  0.00  0.00  0.00  0.00  0.00  0.00  0.00  0.00  0.00  0.00  0.00  0.00  0.00  0.00  0.00  0.00  0.00  0.00  0.00  0.00  0.00  0.00  0.00  0.00  0.00  0.00  0.00  0.00  0.00  0.00  0.00  0.00  0.00  0.00
  0.00  0.00  0.00  0.00  0.00  0.00  0.00  0.00  0.00  0.00  0.00  0.00  0.00  0.00  0.00  0.00  0.00  0.00  0.00  0.00  0.00  0.00  0.00  0.00  0.00  0.00  0.00  0.00  0.00  0.00  0.00  0.00  0.00  0.00  0.00  0.00  0.00  0.00  0.00  0.00  0.00  0.00  0.00  0.00  0.00  0.00  0.00  0.00  0.00  0.00  0.00  0.00  0.00  0.00  0.00  0.00  0.00  0.00  0.00  0.00  0.00  0.00  0.00  0.00
  0.00  0.00  0.00  0.00  0.00  0.00  0.00  0.00  0.00  0.00  0.00  0.00  0.00  0.00  0.00  0.00  0.00  0.00  0.00  0.00  0.00  0.00  0.00  0.00  0.00  0.00  0.00  0.00  0.00  0.00  0.00  0.00  0.00  0.00  0.00  0.00  0.00  0.00  0.00  0.00  0.00  0.00  0.00  0.00  0.00  0.00  0.00  0.00  0.00  0.00  0.00  0.00  0.00  0.00  0.00  0.00  0.00  0.00  0.00  0.00  0.00  0.00  0.00  0.00
  0.00  0.00  0.00  0.00  0.00  0.00  0.00  0.00  0.00  0.00  0.00  0.00  0.00  0.00  0.00  0.00  0.00  0.00  0.00  0.00  0.00  0.00  0.00  0.00  0.00  0.00  0.00  0.00  0.00  0.00  0.00  0.00  0.00  0.00  0.00  0.00  0.00  0.00  0.00  0.00  0.00  0.00  0.00  0.00  0.00  0.00  0.00  0.00  0.00  0.00  0.00  0.00  0.00  0.00  0.00  0.00  0.00  0.00  0.00  0.00  0.00  0.00  0.00  0.00

 density range (Hz): 0.000000 6.300000