Array Size: 64  64
  0.14  0.12  0.11  0.00  0.32  0.15  0.27  0.31  0.24  0.27  0.43  0.45  0.52  0.56  0.81  0.76  0.73  0.72  0.66  0.64  0.60  0.65  0.70  0.70  0.56  0.68  0.56  0.34  0.41  0.58  0.78  0.75  0.90  0.00  0.00  0.79  0.83  0.74  0.54  0.53  0.46  0.51  0.48  0.45  0.41  0.00  0.00  0.00  0.00  0.00  0.00  0.00  0.00  0.00  0.00  0.00  0.00  0.00  0.00  0.00  0.00  0.00  0.00  0.00
  0.12  0.10  0.09  0.28  0.21  0.16  0.24  0.32  0.27  0.30  0.38  0.40  0.42  0.53  0.76  0.72  0.71  0.68  0.57  0.54  0.54  0.55  0.59  0.61  0.51  0.54  0.49  0.32  0.31  0.46  0.68  0.64  0.89  1.12  1.11  0.87  0.83  0.61  0.43  0.37  0.34  0.45  0.42  0.39  0.37  0.00  0.00  0.00  0.00  0.00  0.00  0.00  0.00  0.00  0.00  0.00  0.00  0.00  0.00  0.00  0.00  0.00  0.00  0.00
  0.09  0.15  0.24  0.36  0.34  0.27  0.30  0.31  0.27  0.26  0.32  0.33  0.33  0.44  0.66  0.62  0.66  0.66  0.58  0.56  0.56  0.56  0.57  0.58  0.49  0.46  0.41  0.26  0.25  0.37  0.59  0.71  0.96  1.17  1.22  1.03  0.87  0.66  0.52  0.38  0.35  0.41  0.38  0.32  0.30  0.34  0.00  0.00  0.00  0.00  0.00  0.00  0.00  0.00  0.00  0.00  0.00  0.00  0.00  0.00  0.00  0.00  0.00  0.00
  0.44  0.41  0.43  0.50  0.45  0.33  0.34  0.35  0.30  0.25  0.30  0.32  0.29  0.45  0.59  0.59  0.58  0.66  0.46  0.45  0.46  0.43  0.42  0.45  0.44  0.38  0.41  0.31  0.34  0.41  0.59  0.75  0.93  1.02  1.03  0.89  0.71  0.56  0.48  0.32  0.30  0.37  0.33  0.26  0.28  0.30  0.00  0.00  0.00  0.00  0.00  0.00  0.00  0.00  0.00  0.00  0.00  0.00  0.00  0.00  0.00  0.00  0.00  0.00
  0.40  0.47  0.49  0.44  0.43  0.39  0.32  0.31  0.31  0.28  0.30  0.38  0.38  0.51  0.64  0.64  0.57  0.53  0.29  0.23  0.29  0.32  0.41  0.50  0.53  0.48  0.47  0.35  0.26  0.34  0.44  0.65  0.69  0.83  0.83  0.75  0.62  0.56  0.46  0.30  0.25  0.29  0.22  0.17  0.20  0.24  0.00  0.00  0.00  0.00  0.00  0.00  0.00  0.00  0.00  0.00  0.00  0.00  0.00  0.00  0.00  0.00  0.00  0.00
  0.00  0.52  0.54  0.64  0.59  0.58  0.44  0.41  0.29  0.26  0.21  0.21  0.15  0.24  0.21  0.15  0.22  0.32  0.21  0.23  0.40  0.47  0.54  0.68  0.75  0.54  0.40  0.31  0.21  0.18  0.31  0.67  0.63  0.73  0.79  0.68  0.58  0.53  0.41  0.21  0.25  0.18  0.14  0.12  0.15  0.13  0.00  0.00  0.00  0.00  0.00  0.00  0.00  0.00  0.00  0.00  0.00  0.00  0.00  0.00  0.00  0.00  0.00  0.00
  0.00  0.70  0.81  0.87  0.00  0.77  0.54  0.44  0.35  0.31  0.25  0.26  0.21  0.17  0.13  0.07  0.14  0.25  0.21  0.30  0.53  0.75  0.85  1.04  1.14  0.77  0.45  0.40  0.36  0.27  0.44  0.62  0.49  0.54  0.55  0.48  0.62  0.71  0.58  0.37  0.38  0.13  0.10  0.09  0.11  0.09  0.00  0.00  0.00  0.00  0.00  0.00  0.00  0.00  0.00  0.00  0.00  0.00  0.00  0.00  0.00  0.00  0.00  0.00
  0.00  0.84  1.02  1.11  0.94  0.91  0.64  0.51  0.40  0.40  0.31  0.36  0.30  0.19  0.14  0.07  0.14  0.20  0.17  0.35  0.58  1.07  1.30  1.61  1.56  1.26  0.74  0.61  0.58  0.43  0.60  0.46  0.31  0.32  0.27  0.22  0.49  0.00  0.59  0.47  0.41  0.16  0.12  0.11  0.12  0.11  0.00  0.00  0.00  0.00  0.00  0.00  0.00  0.00  0.00  0.00  0.00  0.00  0.00  0.00  0.00  0.00  0.00  0.00
  0.00  0.49  0.93  1.05  0.90  0.99  0.70  0.77  0.68  0.74  0.60  0.72  0.50  0.42  0.36  0.33  0.39  0.34  0.35  0.59  0.90  1.30  1.43  1.67  1.57  1.41  0.98  0.93  0.61  0.51  0.52  0.32  0.24  0.29  0.24  0.21  0.53  0.77  0.65  0.51  0.42  0.15  0.14  0.13  0.15  0.12  0.00  0.00  0.00  0.00  0.00  0.00  0.00  0.00  0.00  0.00  0.00  0.00  0.00  0.00  0.00  0.00  0.00  0.00
  0.00  0.62  1.05  1.36  1.25  1.21  1.01  1.08  0.83  0.88  0.73  0.73  0.44  0.43  0.28  0.39  0.52  0.63  0.65  0.88  1.16  1.54  1.64  1.74  1.69  1.31  0.87  0.81  0.62  0.51  0.59  0.36  0.21  0.26  0.21  0.19  0.62  0.84  0.68  0.00  0.44  0.18  0.18  0.16  0.18  0.11  0.00  0.00  0.00  0.00  0.00  0.00  0.00  0.00  0.00  0.00  0.00  0.00  0.00  0.00  0.00  0.00  0.00  0.00
  0.00  1.08  1.34  1.26  1.18  1.05  0.86  1.01  0.82  0.84  0.72  0.74  0.40  0.40  0.40  0.62  0.75  0.76  0.90  1.05  1.14  1.32  1.48  1.51  1.41  1.15  0.87  0.80  0.61  0.56  0.62  0.34  0.24  0.28  0.26  0.25  0.56  0.61  0.54  0.39  0.33  0.24  0.25  0.23  0.27  0.31  0.00  0.00  0.00  0.00  0.00  0.00  0.00  0.00  0.00  0.00  0.00  0.00  0.00  0.00  0.00  0.00  0.00  0.00
  0.00  0.00  1.13  1.19  1.05  0.91  0.82  1.05  0.79  0.80  0.80  0.73  0.50  0.53  0.52  0.65  0.83  0.69  0.90  0.97  0.98  1.12  1.40  1.39  1.30  1.12  0.91  0.69  0.51  0.53  0.51  0.34  0.24  0.25  0.23  0.25  0.36  0.35  0.34  0.25  0.26  0.27  0.32  0.28  0.33  0.00  0.00  0.00  0.00  0.00  0.00  0.00  0.00  0.00  0.00  0.00  0.00  0.00  0.00  0.00  0.00  0.00  0.00  0.00
  0.00  1.18  1.20  1.25  1.09  0.96  0.88  1.10  0.76  0.71  0.70  0.60  0.40  0.48  0.55  0.68  0.79  0.68  0.87  0.76  0.83  0.87  1.10  1.05  1.01  0.80  0.71  0.53  0.35  0.42  0.45  0.35  0.27  0.28  0.26  0.22  0.35  0.31  0.39  0.33  0.36  0.35  0.40  0.33  0.43  0.52  0.00  0.00  0.00  0.00  0.00  0.00  0.00  0.00  0.00  0.00  0.00  0.00  0.00  0.00  0.00  0.00  0.00  0.00
  0.76  1.14  1.29  1.44  1.22  1.14  1.22  0.87  0.63  0.56  0.55  0.30  0.33  0.24  0.31  0.39  0.48  0.51  0.75  0.61  0.63  0.75  1.07  0.97  1.00  0.68  0.57  0.43  0.35  0.39  0.54  0.42  0.24  0.27  0.27  0.26  0.45  0.48  0.50  0.48  0.46  0.47  0.52  0.49  0.60  0.81  0.00  0.00  0.00  0.00  0.00  0.00  0.00  0.00  0.00  0.00  0.00  0.00  0.00  0.00  0.00  0.00  0.00  0.00
  1.05  1.03  1.20  1.28  1.05  0.90  0.97  0.56  0.47  0.35  0.32  0.15  0.23  0.13  0.26  0.36  0.39  0.32  0.57  0.47  0.41  0.55  0.81  0.73  0.76  0.52  0.51  0.37  0.30  0.29  0.39  0.28  0.23  0.20  0.26  0.23  0.37  0.40  0.48  0.47  0.44  0.49  0.54  0.52  0.60  0.00  0.00  0.00  0.00  0.00  0.00  0.00  0.00  0.00  0.00  0.00  0.00  0.00  0.00  0.00  0.00  0.00  0.00  0.00
  0.55  0.59  0.88  0.86  0.70  0.59  0.73  0.38  0.44  0.37  0.36  0.15  0.24  0.20  0.24  0.33  0.36  0.28  0.39  0.35  0.29  0.46  0.68  0.64  0.80  0.63  0.56  0.45  0.39  0.27  0.30  0.37  0.32  0.32  0.56  0.36  0.28  0.33  0.44  0.46  0.55  0.53  0.69  0.67  0.79  0.00  0.00  0.00  0.00  0.00  0.00  0.00  0.00  0.00  0.00  0.00  0.00  0.00  0.00  0.00  0.00  0.00  0.00  0.00
  0.24  0.35  0.69  0.69  0.64  0.00  0.64  0.35  0.38  0.34  0.30  0.14  0.14  0.17  0.21  0.39  0.36  0.39  0.41  0.44  0.27  0.41  0.47  0.44  0.52  0.43  0.45  0.47  0.41  0.28  0.35  0.38  0.30  0.37  0.61  0.33  0.00  0.34  0.44  0.47  0.57  0.56  0.67  0.71  0.83  1.14  0.00  0.00  0.00  0.00  0.00  0.00  0.00  0.00  0.00  0.00  0.00  0.00  0.00  0.00  0.00  0.00  0.00  0.00
  0.24  0.17  0.30  0.26  0.36  0.30  0.58  0.41  0.45  0.42  0.42  0.22  0.24  0.30  0.26  0.41  0.41  0.45  0.43  0.55  0.35  0.49  0.51  0.47  0.54  0.46  0.45  0.47  0.40  0.29  0.33  0.36  0.29  0.36  0.59  0.40  0.25  0.29  0.38  0.38  0.48  0.58  0.71  0.75  0.88  1.30  0.00  0.00  0.00  0.00  0.00  0.00  0.00  0.00  0.00  0.00  0.00  0.00  0.00  0.00  0.00  0.00  0.00  0.00
  0.24  0.17  0.15  0.13  0.24  0.33  0.59  0.56  0.66  0.66  0.65  0.48  0.41  0.42  0.35  0.53  0.51  0.50  0.41  0.47  0.25  0.37  0.42  0.41  0.45  0.40  0.39  0.37  0.29  0.23  0.25  0.31  0.33  0.51  0.76  0.39  0.21  0.20  0.24  0.18  0.38  0.46  0.64  0.72  0.91  1.08  0.00  0.00  0.00  0.00  0.00  0.00  0.00  0.00  0.00  0.00  0.00  0.00  0.00  0.00  0.00  0.00  0.00  0.00
  0.00  0.00  0.14  0.12  0.33  0.46  0.72  0.74  0.83  0.78  0.77  0.60  0.44  0.53  0.55  0.63  0.54  0.53  0.41  0.39  0.29  0.38  0.43  0.38  0.41  0.43  0.45  0.44  0.34  0.34  0.31  0.38  0.40  0.72  0.70  0.40  0.20  0.19  0.19  0.15  0.46  0.68  0.90  1.01  1.14  1.25  0.00  0.00  0.00  0.00  0.00  0.00  0.00  0.00  0.00  0.00  0.00  0.00  0.00  0.00  0.00  0.00  0.00  0.00
  0.35  0.24  0.34  0.30  0.45  0.56  0.88  0.87  0.94  0.89  0.84  0.78  0.66  0.65  0.69  0.71  0.47  0.44  0.35  0.33  0.28  0.29  0.30  0.39  0.32  0.28  0.33  0.35  0.24  0.33  0.36  0.27  0.32  0.51  0.54  0.39  0.37  0.33  0.29  0.13  0.31  0.52  0.58  0.72  0.74  0.85  0.00  0.00  0.00  0.00  0.00  0.00  0.00  0.00  0.00  0.00  0.00  0.00  0.00  0.00  0.00  0.00  0.00  0.00
  0.00  0.30  0.41  0.36  0.51  0.63  0.89  0.96  1.03  0.95  0.94  0.87  0.69  0.56  0.60  0.54  0.36  0.33  0.31  0.26  0.21  0.24  0.27  0.59  0.47  0.45  0.47  0.45  0.22  0.35  0.30  0.23  0.30  0.46  0.48  0.46  0.41  0.36  0.32  0.22  0.43  0.62  0.69  0.76  0.68  0.67  0.00  0.00  0.00  0.00  0.00  0.00  0.00  0.00  0.00  0.00  0.00  0.00  0.00  0.00  0.00  0.00  0.00  0.00
  0.59  0.38  0.47  0.38  0.41  0.65  0.88  1.00  1.18  1.11  1.05  0.98  0.88  0.60  0.62  0.57  0.41  0.33  0.36  0.33  0.28  0.25  0.21  0.61  0.44  0.45  0.51  0.48  0.25  0.37  0.31  0.22  0.24  0.39  0.44  0.41  0.39  0.41  0.25  0.23  0.52  0.66  0.71  0.84  0.64  0.50  0.00  0.00  0.00  0.00  0.00  0.00  0.00  0.00  0.00  0.00  0.00  0.00  0.00  0.00  0.00  0.00  0.00  0.00
  0.54  0.72  0.68  0.56  0.53  0.67  0.73  0.83  0.92  0.85  0.87  0.90  0.85  0.63  0.66  0.55  0.37  0.32  0.39  0.37  0.35  0.36  0.21  0.48  0.36  0.43  0.51  0.48  0.35  0.52  0.52  0.46  0.48  0.55  0.50  0.39  0.35  0.38  0.23  0.27  0.43  0.54  0.54  0.91  0.80  0.85  0.00  0.00  0.00  0.00  0.00  0.00  0.00  0.00  0.00  0.00  0.00  0.00  0.00  0.00  0.00  0.00  0.00  0.00
  1.03  0.89  0.70  0.73  0.47  0.50  0.50  0.62  0.79  0.80  0.89  1.00  1.02  0.68  0.66  0.56  0.40  0.37  0.40  0.41  0.31  0.25  0.28  0.73  0.76  0.75  0.70  0.53  0.46  0.53  0.53  0.53  0.63  0.61  0.60  0.61  0.63  0.48  0.37  0.28  0.26  0.25  0.35  0.79  0.78  0.91  0.00  0.00  0.00  0.00  0.00  0.00  0.00  0.00  0.00  0.00  0.00  0.00  0.00  0.00  0.00  0.00  0.00  0.00
  0.59  0.53  0.42  0.47  0.32  0.41  0.35  0.50  0.77  0.77  0.90  0.89  0.90  0.53  0.51  0.41  0.38  0.36  0.36  0.36  0.29  0.25  0.25  0.55  0.75  0.76  0.77  0.66  0.59  0.59  0.61  0.57  0.62  0.66  0.65  0.65  0.69  0.62  0.28  0.27  0.25  0.24  0.32  0.75  0.77  0.87  0.00  0.00  0.00  0.00  0.00  0.00  0.00  0.00  0.00  0.00  0.00  0.00  0.00  0.00  0.00  0.00  0.00  0.00
  0.00  0.63  0.47  0.49  0.37  0.33  0.45  0.49  0.80  0.79  0.87  0.77  0.90  0.51  0.49  0.39  0.42  0.39  0.31  0.27  0.22  0.17  0.18  0.38  0.66  0.66  0.66  0.53  0.52  0.54  0.64  0.59  0.70  0.76  0.75  0.00  0.76  0.61  0.25  0.23  0.23  0.22  0.34  0.74  0.83  0.93  0.00  0.00  0.00  0.00  0.00  0.00  0.00  0.00  0.00  0.00  0.00  0.00  0.00  0.00  0.00  0.00  0.00  0.00
  0.93  0.72  0.55  0.63  0.58  0.36  0.49  0.48  0.63  0.59  0.63  0.54  0.55  0.31  0.31  0.21  0.25  0.30  0.22  0.20  0.19  0.15  0.19  0.38  0.66  0.62  0.70  0.56  0.56  0.60  0.74  0.69  0.89  0.96  0.93  0.91  0.87  0.59  0.28  0.26  0.16  0.11  0.23  0.59  0.75  0.90  0.00  0.00  0.00  0.00  0.00  0.00  0.00  0.00  0.00  0.00  0.00  0.00  0.00  0.00  0.00  0.00  0.00  0.00
  0.88  0.51  0.39  0.48  0.60  0.41  0.67  0.61  0.76  0.63  0.57  0.39  0.43  0.20  0.15  0.20  0.29  0.26  0.18  0.19  0.18  0.14  0.20  0.39  0.78  0.70  0.81  0.64  0.56  0.47  0.55  0.48  0.68  0.79  0.77  0.80  0.77  0.49  0.22  0.24  0.16  0.13  0.21  0.36  0.39  0.48  0.00  0.00  0.00  0.00  0.00  0.00  0.00  0.00  0.00  0.00  0.00  0.00  0.00  0.00  0.00  0.00  0.00  0.00
  0.00  0.38  0.28  0.32  0.51  0.42  0.64  0.61  0.68  0.55  0.46  0.24  0.32  0.27  0.24  0.29  0.37  0.21  0.12  0.14  0.14  0.11  0.12  0.25  0.38  0.31  0.49  0.53  0.36  0.36  0.52  0.35  0.39  0.63  0.61  0.52  0.52  0.43  0.22  0.23  0.19  0.16  0.26  0.42  0.48  0.57  0.00  0.00  0.00  0.00  0.00  0.00  0.00  0.00  0.00  0.00  0.00  0.00  0.00  0.00  0.00  0.00  0.00  0.00
  0.62  0.55  0.42  0.43  0.63  0.47  0.68  0.66  0.66  0.51  0.41  0.15  0.23  0.28  0.25  0.31  0.36  0.25  0.13  0.13  0.13  0.12  0.08  0.23  0.44  0.37  0.51  0.47  0.27  0.27  0.47  0.37  0.48  0.60  0.49  0.39  0.43  0.33  0.23  0.27  0.29  0.23  0.40  0.57  0.71  0.78  0.00  0.00  0.00  0.00  0.00  0.00  0.00  0.00  0.00  0.00  0.00  0.00  0.00  0.00  0.00  0.00  0.00  0.00
  0.50  0.49  0.39  0.43  0.69  0.65  0.70  0.67  0.60  0.39  0.24  0.07  0.24  0.34  0.30  0.38  0.46  0.31  0.18  0.19  0.20  0.18  0.13  0.19  0.32  0.18  0.39  0.41  0.46  0.46  0.58  0.44  0.42  0.50  0.36  0.34  0.00  0.34  0.27  0.27  0.28  0.22  0.39  0.58  0.74  0.81  0.00  0.00  0.00  0.00  0.00  0.00  0.00  0.00  0.00  0.00  0.00  0.00  0.00  0.00  0.00  0.00  0.00  0.00
  0.00  0.40  0.33  0.00  0.50  0.54  0.56  0.59  0.70  0.00  0.00  0.00  0.00  0.42  0.42  0.00  0.00  0.00  0.17  0.16  0.16  0.18  0.10  0.16  0.00  0.00  0.00  0.00  0.00  0.00  0.00  0.41  0.39  0.38  0.19  0.00  0.20  0.17  0.22  0.21  0.30  0.23  0.45  0.68  0.85  0.93  0.00  0.00  0.00  0.00  0.00  0.00  0.00  0.00  0.00  0.00  0.00  0.00  0.00  0.00  0.00  0.00  0.00  0.00
  0.00  0.00  0.00  0.00  0.00  0.00  0.00  0.00  0.00  0.00  0.00  0.00  0.00  0.00  0.00  0.00  0.00  0.00  0.00  0.00  0.00  0.00  0.00  0.00  0.00  0.00  0.00  0.00  0.00  0.00  0.00  0.00  0.00  0.00  0.00  0.00  0.00  0.00  0.00  0.00  0.00  0.00  0.00  0.00  0.00  0.00  0.00  0.00  0.00  0.00  0.00  0.00  0.00  0.00  0.00  0.00  0.00  0.00  0.00  0.00  0.00  0.00  0.00  0.00
  0.00  0.00  0.00  0.00  0.00  0.00  0.00  0.00  0.00  0.00  0.00  0.00  0.00  0.00  0.00  0.00  0.00  0.00  0.00  0.00  0.00  0.00  0.00  0.00  0.00  0.00  0.00  0.00  0.00  0.00  0.00  0.00  0.00  0.00  0.00  0.00  0.00  0.00  0.00  0.00  0.00  0.00  0.00  0.00  0.00  0.00  0.00  0.00  0.00  0.00  0.00  0.00  0.00  0.00  0.00  0.00  0.00  0.00  0.00  0.00  0.00  0.00  0.00  0.00
  0.00  0.00  0.00  0.00  0.00  0.00  0.00  0.00  0.00  0.00  0.00  0.00  0.00  0.00  0.00  0.00  0.00  0.00  0.00  0.00  0.00  0.00  0.00  0.00  0.00  0.00  0.00  0.00  0.00  0.00  0.00  0.00  0.00  0.00  0.00  0.00  0.00  0.00  0.00  0.00  0.00  0.00  0.00  0.00  0.00  0.00  0.00  0.00  0.00  0.00  0.00  0.00  0.00  0.00  0.00  0.00  0.00  0.00  0.00  0.00  0.00  0.00  0.00  0.00
  0.00  0.00  0.00  0.00  0.00  0.00  0.00  0.00  0.00  0.00  0.00  0.00  0.00  0.00  0.00  0.00  0.00  0.00  0.00  0.00  0.00  0.00  0.00  0.00  0.00  0.00  0.00  0.00  0.00  0.00  0.00  0.00  0.00  0.00  0.00  0.00  0.00  0.00  0.00  0.00  0.00  0.00  0.00  0.00  0.00  0.00  0.00  0.00  0.00  0.00  0.00  0.00  0.00  0.00  0.00  0.00  0.00  0.00  0.00  0.00  0.00  0.00  0.00  0.00
  0.00  0.00  0.00  0.00  0.00  0.00  0.00  0.00  0.00  0.00  0.00  0.00  0.00  0.00  0.00  0.00  0.00  0.00  0.00  0.00  0.00  0.00  0.00  0.00  0.00  0.00  0.00  0.00  0.00  0.00  0.00  0.00  0.00  0.00  0.00  0.00  0.00  0.00  0.00  0.00  0.00  0.00  0.00  0.00  0.00  0.00  0.00  0.00  0.00  0.00  0.00  0.00  0.00  0.00  0.00  0.00  0.00  0.00  0.00  0.00  0.00  0.00  0.00  0.00
  0.00  0.00  0.00  0.00  0.00  0.00  0.00  0.00  0.00  0.00  0.00  0.00  0.00  0.00  0.00  0.00  0.00  0.00  0.00  0.00  0.00  0.00  0.00  0.00  0.00  0.00  0.00  0.00  0.00  0.00  0.00  0.00  0.00  0.00  0.00  0.00  0.00  0.00  0.00  0.00  0.00  0.00  0.00  0.00  0.00  0.00  0.00  0.00  0.00  0.00  0.00  0.00  0.00  0.00  0.00  0.00  0.00  0.00  0.00  0.00  0.00  0.00  0.00  0.00
  0.00  0.00  0.00  0.00  0.00  0.00  0.00  0.00  0.00  0.00  0.00  0.00  0.00  0.00  0.00  0.00  0.00  0.00  0.00  0.00  0.00  0.00  0.00  0.00  0.00  0.00  0.00  0.00  0.00  0.00  0.00  0.00  0.00  0.00  0.00  0.00  0.00  0.00  0.00  0.00  0.00  0.00  0.00  0.00  0.00  0.00  0.00  0.00  0.00  0.00  0.00  0.00  0.00  0.00  0.00  0.00  0.00  0.00  0.00  0.00  0.00  0.00  0.00  0.00
  0.00  0.00  0.00  0.00  0.00  0.00  0.00  0.00  0.00  0.00  0.00  0.00  0.00  0.00  0.00  0.00  0.00  0.00  0.00  0.00  0.00  0.00  0.00  0.00  0.00  0.00  0.00  0.00  0.00  0.00  0.00  0.00  0.00  0.00  0.00  0.00  0.00  0.00  0.00  0.00  0.00  0.00  0.00  0.00  0.00  0.00  0.00  0.00  0.00  0.00  0.00  0.00  0.00  0.00  0.00  0.00  0.00  0.00  0.00  0.00  0.00  0.00  0.00  0.00
  0.00  0.00  0.00  0.00  0.00  0.00  0.00  0.00  0.00  0.00  0.00  0.00  0.00  0.00  0.00  0.00  0.00  0.00  0.00  0.00  0.00  0.00  0.00  0.00  0.00  0.00  0.00  0.00  0.00  0.00  0.00  0.00  0.00  0.00  0.00  0.00  0.00  0.00  0.00  0.00  0.00  0.00  0.00  0.00  0.00  0.00  0.00  0.00  0.00  0.00  0.00  0.00  0.00  0.00  0.00  0.00  0.00  0.00  0.00  0.00  0.00  0.00  0.00  0.00
  0.00  0.00  0.00  0.00  0.00  0.00  0.00  0.00  0.00  0.00  0.00  0.00  0.00  0.00  0.00  0.00  0.00  0.00  0.00  0.00  0.00  0.00  0.00  0.00  0.00  0.00  0.00  0.00  0.00  0.00  0.00  0.00  0.00  0.00  0.00  0.00  0.00  0.00  0.00  0.00  0.00  0.00  0.00  0.00  0.00  0.00  0.00  0.00  0.00  0.00  0.00  0.00  0.00  0.00  0.00  0.00  0.00  0.00  0.00  0.00  0.00  0.00  0.00  0.00
  0.00  0.00  0.00  0.00  0.00  0.00  0.00  0.00  0.00  0.00  0.00  0.00  0.00  0.00  0.00  0.00  0.00  0.00  0.00  0.00  0.00  0.00  0.00  0.00  0.00  0.00  0.00  0.00  0.00  0.00  0.00  0.00  0.00  0.00  0.00  0.00  0.00  0.00  0.00  0.00  0.00  0.00  0.00  0.00  0.00  0.00  0.00  0.00  0.00  0.00  0.00  0.00  0.00  0.00  0.00  0.00  0.00  0.00  0.00  0.00  0.00  0.00  0.00  0.00
  0.00  0.00  0.00  0.00  0.00  0.00  0.00  0.00  0.00  0.00  0.00  0.00  0.00  0.00  0.00  0.00  0.00  0.00  0.00  0.00  0.00  0.00  0.00  0.00  0.00  0.00  0.00  0.00  0.00  0.00  0.00  0.00  0.00  0.00  0.00  0.00  0.00  0.00  0.00  0.00  0.00  0.00  0.00  0.00  0.00  0.00  0.00  0.00  0.00  0.00  0.00  0.00  0.00  0.00  0.00  0.00  0.00  0.00  0.00  0.00  0.00  0.00  0.00  0.00
  0.00  0.00  0.00  0.00  0.00  0.00  0.00  0.00  0.00  0.00  0.00  0.00  0.00  0.00  0.00  0.00  0.00  0.00  0.00  0.00  0.00  0.00  0.00  0.00  0.00  0.00  0.00  0.00  0.00  0.00  0.00  0.00  0.00  0.00  0.00  0.00  0.00  0.00  0.00  0.00  0.00  0.00  0.00  0.00  0.00  0.00  0.00  0.00  0.00  0.00  0.00  0.00  0.00  0.00  0.00  0.00  0.00  0.00  0.00  0.00  0.00  0.00  0.00  0.00
  0.00  0.00  0.00  0.00  0.00  0.00  0.00  0.00  0.00  0.00  0.00  0.00  0.00  0.00  0.00  0.00  0.00  0.00  0.00  0.00  0.00  0.00  0.00  0.00  0.00  0.00  0.00  0.00  0.00  0.00  0.00  0.00  0.00  0.00  0.00  0.00  0.00  0.00  0.00  0.00  0.00  0.00  0.00  0.00  0.00  0.00  0.00  0.00  0.00  0.00  0.00  0.00  0.00  0.00  0.00  0.00  0.00  0.00  0.00  0.00  0.00  0.00  0.00  0.00
  0.00  0.00  0.00  0.00  0.00  0.00  0.00  0.00  0.00  0.00  0.00  0.00  0.00  0.00  0.00  0.00  0.00  0.00  0.00  0.00  0.00  0.00  0.00  0.00  0.00  0.00  0.00  0.00  0.00  0.00  0.00  0.00  0.00  0.00  0.00  0.00  0.00  0.00  0.00  0.00  0.00  0.00  0.00  0.00  0.00  0.00  0.00  0.00  0.00  0.00  0.00  0.00  0.00  0.00  0.00  0.00  0.00  0.00  0.00  0.00  0.00  0.00  0.00  0.00
  0.00  0.00  0.00  0.00  0.00  0.00  0.00  0.00  0.00  0.00  0.00  0.00  0.00  0.00  0.00  0.00  0.00  0.00  0.00  0.00  0.00  0.00  0.00  0.00  0.00  0.00  0.00  0.00  0.00  0.00  0.00  0.00  0.00  0.00  0.00  0.00  0.00  0.00  0.00  0.00  0.00  0.00  0.00  0.00  0.00  0.00  0.00  0.00  0.00  0.00  0.00  0.00  0.00  0.00  0.00  0.00  0.00  0.00  0.00  0.00  0.00  0.00  0.00  0.00
  0.00  0.00  0.00  0.00  0.00  0.00  0.00  0.00  0.00  0.00  0.00  0.00  0.00  0.00  0.00  0.00  0.00  0.00  0.00  0.00  0.00  0.00  0.00  0.00  0.00  0.00  0.00  0.00  0.00  0.00  0.00  0.00  0.00  0.00  0.00  0.00  0.00  0.00  0.00  0.00  0.00  0.00  0.00  0.00  0.00  0.00  0.00  0.00  0.00  0.00  0.00  0.00  0.00  0.00  0.00  0.00  0.00  0.00  0.00  0.00  0.00  0.00  0.00  0.00
  0.00  0.00  0.00  0.00  0.00  0.00  0.00  0.00  0.00  0.00  0.00  0.00  0.00  0.00  0.00  0.00  0.00  0.00  0.00  0.00  0.00  0.00  0.00  0.00  0.00  0.00  0.00  0.00  0.00  0.00  0.00  0.00  0.00  0.00  0.00  0.00  0.00  0.00  0.00  0.00  0.00  0.00  0.00  0.00  0.00  0.00  0.00  0.00  0.00  0.00  0.00  0.00  0.00  0.00  0.00  0.00  0.00  0.00  0.00  0.00  0.00  0.00  0.00  0.00
  0.00  0.00  0.00  0.00  0.00  0.00  0.00  0.00  0.00  0.00  0.00  0.00  0.00  0.00  0.00  0.00  0.00  0.00  0.00  0.00  0.00  0.00  0.00  0.00  0.00  0.00  0.00  0.00  0.00  0.00  0.00  0.00  0.00  0.00  0.00  0.00  0.00  0.00  0.00  0.00  0.00  0.00  0.00  0.00  0.00  0.00  0.00  0.00  0.00  0.00  0.00  0.00  0.00  0.00  0.00  0.00  0.00  0.00  0.00  0.00  0.00  0.00  0.00  0.00
  0.00  0.00  0.00  0.00  0.00  0.00  0.00  0.00  0.00  0.00  0.00  0.00  0.00  0.00  0.00  0.00  0.00  0.00  0.00  0.00  0.00  0.00  0.00  0.00  0.00  0.00  0.00  0.00  0.00  0.00  0.00  0.00  0.00  0.00  0.00  0.00  0.00  0.00  0.00  0.00  0.00  0.00  0.00  0.00  0.00  0.00  0.00  0.00  0.00  0.00  0.00  0.00  0.00  0.00  0.00  0.00  0.00  0.00  0.00  0.00  0.00  0.00  0.00  0.00
  0.00  0.00  0.00  0.00  0.00  0.00  0.00  0.00  0.00  0.00  0.00  0.00  0.00  0.00  0.00  0.00  0.00  0.00  0.00  0.00  0.00  0.00  0.00  0.00  0.00  0.00  0.00  0.00  0.00  0.00  0.00  0.00  0.00  0.00  0.00  0.00  0.00  0.00  0.00  0.00  0.00  0.00  0.00  0.00  0.00  0.00  0.00  0.00  0.00  0.00  0.00  0.00  0.00  0.00  0.00  0.00  0.00  0.00  0.00  0.00  0.00  0.00  0.00  0.00
  0.00  0.00  0.00  0.00  0.00  0.00  0.00  0.00  0.00  0.00  0.00  0.00  0.00  0.00  0.00  0.00  0.00  0.00  0.00  0.00  0.00  0.00  0.00  0.00  0.00  0.00  0.00  0.00  0.00  0.00  0.00  0.00  0.00  0.00  0.00  0.00  0.00  0.00  0.00  0.00  0.00  0.00  0.00  0.00  0.00  0.00  0.00  0.00  0.00  0.00  0.00  0.00  0.00  0.00  0.00  0.00  0.00  0.00  0.00  0.00  0.00  0.00  0.00  0.00
  0.00  0.00  0.00  0.00  0.00  0.00  0.00  0.00  0.00  0.00  0.00  0.00  0.00  0.00  0.00  0.00  0.00  0.00  0.00  0.00  0.00  0.00  0.00  0.00  0.00  0.00  0.00  0.00  0.00  0.00  0.00  0.00  0.00  0.00  0.00  0.00  0.00  0.00  0.00  0.00  0.00  0.00  0.00  0.00  0.00  0.00  0.00  0.00  0.00  0.00  0.00  0.00  0.00  0.00  0.00  0.00  0.00  0.00  0.00  0.00  0.00  0.00  0.00  0.00
  0.00  0.00  0.00  0.00  0.00  0.00  0.00  0.00  0.00  0.00  0.00  0.00  0.00  0.00  0.00  0.00  0.00  0.00  0.00  0.00  0.00  0.00  0.00  0.00  0.00  0.00  0.00  0.00  0.00  0.00  0.00  0.00  0.00  0.00  0.00  0.00  0.00  0.00  0.00  0.00  0.00  0.00  0.00  0.00  0.00  0.00  0.00  0.00  0.00  0.00  0.00  0.00  0.00  0.00  0.00  0.00  0.00  0.00  0.00  0.00  0.00  0.00  0.00  0.00
  0.00  0.00  0.00  0.00  0.00  0.00  0.00  0.00  0.00  0.00  0.00  0.00  0.00  0.00  0.00  0.00  0.00  0.00  0.00  0.00  0.00  0.00  0.00  0.00  0.00  0.00  0.00  0.00  0.00  0.00  0.00  0.00  0.00  0.00  0.00  0.00  0.00  0.00  0.00  0.00  0.00  0.00  0.00  0.00  0.00  0.00  0.00  0.00  0.00  0.00  0.00  0.00  0.00  0.00  0.00  0.00  0.00  0.00  0.00  0.00  0.00  0.00  0.00  0.00
  0.00  0.00  0.00  0.00  0.00  0.00  0.00  0.00  0.00  0.00  0.00  0.00  0.00  0.00  0.00  0.00  0.00  0.00  0.00  0.00  0.00  0.00  0.00  0.00  0.00  0.00  0.00  0.00  0.00  0.00  0.00  0.00  0.00  0.00  0.00  0.00  0.00  0.00  0.00  0.00  0.00  0.00  0.00  0.00  0.00  0.00  0.00  0.00  0.00  0.00  0.00  0.00  0.00  0.00  0.00  0.00  0.00  0.00  0.00  0.00  0.00  0.00  0.00  0.00
  0.00  0.00  0.00  0.00  0.00  0.00  0.00  0.00  0.00  0.00  0.00  0.00  0.00  0.00  0.00  0.00  0.00  0.00  0.00  0.00  0.00  0.00  0.00  0.00  0.00  0.00  0.00  0.00  0.00  0.00  0.00  0.00  0.00  0.00  0.00  0.00  0.00  0.00  0.00  0.00  0.00  0.00  0.00  0.00  0.00  0.00  0.00  0.00  0.00  0.00  0.00  0.00  0.00  0.00  0.00  0.00  0.00  0.00  0.00  0.00  0.00  0.00  0.00  0.00
  0.00  0.00  0.00  0.00  0.00  0.00  0.00  0.00  0.00  0.00  0.00  0.00  0.00  0.00  0.00  0.00  0.00  0.00  0.00  0.00  0.00  0.00  0.00  0.00  0.00  0.00  0.00  0.00  0.00  0.00  0.00  0.00  0.00  0.00  0.00  0.00  0.00  0.00  0.00  0.00  0.00  0.00  0.00  0.00  0.00  0.00  0.00  0.00  0.00  0.00  0.00  0.00  0.00  0.00  0.00  0.00  0.00  0.00  0.00  0.00  0.00  0.00  0.00  0.00
  0.00  0.00  0.00  0.00  0.00  0.00  0.00  0.00  0.00  0.00  0.00  0.00  0.00  0.00  0.00  0.00  0.00  0.00  0.00  0.00  0.00  0.00  0.00  0.00  0.00  0.00  0.00  0.00  0.00  0.00  0.00  0.00  0.00  0.00  0.00  0.00  0.00  0.00  0.00  0.00  0.00  0.00  0.00  0.00  0.00  0.00  0.00  0.00  0.00  0.00  0.00  0.00  0.00  0.00  0.00  0.00  0.00  0.00  0.00  0.00  0.00  0.00  0.00  0.00
  0.00  0.00  0.00  0.00  0.00  0.00  0.00  0.00  0.00  0.00  0.00  0.00  0.00  0.00  0.00  0.00  0.00  0.00  0.00  0.00  0.00  0.00  0.00  0.00  0.00  0.00  0.00  0.00  0.00  0.00  0.00  0.00  0.00  0.00  0.00  0.00  0.00  0.00  0.00  0.00  0.00  0.00  0.00  0.00  0.00  0.00  0.00  0.00  0.00  0.00  0.00  0.00  0.00  0.00  0.00  0.00  0.00  0.00  0.00  0.00  0.00  0.00  0.00  0.00
  0.00  0.00  0.00  0.00  0.00  0.00  0.00  0.00  0.00  0.00  0.00  0.00  0.00  0.00  0.00  0.00  0.00  0.00  0.00  0.00  0.00  0.00  0.00  0.00  0.00  0.00  0.00  0.00  0.00  0.00  0.00  0.00  0.00  0.00  0.00  0.00  0.00  0.00  0.00  0.00  0.00  0.00  0.00  0.00  0.00  0.00  0.00  0.00  0.00  0.00  0.00  0.00  0.00  0.00  0.00  0.00  0.00  0.00  0.00  0.00  0.00  0.00  0.00  0.00

 density range (Hz): 0.000000 1.744766