Array Size: 64  64
  2.44  0.82  0.06  0.00  0.02  0.08  0.50  1.90  0.76  0.84  0.74  0.78  0.72  0.92  1.18  1.28  2.14  1.76  1.10  1.02  0.84  0.22  0.14  0.18  0.44  0.36  0.06  0.10  0.30  0.24  0.20  0.22  0.22  0.00  0.00  0.04  0.10  0.10  0.14  0.54  0.14  1.02  0.20  0.12  0.32  0.00  0.00  0.00  0.00  0.00  0.00  0.00  0.00  0.00  0.00  0.00  0.00  0.00  0.00  0.00  0.00  0.00  0.00  0.00
  1.72  0.42  0.54  0.34  0.26  0.52  2.96  1.80  0.52  0.76  0.56  0.74  1.64  0.94  0.38  0.56  0.74  0.76  1.06  2.74  2.14  2.06  1.06  0.74  0.88  0.64  1.12  0.66  0.98  0.92  0.92  0.76  0.76  1.06  1.04  0.92  0.68  0.50  0.56  0.44  1.76  1.10  1.56  1.68  1.12  0.00  0.00  0.00  0.00  0.00  0.00  0.00  0.00  0.00  0.00  0.00  0.00  0.00  0.00  0.00  0.00  0.00  0.00  0.00
  0.38  0.66  0.26  0.44  0.66  1.44  1.38  0.78  1.06  0.66  1.40  1.66  1.10  1.94  2.74  1.34  0.94  0.86  0.90  0.94  1.78  3.66  5.16  3.30  1.60  0.86  1.20  1.16  2.10  1.18  1.10  1.14  1.80  1.52  0.38  0.82  0.84  0.82  1.50  1.50  1.58  1.42  1.72  2.70  2.28  0.36  0.00  0.00  0.00  0.00  0.00  0.00  0.00  0.00  0.00  0.00  0.00  0.00  0.00  0.00  0.00  0.00  0.00  0.00
  0.20  0.36  0.72  0.28  1.14  1.72  1.18  1.38  0.82  0.94  1.48  0.66  0.40  0.94  0.30  0.42  0.34  0.48  0.38  0.88  0.98  1.46  3.24  1.74  0.82  0.78  1.04  0.70  0.42  0.86  0.70  0.70  0.56  0.76  0.74  0.84  0.48  0.96  1.82  1.22  0.78  0.98  0.58  1.22  1.66  0.72  0.00  0.00  0.00  0.00  0.00  0.00  0.00  0.00  0.00  0.00  0.00  0.00  0.00  0.00  0.00  0.00  0.00  0.00
  0.28  1.10  0.76  1.46  1.20  1.24  1.66  1.12  3.76  2.10  2.00  1.22  0.74  1.14  0.62  0.54  0.36  0.42  1.12  1.00  1.72  2.14  1.32  0.66  0.46  0.42  0.36  1.36  0.84  0.64  0.68  0.14  0.30  0.84  1.20  1.12  1.06  0.64  1.12  1.00  1.06  0.98  0.90  0.74  1.50  0.44  0.00  0.00  0.00  0.00  0.00  0.00  0.00  0.00  0.00  0.00  0.00  0.00  0.00  0.00  0.00  0.00  0.00  0.00
  0.00  0.86  0.90  0.62  0.58  1.58  2.68  1.64  2.06  0.96  1.34  1.10  0.68  0.70  1.02  1.10  0.44  0.32  0.74  0.42  1.46  0.56  0.34  0.66  0.36  0.40  0.64  1.42  0.90  1.20  0.62  0.08  0.08  0.60  0.82  0.62  0.50  0.56  0.46  0.28  0.60  1.08  0.52  2.10  2.18  1.30  0.00  0.00  0.00  0.00  0.00  0.00  0.00  0.00  0.00  0.00  0.00  0.00  0.00  0.00  0.00  0.00  0.00  0.00
  0.00  0.56  0.52  0.26  0.00  1.06  1.70  0.86  1.16  0.64  0.42  1.00  1.00  0.10  0.38  0.58  0.34  0.40  0.40  1.40  1.66  0.38  0.50  0.26  0.78  1.88  1.28  0.72  0.66  0.12  0.94  0.20  0.10  0.16  4.04  1.00  0.56  0.66  0.52  0.40  0.88  0.28  1.02  1.90  1.86  4.34  0.00  0.00  0.00  0.00  0.00  0.00  0.00  0.00  0.00  0.00  0.00  0.00  0.00  0.00  0.00  0.00  0.00  0.00
  0.00  0.36  0.26  0.14  0.46  0.62  0.82  0.62  0.50  1.70  0.52  0.68  0.22  0.72  0.50  0.20  0.38  0.82  0.88  1.04  0.40  0.30  0.28  0.72  1.02  0.50  0.78  0.68  0.56  0.12  0.56  0.66  0.14  0.20  1.70  0.22  0.26  0.00  0.44  0.34  0.68  1.64  0.62  0.72  2.90  0.06  0.00  0.00  0.00  0.00  0.00  0.00  0.00  0.00  0.00  0.00  0.00  0.00  0.00  0.00  0.00  0.00  0.00  0.00
  0.00  0.26  0.14  0.14  0.30  0.74  0.24  0.36  0.94  1.08  0.98  0.32  1.06  0.70  0.26  0.78  0.74  0.80  0.58  0.16  0.80  0.38  0.94  0.48  0.32  0.28  0.10  0.28  0.70  0.50  0.18  0.24  0.18  4.96  0.94  0.02  0.22  0.06  0.50  0.20  0.70  1.30  0.92  2.20  1.06  0.16  0.00  0.00  0.00  0.00  0.00  0.00  0.00  0.00  0.00  0.00  0.00  0.00  0.00  0.00  0.00  0.00  0.00  0.00
  0.00  0.44  0.28  0.20  0.58  0.72  0.50  0.20  1.04  1.16  0.70  0.32  1.06  0.54  0.12  0.32  0.86  0.30  0.84  0.34  1.10  0.44  1.00  0.80  0.18  0.54  0.30  0.48  0.40  0.96  0.52  0.32  0.64  0.78  2.58  0.48  0.64  0.22  0.18  0.00  0.36  0.46  2.50  3.96  1.70  0.44  0.00  0.00  0.00  0.00  0.00  0.00  0.00  0.00  0.00  0.00  0.00  0.00  0.00  0.00  0.00  0.00  0.00  0.00
  0.00  0.02  0.30  0.24  0.96  0.92  1.18  2.42  0.98  1.14  1.52  0.32  1.20  0.44  0.90  0.50  0.14  0.44  0.52  0.96  0.78  0.94  1.88  1.34  1.94  1.68  0.64  0.48  0.18  0.26  0.78  0.26  1.26  0.72  1.46  1.20  0.46  0.14  0.30  0.12  0.42  0.90  3.28  1.56  0.76  0.92  0.00  0.00  0.00  0.00  0.00  0.00  0.00  0.00  0.00  0.00  0.00  0.00  0.00  0.00  0.00  0.00  0.00  0.00
  0.00  0.00  0.28  0.18  0.16  0.84  0.82  0.46  0.48  0.76  0.52  0.74  0.66  0.20  0.68  0.64  0.22  0.50  0.42  2.52  0.40  0.32  0.72  0.40  1.66  1.00  0.58  3.48  0.72  1.16  0.64  0.48  1.24  1.56  0.62  0.46  0.44  0.28  0.60  0.58  0.66  0.90  1.64  1.32  0.32  0.00  0.00  0.00  0.00  0.00  0.00  0.00  0.00  0.00  0.00  0.00  0.00  0.00  0.00  0.00  0.00  0.00  0.00  0.00
  0.00  0.06  0.54  0.64  1.02  0.36  1.28  0.74  0.38  0.10  2.02  0.66  0.56  0.22  0.76  0.96  0.46  0.42  0.24  2.40  0.82  0.68  0.92  1.22  1.20  0.62  0.52  0.28  1.00  0.38  0.88  0.48  0.24  0.72  1.94  0.92  1.80  0.62  0.66  0.30  0.60  1.64  1.20  1.40  0.30  0.06  0.00  0.00  0.00  0.00  0.00  0.00  0.00  0.00  0.00  0.00  0.00  0.00  0.00  0.00  0.00  0.00  0.00  0.00
  0.12  0.14  0.38  0.18  0.38  0.30  0.04  0.08  0.18  0.10  0.22  0.22  0.48  1.86  1.26  1.34  0.84  0.36  0.50  1.70  0.76  0.96  1.34  0.36  0.70  0.26  0.50  0.22  0.18  0.48  1.52  0.60  0.24  0.38  0.26  0.44  0.22  0.82  1.48  0.74  1.94  0.82  0.52  1.86  0.32  0.06  0.00  0.00  0.00  0.00  0.00  0.00  0.00  0.00  0.00  0.00  0.00  0.00  0.00  0.00  0.00  0.00  0.00  0.00
  0.14  0.04  0.42  0.56  0.72  0.72  0.28  0.16  0.08  0.66  0.54  1.40  1.12  0.76  0.64  0.38  0.82  0.48  0.68  0.60  0.44  0.82  0.46  0.38  0.46  0.54  0.38  0.40  0.16  0.76  0.50  0.44  0.86  0.22  0.40  0.16  0.72  1.50  2.12  2.00  3.50  0.58  0.20  0.26  0.48  0.00  0.00  0.00  0.00  0.00  0.00  0.00  0.00  0.00  0.00  0.00  0.00  0.00  0.00  0.00  0.00  0.00  0.00  0.00
  0.12  0.10  0.28  0.22  0.30  0.22  0.40  0.36  0.76  2.02  0.92  1.48  1.26  0.56  1.30  0.64  0.46  1.12  0.42  0.40  0.58  1.00  0.56  0.44  0.20  0.26  0.38  2.58  1.18  0.76  0.26  1.06  0.46  0.26  0.28  0.06  0.12  0.36  0.56  0.82  0.40  0.60  0.76  0.24  0.78  0.00  0.00  0.00  0.00  0.00  0.00  0.00  0.00  0.00  0.00  0.00  0.00  0.00  0.00  0.00  0.00  0.00  0.00  0.00
  0.10  0.14  0.28  0.40  0.20  0.00  0.32  1.18  0.84  0.98  0.10  0.78  0.72  0.86  0.64  2.60  1.80  0.92  0.54  0.88  0.74  0.66  0.42  0.54  0.52  0.90  0.30  3.20  0.88  4.64  1.10  3.30  0.50  0.22  0.10  0.24  0.00  0.54  2.46  0.46  0.46  1.86  0.78  0.36  0.40  0.04  0.00  0.00  0.00  0.00  0.00  0.00  0.00  0.00  0.00  0.00  0.00  0.00  0.00  0.00  0.00  0.00  0.00  0.00
  0.28  0.70  0.40  0.12  0.10  0.88  0.52  1.52  1.80  1.20  0.70  0.44  0.44  0.36  1.72  1.36  0.70  0.70  0.30  0.52  0.64  0.48  1.00  2.72  0.58  0.74  1.40  1.82  0.76  0.66  0.84  0.98  0.20  0.50  0.10  0.10  0.16  2.96  1.42  0.54  0.68  0.78  1.00  0.44  0.30  0.06  0.00  0.00  0.00  0.00  0.00  0.00  0.00  0.00  0.00  0.00  0.00  0.00  0.00  0.00  0.00  0.00  0.00  0.00
  0.18  0.56  0.40  0.34  0.10  0.46  0.80  1.46  1.38  1.00  1.06  0.54  1.10  0.82  0.44  1.10  0.96  0.88  0.64  0.76  0.30  0.32  0.44  0.96  1.52  1.38  1.90  0.88  0.96  1.66  1.08  1.06  0.90  0.50  0.28  0.34  0.50  1.60  0.48  0.16  0.44  0.40  1.28  0.58  0.38  0.08  0.00  0.00  0.00  0.00  0.00  0.00  0.00  0.00  0.00  0.00  0.00  0.00  0.00  0.00  0.00  0.00  0.00  0.00
  0.26  0.26  0.14  0.50  0.24  0.26  0.38  2.22  2.24  1.28  0.94  1.40  0.72  0.82  0.80  0.40  0.86  1.48  1.60  0.10  0.12  0.36  0.64  0.74  1.32  2.42  1.68  0.84  0.60  1.16  0.94  0.96  0.50  0.42  0.24  0.38  1.12  1.16  0.26  0.42  0.40  0.60  0.68  0.42  0.44  0.08  0.00  0.00  0.00  0.00  0.00  0.00  0.00  0.00  0.00  0.00  0.00  0.00  0.00  0.00  0.00  0.00  0.00  0.00
  0.12  0.08  0.30  0.20  0.38  0.10  0.44  1.82  0.78  0.92  1.30  0.96  0.98  0.56  0.46  0.54  0.82  1.92  1.54  1.88  0.20  0.48  0.24  0.28  0.46  1.90  1.54  1.84  0.80  0.74  1.96  0.64  0.30  0.34  0.08  0.66  0.50  2.22  1.18  0.52  0.26  0.28  0.64  0.66  1.18  0.12  0.00  0.00  0.00  0.00  0.00  0.00  0.00  0.00  0.00  0.00  0.00  0.00  0.00  0.00  0.00  0.00  0.00  0.00
  0.00  0.10  0.18  0.22  0.74  0.34  0.58  0.48  0.78  0.70  1.42  1.18  0.56  0.34  0.20  0.66  0.50  1.26  2.36  0.58  0.54  0.30  0.72  0.42  0.34  0.38  1.44  0.98  0.60  0.26  2.44  0.80  0.68  0.50  0.24  0.82  1.00  0.94  1.30  0.16  0.44  0.22  0.54  0.72  0.72  0.22  0.00  0.00  0.00  0.00  0.00  0.00  0.00  0.00  0.00  0.00  0.00  0.00  0.00  0.00  0.00  0.00  0.00  0.00
  0.06  0.02  0.20  0.12  0.22  0.26  0.92  0.72  1.14  3.80  0.16  0.56  1.72  0.90  1.20  0.98  0.46  0.40  0.78  1.34  0.82  0.10  0.54  0.66  0.50  0.66  1.96  1.14  2.30  1.56  2.72  1.14  0.96  1.30  1.02  0.62  0.62  0.38  0.76  0.32  0.24  0.18  0.54  0.54  0.90  0.06  0.00  0.00  0.00  0.00  0.00  0.00  0.00  0.00  0.00  0.00  0.00  0.00  0.00  0.00  0.00  0.00  0.00  0.00
  0.08  0.04  0.16  0.24  0.02  0.30  0.48  2.02  1.32  1.82  0.42  1.06  1.50  3.78  1.96  4.16  0.88  1.54  2.92  0.46  0.28  0.16  0.20  0.24  0.52  0.74  0.70  0.86  0.98  0.88  0.80  0.46  1.68  1.54  0.82  0.16  0.08  0.30  0.32  0.42  0.36  0.20  0.50  0.98  0.34  0.08  0.00  0.00  0.00  0.00  0.00  0.00  0.00  0.00  0.00  0.00  0.00  0.00  0.00  0.00  0.00  0.00  0.00  0.00
  0.08  0.12  0.16  0.14  0.24  0.38  0.02  2.50  1.24  1.18  1.00  1.40  2.56  0.98  1.22  1.50  1.38  2.78  3.86  0.40  0.32  0.38  0.10  0.14  0.52  0.54  0.28  0.88  2.48  0.70  0.64  1.00  1.52  2.14  2.86  0.68  1.44  0.80  0.60  0.38  0.34  0.10  0.68  0.40  0.78  0.38  0.00  0.00  0.00  0.00  0.00  0.00  0.00  0.00  0.00  0.00  0.00  0.00  0.00  0.00  0.00  0.00  0.00  0.00
  0.14  0.30  0.20  0.22  0.42  0.06  0.66  1.08  1.00  0.42  0.28  0.68  0.78  0.76  0.54  0.64  1.56  0.12  0.84  1.54  0.10  0.32  0.14  0.16  1.06  0.50  0.36  0.34  0.52  0.92  1.58  1.86  1.28  1.12  0.38  0.04  0.36  0.20  0.44  0.12  0.56  0.96  0.84  0.32  0.68  3.52  0.00  0.00  0.00  0.00  0.00  0.00  0.00  0.00  0.00  0.00  0.00  0.00  0.00  0.00  0.00  0.00  0.00  0.00
  0.00  0.76  0.60  0.84  0.30  0.52  0.92  0.30  0.82  0.42  0.64  0.30  0.76  0.14  0.20  0.48  0.74  1.16  0.56  1.00  1.32  0.88  0.16  0.26  0.78  0.72  2.06  0.68  0.80  0.82  1.30  2.98  1.80  1.44  0.66  0.00  0.32  0.28  0.26  0.56  0.42  1.04  0.46  0.40  1.34  0.28  0.00  0.00  0.00  0.00  0.00  0.00  0.00  0.00  0.00  0.00  0.00  0.00  0.00  0.00  0.00  0.00  0.00  0.00
  0.06  0.40  0.28  0.80  0.52  0.50  0.48  0.82  0.36  2.52  0.52  0.42  0.98  1.74  0.88  0.54  0.72  1.52  1.12  0.70  5.40  3.76  0.88  1.00  0.88  1.26  0.46  1.22  0.56  1.08  0.30  0.66  0.48  0.94  0.32  0.50  0.58  0.40  0.22  0.20  0.68  0.88  0.32  0.64  1.26  0.04  0.00  0.00  0.00  0.00  0.00  0.00  0.00  0.00  0.00  0.00  0.00  0.00  0.00  0.00  0.00  0.00  0.00  0.00
  0.34  0.14  0.34  0.38  0.66  0.84  0.32  1.16  1.72  2.20  1.30  1.06  0.68  0.90  0.48  0.74  0.64  0.96  1.16  1.54  4.18  4.42  0.52  0.10  0.26  1.22  0.74  0.26  0.24  1.22  0.70  0.52  0.68  0.92  0.46  1.08  0.64  0.80  0.16  0.40  0.92  1.40  0.38  0.44  1.30  0.04  0.00  0.00  0.00  0.00  0.00  0.00  0.00  0.00  0.00  0.00  0.00  0.00  0.00  0.00  0.00  0.00  0.00  0.00
  0.00  0.24  0.50  0.36  0.36  0.62  0.30  0.30  1.24  1.22  1.26  1.80  1.84  0.64  0.56  0.88  0.70  1.12  1.16  1.02  0.90  3.30  0.24  0.16  0.64  0.30  0.34  0.38  0.46  0.50  0.02  0.08  0.38  0.96  0.58  0.82  0.40  1.24  2.60  0.96  0.50  3.18  0.52  0.66  1.22  0.08  0.00  0.00  0.00  0.00  0.00  0.00  0.00  0.00  0.00  0.00  0.00  0.00  0.00  0.00  0.00  0.00  0.00  0.00
  0.36  0.44  0.08  0.90  0.54  0.52  0.90  0.50  1.02  0.76  0.36  0.84  1.10  1.20  0.56  0.72  0.84  0.88  1.02  1.22  0.96  1.70  0.68  0.66  0.36  0.36  0.32  0.30  0.40  0.50  0.52  0.54  0.66  0.70  0.42  0.38  0.68  0.70  1.16  0.98  1.72  3.24  1.40  1.04  3.12  0.52  0.00  0.00  0.00  0.00  0.00  0.00  0.00  0.00  0.00  0.00  0.00  0.00  0.00  0.00  0.00  0.00  0.00  0.00
  0.10  0.42  1.02  0.82  0.56  0.36  0.74  0.12  0.16  0.06  0.14  0.08  0.18  1.02  1.32  0.76  0.20  0.32  1.82  1.46  2.22  0.14  0.30  0.40  0.38  0.54  0.10  0.08  0.14  0.14  0.14  0.12  0.46  0.98  0.40  0.30  0.00  0.08  0.52  0.38  1.44  1.26  0.44  0.60  1.94  2.80  0.00  0.00  0.00  0.00  0.00  0.00  0.00  0.00  0.00  0.00  0.00  0.00  0.00  0.00  0.00  0.00  0.00  0.00
  0.00  0.50  0.36  0.00  0.04  0.72  0.50  0.12  0.32  0.00  0.00  0.00  0.00  2.00  2.12  0.00  0.00  0.00  0.38  4.58  1.78  0.16  0.18  0.24  0.00  0.00  0.00  0.00  0.00  0.00  0.00  0.04  0.06  0.04  0.04  0.06  0.04  0.04  0.24  0.34  0.78  1.18  1.76  0.60  1.82  0.40  0.00  0.00  0.00  0.00  0.00  0.00  0.00  0.00  0.00  0.00  0.00  0.00  0.00  0.00  0.00  0.00  0.00  0.00
  0.00  0.00  0.00  0.00  0.00  0.00  0.00  0.00  0.00  0.00  0.00  0.00  0.00  0.00  0.00  0.00  0.00  0.00  0.00  0.00  0.00  0.00  0.00  0.00  0.00  0.00  0.00  0.00  0.00  0.00  0.00  0.00  0.00  0.00  0.00  0.00  0.00  0.00  0.00  0.00  0.00  0.00  0.00  0.00  0.00  0.00  0.00  0.00  0.00  0.00  0.00  0.00  0.00  0.00  0.00  0.00  0.00  0.00  0.00  0.00  0.00  0.00  0.00  0.00
  0.00  0.00  0.00  0.00  0.00  0.00  0.00  0.00  0.00  0.00  0.00  0.00  0.00  0.00  0.00  0.00  0.00  0.00  0.00  0.00  0.00  0.00  0.00  0.00  0.00  0.00  0.00  0.00  0.00  0.00  0.00  0.00  0.00  0.00  0.00  0.00  0.00  0.00  0.00  0.00  0.00  0.00  0.00  0.00  0.00  0.00  0.00  0.00  0.00  0.00  0.00  0.00  0.00  0.00  0.00  0.00  0.00  0.00  0.00  0.00  0.00  0.00  0.00  0.00
  0.00  0.00  0.00  0.00  0.00  0.00  0.00  0.00  0.00  0.00  0.00  0.00  0.00  0.00  0.00  0.00  0.00  0.00  0.00  0.00  0.00  0.00  0.00  0.00  0.00  0.00  0.00  0.00  0.00  0.00  0.00  0.00  0.00  0.00  0.00  0.00  0.00  0.00  0.00  0.00  0.00  0.00  0.00  0.00  0.00  0.00  0.00  0.00  0.00  0.00  0.00  0.00  0.00  0.00  0.00  0.00  0.00  0.00  0.00  0.00  0.00  0.00  0.00  0.00
  0.00  0.00  0.00  0.00  0.00  0.00  0.00  0.00  0.00  0.00  0.00  0.00  0.00  0.00  0.00  0.00  0.00  0.00  0.00  0.00  0.00  0.00  0.00  0.00  0.00  0.00  0.00  0.00  0.00  0.00  0.00  0.00  0.00  0.00  0.00  0.00  0.00  0.00  0.00  0.00  0.00  0.00  0.00  0.00  0.00  0.00  0.00  0.00  0.00  0.00  0.00  0.00  0.00  0.00  0.00  0.00  0.00  0.00  0.00  0.00  0.00  0.00  0.00  0.00
  0.00  0.00  0.00  0.00  0.00  0.00  0.00  0.00  0.00  0.00  0.00  0.00  0.00  0.00  0.00  0.00  0.00  0.00  0.00  0.00  0.00  0.00  0.00  0.00  0.00  0.00  0.00  0.00  0.00  0.00  0.00  0.00  0.00  0.00  0.00  0.00  0.00  0.00  0.00  0.00  0.00  0.00  0.00  0.00  0.00  0.00  0.00  0.00  0.00  0.00  0.00  0.00  0.00  0.00  0.00  0.00  0.00  0.00  0.00  0.00  0.00  0.00  0.00  0.00
  0.00  0.00  0.00  0.00  0.00  0.00  0.00  0.00  0.00  0.00  0.00  0.00  0.00  0.00  0.00  0.00  0.00  0.00  0.00  0.00  0.00  0.00  0.00  0.00  0.00  0.00  0.00  0.00  0.00  0.00  0.00  0.00  0.00  0.00  0.00  0.00  0.00  0.00  0.00  0.00  0.00  0.00  0.00  0.00  0.00  0.00  0.00  0.00  0.00  0.00  0.00  0.00  0.00  0.00  0.00  0.00  0.00  0.00  0.00  0.00  0.00  0.00  0.00  0.00
  0.00  0.00  0.00  0.00  0.00  0.00  0.00  0.00  0.00  0.00  0.00  0.00  0.00  0.00  0.00  0.00  0.00  0.00  0.00  0.00  0.00  0.00  0.00  0.00  0.00  0.00  0.00  0.00  0.00  0.00  0.00  0.00  0.00  0.00  0.00  0.00  0.00  0.00  0.00  0.00  0.00  0.00  0.00  0.00  0.00  0.00  0.00  0.00  0.00  0.00  0.00  0.00  0.00  0.00  0.00  0.00  0.00  0.00  0.00  0.00  0.00  0.00  0.00  0.00
  0.00  0.00  0.00  0.00  0.00  0.00  0.00  0.00  0.00  0.00  0.00  0.00  0.00  0.00  0.00  0.00  0.00  0.00  0.00  0.00  0.00  0.00  0.00  0.00  0.00  0.00  0.00  0.00  0.00  0.00  0.00  0.00  0.00  0.00  0.00  0.00  0.00  0.00  0.00  0.00  0.00  0.00  0.00  0.00  0.00  0.00  0.00  0.00  0.00  0.00  0.00  0.00  0.00  0.00  0.00  0.00  0.00  0.00  0.00  0.00  0.00  0.00  0.00  0.00
  0.00  0.00  0.00  0.00  0.00  0.00  0.00  0.00  0.00  0.00  0.00  0.00  0.00  0.00  0.00  0.00  0.00  0.00  0.00  0.00  0.00  0.00  0.00  0.00  0.00  0.00  0.00  0.00  0.00  0.00  0.00  0.00  0.00  0.00  0.00  0.00  0.00  0.00  0.00  0.00  0.00  0.00  0.00  0.00  0.00  0.00  0.00  0.00  0.00  0.00  0.00  0.00  0.00  0.00  0.00  0.00  0.00  0.00  0.00  0.00  0.00  0.00  0.00  0.00
  0.00  0.00  0.00  0.00  0.00  0.00  0.00  0.00  0.00  0.00  0.00  0.00  0.00  0.00  0.00  0.00  0.00  0.00  0.00  0.00  0.00  0.00  0.00  0.00  0.00  0.00  0.00  0.00  0.00  0.00  0.00  0.00  0.00  0.00  0.00  0.00  0.00  0.00  0.00  0.00  0.00  0.00  0.00  0.00  0.00  0.00  0.00  0.00  0.00  0.00  0.00  0.00  0.00  0.00  0.00  0.00  0.00  0.00  0.00  0.00  0.00  0.00  0.00  0.00
  0.00  0.00  0.00  0.00  0.00  0.00  0.00  0.00  0.00  0.00  0.00  0.00  0.00  0.00  0.00  0.00  0.00  0.00  0.00  0.00  0.00  0.00  0.00  0.00  0.00  0.00  0.00  0.00  0.00  0.00  0.00  0.00  0.00  0.00  0.00  0.00  0.00  0.00  0.00  0.00  0.00  0.00  0.00  0.00  0.00  0.00  0.00  0.00  0.00  0.00  0.00  0.00  0.00  0.00  0.00  0.00  0.00  0.00  0.00  0.00  0.00  0.00  0.00  0.00
  0.00  0.00  0.00  0.00  0.00  0.00  0.00  0.00  0.00  0.00  0.00  0.00  0.00  0.00  0.00  0.00  0.00  0.00  0.00  0.00  0.00  0.00  0.00  0.00  0.00  0.00  0.00  0.00  0.00  0.00  0.00  0.00  0.00  0.00  0.00  0.00  0.00  0.00  0.00  0.00  0.00  0.00  0.00  0.00  0.00  0.00  0.00  0.00  0.00  0.00  0.00  0.00  0.00  0.00  0.00  0.00  0.00  0.00  0.00  0.00  0.00  0.00  0.00  0.00
  0.00  0.00  0.00  0.00  0.00  0.00  0.00  0.00  0.00  0.00  0.00  0.00  0.00  0.00  0.00  0.00  0.00  0.00  0.00  0.00  0.00  0.00  0.00  0.00  0.00  0.00  0.00  0.00  0.00  0.00  0.00  0.00  0.00  0.00  0.00  0.00  0.00  0.00  0.00  0.00  0.00  0.00  0.00  0.00  0.00  0.00  0.00  0.00  0.00  0.00  0.00  0.00  0.00  0.00  0.00  0.00  0.00  0.00  0.00  0.00  0.00  0.00  0.00  0.00
  0.00  0.00  0.00  0.00  0.00  0.00  0.00  0.00  0.00  0.00  0.00  0.00  0.00  0.00  0.00  0.00  0.00  0.00  0.00  0.00  0.00  0.00  0.00  0.00  0.00  0.00  0.00  0.00  0.00  0.00  0.00  0.00  0.00  0.00  0.00  0.00  0.00  0.00  0.00  0.00  0.00  0.00  0.00  0.00  0.00  0.00  0.00  0.00  0.00  0.00  0.00  0.00  0.00  0.00  0.00  0.00  0.00  0.00  0.00  0.00  0.00  0.00  0.00  0.00
  0.00  0.00  0.00  0.00  0.00  0.00  0.00  0.00  0.00  0.00  0.00  0.00  0.00  0.00  0.00  0.00  0.00  0.00  0.00  0.00  0.00  0.00  0.00  0.00  0.00  0.00  0.00  0.00  0.00  0.00  0.00  0.00  0.00  0.00  0.00  0.00  0.00  0.00  0.00  0.00  0.00  0.00  0.00  0.00  0.00  0.00  0.00  0.00  0.00  0.00  0.00  0.00  0.00  0.00  0.00  0.00  0.00  0.00  0.00  0.00  0.00  0.00  0.00  0.00
  0.00  0.00  0.00  0.00  0.00  0.00  0.00  0.00  0.00  0.00  0.00  0.00  0.00  0.00  0.00  0.00  0.00  0.00  0.00  0.00  0.00  0.00  0.00  0.00  0.00  0.00  0.00  0.00  0.00  0.00  0.00  0.00  0.00  0.00  0.00  0.00  0.00  0.00  0.00  0.00  0.00  0.00  0.00  0.00  0.00  0.00  0.00  0.00  0.00  0.00  0.00  0.00  0.00  0.00  0.00  0.00  0.00  0.00  0.00  0.00  0.00  0.00  0.00  0.00
  0.00  0.00  0.00  0.00  0.00  0.00  0.00  0.00  0.00  0.00  0.00  0.00  0.00  0.00  0.00  0.00  0.00  0.00  0.00  0.00  0.00  0.00  0.00  0.00  0.00  0.00  0.00  0.00  0.00  0.00  0.00  0.00  0.00  0.00  0.00  0.00  0.00  0.00  0.00  0.00  0.00  0.00  0.00  0.00  0.00  0.00  0.00  0.00  0.00  0.00  0.00  0.00  0.00  0.00  0.00  0.00  0.00  0.00  0.00  0.00  0.00  0.00  0.00  0.00
  0.00  0.00  0.00  0.00  0.00  0.00  0.00  0.00  0.00  0.00  0.00  0.00  0.00  0.00  0.00  0.00  0.00  0.00  0.00  0.00  0.00  0.00  0.00  0.00  0.00  0.00  0.00  0.00  0.00  0.00  0.00  0.00  0.00  0.00  0.00  0.00  0.00  0.00  0.00  0.00  0.00  0.00  0.00  0.00  0.00  0.00  0.00  0.00  0.00  0.00  0.00  0.00  0.00  0.00  0.00  0.00  0.00  0.00  0.00  0.00  0.00  0.00  0.00  0.00
  0.00  0.00  0.00  0.00  0.00  0.00  0.00  0.00  0.00  0.00  0.00  0.00  0.00  0.00  0.00  0.00  0.00  0.00  0.00  0.00  0.00  0.00  0.00  0.00  0.00  0.00  0.00  0.00  0.00  0.00  0.00  0.00  0.00  0.00  0.00  0.00  0.00  0.00  0.00  0.00  0.00  0.00  0.00  0.00  0.00  0.00  0.00  0.00  0.00  0.00  0.00  0.00  0.00  0.00  0.00  0.00  0.00  0.00  0.00  0.00  0.00  0.00  0.00  0.00
  0.00  0.00  0.00  0.00  0.00  0.00  0.00  0.00  0.00  0.00  0.00  0.00  0.00  0.00  0.00  0.00  0.00  0.00  0.00  0.00  0.00  0.00  0.00  0.00  0.00  0.00  0.00  0.00  0.00  0.00  0.00  0.00  0.00  0.00  0.00  0.00  0.00  0.00  0.00  0.00  0.00  0.00  0.00  0.00  0.00  0.00  0.00  0.00  0.00  0.00  0.00  0.00  0.00  0.00  0.00  0.00  0.00  0.00  0.00  0.00  0.00  0.00  0.00  0.00
  0.00  0.00  0.00  0.00  0.00  0.00  0.00  0.00  0.00  0.00  0.00  0.00  0.00  0.00  0.00  0.00  0.00  0.00  0.00  0.00  0.00  0.00  0.00  0.00  0.00  0.00  0.00  0.00  0.00  0.00  0.00  0.00  0.00  0.00  0.00  0.00  0.00  0.00  0.00  0.00  0.00  0.00  0.00  0.00  0.00  0.00  0.00  0.00  0.00  0.00  0.00  0.00  0.00  0.00  0.00  0.00  0.00  0.00  0.00  0.00  0.00  0.00  0.00  0.00
  0.00  0.00  0.00  0.00  0.00  0.00  0.00  0.00  0.00  0.00  0.00  0.00  0.00  0.00  0.00  0.00  0.00  0.00  0.00  0.00  0.00  0.00  0.00  0.00  0.00  0.00  0.00  0.00  0.00  0.00  0.00  0.00  0.00  0.00  0.00  0.00  0.00  0.00  0.00  0.00  0.00  0.00  0.00  0.00  0.00  0.00  0.00  0.00  0.00  0.00  0.00  0.00  0.00  0.00  0.00  0.00  0.00  0.00  0.00  0.00  0.00  0.00  0.00  0.00
  0.00  0.00  0.00  0.00  0.00  0.00  0.00  0.00  0.00  0.00  0.00  0.00  0.00  0.00  0.00  0.00  0.00  0.00  0.00  0.00  0.00  0.00  0.00  0.00  0.00  0.00  0.00  0.00  0.00  0.00  0.00  0.00  0.00  0.00  0.00  0.00  0.00  0.00  0.00  0.00  0.00  0.00  0.00  0.00  0.00  0.00  0.00  0.00  0.00  0.00  0.00  0.00  0.00  0.00  0.00  0.00  0.00  0.00  0.00  0.00  0.00  0.00  0.00  0.00
  0.00  0.00  0.00  0.00  0.00  0.00  0.00  0.00  0.00  0.00  0.00  0.00  0.00  0.00  0.00  0.00  0.00  0.00  0.00  0.00  0.00  0.00  0.00  0.00  0.00  0.00  0.00  0.00  0.00  0.00  0.00  0.00  0.00  0.00  0.00  0.00  0.00  0.00  0.00  0.00  0.00  0.00  0.00  0.00  0.00  0.00  0.00  0.00  0.00  0.00  0.00  0.00  0.00  0.00  0.00  0.00  0.00  0.00  0.00  0.00  0.00  0.00  0.00  0.00
  0.00  0.00  0.00  0.00  0.00  0.00  0.00  0.00  0.00  0.00  0.00  0.00  0.00  0.00  0.00  0.00  0.00  0.00  0.00  0.00  0.00  0.00  0.00  0.00  0.00  0.00  0.00  0.00  0.00  0.00  0.00  0.00  0.00  0.00  0.00  0.00  0.00  0.00  0.00  0.00  0.00  0.00  0.00  0.00  0.00  0.00  0.00  0.00  0.00  0.00  0.00  0.00  0.00  0.00  0.00  0.00  0.00  0.00  0.00  0.00  0.00  0.00  0.00  0.00
  0.00  0.00  0.00  0.00  0.00  0.00  0.00  0.00  0.00  0.00  0.00  0.00  0.00  0.00  0.00  0.00  0.00  0.00  0.00  0.00  0.00  0.00  0.00  0.00  0.00  0.00  0.00  0.00  0.00  0.00  0.00  0.00  0.00  0.00  0.00  0.00  0.00  0.00  0.00  0.00  0.00  0.00  0.00  0.00  0.00  0.00  0.00  0.00  0.00  0.00  0.00  0.00  0.00  0.00  0.00  0.00  0.00  0.00  0.00  0.00  0.00  0.00  0.00  0.00
  0.00  0.00  0.00  0.00  0.00  0.00  0.00  0.00  0.00  0.00  0.00  0.00  0.00  0.00  0.00  0.00  0.00  0.00  0.00  0.00  0.00  0.00  0.00  0.00  0.00  0.00  0.00  0.00  0.00  0.00  0.00  0.00  0.00  0.00  0.00  0.00  0.00  0.00  0.00  0.00  0.00  0.00  0.00  0.00  0.00  0.00  0.00  0.00  0.00  0.00  0.00  0.00  0.00  0.00  0.00  0.00  0.00  0.00  0.00  0.00  0.00  0.00  0.00  0.00
  0.00  0.00  0.00  0.00  0.00  0.00  0.00  0.00  0.00  0.00  0.00  0.00  0.00  0.00  0.00  0.00  0.00  0.00  0.00  0.00  0.00  0.00  0.00  0.00  0.00  0.00  0.00  0.00  0.00  0.00  0.00  0.00  0.00  0.00  0.00  0.00  0.00  0.00  0.00  0.00  0.00  0.00  0.00  0.00  0.00  0.00  0.00  0.00  0.00  0.00  0.00  0.00  0.00  0.00  0.00  0.00  0.00  0.00  0.00  0.00  0.00  0.00  0.00  0.00
  0.00  0.00  0.00  0.00  0.00  0.00  0.00  0.00  0.00  0.00  0.00  0.00  0.00  0.00  0.00  0.00  0.00  0.00  0.00  0.00  0.00  0.00  0.00  0.00  0.00  0.00  0.00  0.00  0.00  0.00  0.00  0.00  0.00  0.00  0.00  0.00  0.00  0.00  0.00  0.00  0.00  0.00  0.00  0.00  0.00  0.00  0.00  0.00  0.00  0.00  0.00  0.00  0.00  0.00  0.00  0.00  0.00  0.00  0.00  0.00  0.00  0.00  0.00  0.00
  0.00  0.00  0.00  0.00  0.00  0.00  0.00  0.00  0.00  0.00  0.00  0.00  0.00  0.00  0.00  0.00  0.00  0.00  0.00  0.00  0.00  0.00  0.00  0.00  0.00  0.00  0.00  0.00  0.00  0.00  0.00  0.00  0.00  0.00  0.00  0.00  0.00  0.00  0.00  0.00  0.00  0.00  0.00  0.00  0.00  0.00  0.00  0.00  0.00  0.00  0.00  0.00  0.00  0.00  0.00  0.00  0.00  0.00  0.00  0.00  0.00  0.00  0.00  0.00
  0.00  0.00  0.00  0.00  0.00  0.00  0.00  0.00  0.00  0.00  0.00  0.00  0.00  0.00  0.00  0.00  0.00  0.00  0.00  0.00  0.00  0.00  0.00  0.00  0.00  0.00  0.00  0.00  0.00  0.00  0.00  0.00  0.00  0.00  0.00  0.00  0.00  0.00  0.00  0.00  0.00  0.00  0.00  0.00  0.00  0.00  0.00  0.00  0.00  0.00  0.00  0.00  0.00  0.00  0.00  0.00  0.00  0.00  0.00  0.00  0.00  0.00  0.00  0.00

 density range (Hz): 0.000000 5.400000