Array Size: 64  64
  0.00  0.00  0.18  0.20  0.58  0.56  1.74  0.24  0.94  0.36  0.20  0.16  0.36  0.66  1.04  1.84  0.66  1.10  0.88  0.54  0.90  1.30  1.96  3.18  0.66  2.06  1.60  0.98  0.84  0.46  0.42  0.46  0.44  0.48  0.70  0.68  0.82  0.50  0.00  0.00  0.26  0.32  0.50  0.54  1.06  0.50  0.00  0.00  0.00  0.00  0.00  0.00  0.00  0.00  0.00  0.00  0.00  0.00  0.00  0.00  0.00  0.00  0.00  0.00
  0.00  0.30  0.34  0.54  0.58  0.80  0.58  0.68  0.42  0.52  0.60  0.52  1.04  0.74  0.66  0.52  0.58  0.86  0.92  0.76  0.96  1.46  1.16  2.44  1.72  1.40  1.48  1.28  1.50  1.40  0.94  0.74  1.34  0.98  1.76  0.86  0.78  1.38  0.56  0.60  1.06  1.86  0.90  0.52  2.44  2.18  0.00  0.00  0.00  0.00  0.00  0.00  0.00  0.00  0.00  0.00  0.00  0.00  0.00  0.00  0.00  0.00  0.00  0.00
  0.00  0.28  0.38  0.16  0.70  0.48  0.68  0.62  0.38  0.70  0.78  1.32  1.52  0.92  0.66  0.88  1.20  1.06  0.80  1.20  0.54  2.18  0.74  1.28  1.72  1.38  2.28  0.76  0.66  1.00  1.34  1.08  0.72  0.84  1.24  1.16  0.66  1.34  1.58  1.20  2.00  0.82  0.66  0.54  1.36  0.06  0.00  0.00  0.00  0.00  0.00  0.00  0.00  0.00  0.00  0.00  0.00  0.00  0.00  0.00  0.00  0.00  0.00  0.00
  1.38  0.12  0.56  0.52  0.96  0.52  0.42  0.34  0.50  0.28  0.58  1.16  0.68  0.92  0.48  0.46  0.54  0.92  1.18  0.42  0.46  1.06  1.14  1.48  1.84  2.34  0.96  0.26  0.46  0.70  0.32  0.56  0.72  0.74  0.42  0.84  1.02  0.94  0.80  0.48  0.98  0.76  0.80  0.82  0.84  0.00  0.00  0.00  0.00  0.00  0.00  0.00  0.00  0.00  0.00  0.00  0.00  0.00  0.00  0.00  0.00  0.00  0.00  0.00
  0.00  0.10  0.58  0.40  1.22  1.82  0.72  0.70  0.90  1.16  0.60  0.28  0.32  0.60  0.60  0.54  0.26  0.44  0.52  0.54  1.88  0.06  0.74  1.10  0.98  1.70  0.44  0.24  0.20  0.28  0.32  0.32  0.34  1.00  0.92  0.76  1.24  0.46  0.84  1.02  0.82  0.98  0.66  0.86  0.76  0.00  0.00  0.00  0.00  0.00  0.00  0.00  0.00  0.00  0.00  0.00  0.00  0.00  0.00  0.00  0.00  0.00  0.00  0.00
  0.00  0.42  0.24  0.28  0.44  1.32  0.96  1.08  0.94  0.92  0.58  0.54  0.54  0.80  0.14  0.12  0.40  0.60  0.64  0.50  0.62  0.44  0.96  0.68  0.84  1.38  0.84  0.24  0.46  0.66  0.42  0.54  1.12  2.14  0.70  1.12  0.84  0.60  0.42  0.32  1.02  0.78  0.70  0.72  0.66  0.00  0.00  0.00  0.00  0.00  0.00  0.00  0.00  0.00  0.00  0.00  0.00  0.00  0.00  0.00  0.00  0.00  0.00  0.00
  0.00  0.16  0.88  0.30  0.50  1.32  1.16  0.74  0.72  1.00  1.26  0.54  0.34  0.32  0.14  0.08  0.02  0.50  0.76  0.60  0.50  0.60  0.34  0.58  1.02  1.18  0.28  0.26  0.20  0.14  0.18  0.36  0.74  0.24  0.58  0.20  0.40  0.22  0.14  0.44  0.86  0.60  0.76  0.48  0.78  0.00  0.00  0.00  0.00  0.00  0.00  0.00  0.00  0.00  0.00  0.00  0.00  0.00  0.00  0.00  0.00  0.00  0.00  0.00
  0.14  0.30  0.98  0.30  0.32  0.52  0.66  0.60  1.10  0.88  0.90  0.32  0.34  0.34  0.28  0.22  0.12  1.24  0.14  0.12  0.54  0.34  0.90  0.66  1.16  0.68  1.04  2.44  0.50  0.32  0.10  0.38  0.08  0.24  0.08  0.52  0.20  0.92  0.26  0.26  0.48  0.86  0.56  0.60  0.90  0.10  0.00  0.00  0.00  0.00  0.00  0.00  0.00  0.00  0.00  0.00  0.00  0.00  0.00  0.00  0.00  0.00  0.00  0.00
  0.12  0.04  0.28  0.24  0.28  0.78  0.64  0.74  0.92  0.92  1.70  0.76  0.80  0.90  1.18  0.06  0.88  0.12  0.06  0.08  0.18  0.40  0.36  0.24  0.46  0.36  0.56  0.28  0.36  0.16  0.24  0.12  0.06  0.22  0.66  0.44  0.86  0.30  0.08  0.30  0.24  0.48  0.64  0.86  0.74  0.14  0.00  0.00  0.00  0.00  0.00  0.00  0.00  0.00  0.00  0.00  0.00  0.00  0.00  0.00  0.00  0.00  0.00  0.00
  0.04  0.14  0.06  0.30  0.24  0.54  0.74  0.52  0.62  0.14  0.66  0.38  0.56  0.58  0.28  0.32  0.46  0.04  0.06  0.22  0.16  0.16  0.26  0.28  0.28  0.16  0.58  0.06  0.30  0.46  0.30  0.04  0.00  0.34  0.42  0.78  1.44  0.12  0.36  0.26  0.64  0.44  0.70  0.44  0.94  1.38  0.00  0.00  0.00  0.00  0.00  0.00  0.00  0.00  0.00  0.00  0.00  0.00  0.00  0.00  0.00  0.00  0.00  0.00
  0.10  0.10  0.72  0.42  1.16  1.14  1.16  0.74  0.66  0.50  0.16  0.30  0.18  0.58  0.32  0.16  0.06  0.04  0.72  0.08  0.24  0.12  0.16  0.28  0.18  0.10  0.44  0.16  0.10  0.44  0.44  0.30  0.02  0.26  0.46  0.04  0.18  0.50  0.84  0.44  0.58  0.28  0.26  0.90  1.72  0.14  0.00  0.00  0.00  0.00  0.00  0.00  0.00  0.00  0.00  0.00  0.00  0.00  0.00  0.00  0.00  0.00  0.00  0.00
  0.08  0.00  0.10  0.18  0.80  0.34  0.50  0.64  0.96  0.40  0.10  0.30  0.36  0.46  0.26  0.32  0.28  0.20  0.20  0.42  0.26  0.42  0.36  0.14  0.22  0.36  0.82  0.78  0.12  0.78  0.06  0.32  0.84  0.92  1.06  0.26  0.30  0.18  0.58  0.44  0.10  0.40  0.28  0.82  0.58  0.90  0.00  0.00  0.00  0.00  0.00  0.00  0.00  0.00  0.00  0.00  0.00  0.00  0.00  0.00  0.00  0.00  0.00  0.00
  0.08  0.00  0.12  0.20  0.50  0.98  0.98  0.50  0.64  0.48  0.26  0.04  0.36  0.40  0.26  0.68  0.56  0.34  0.26  0.24  0.56  0.20  0.06  0.22  0.90  0.10  0.42  0.48  0.70  0.64  0.40  0.44  0.76  0.26  0.92  0.30  0.18  0.28  0.76  0.20  0.32  0.28  0.68  0.80  0.40  0.10  0.00  0.00  0.00  0.00  0.00  0.00  0.00  0.00  0.00  0.00  0.00  0.00  0.00  0.00  0.00  0.00  0.00  0.00
  0.08  0.00  0.06  0.30  0.28  1.40  1.52  0.78  0.54  0.38  0.42  0.36  0.60  0.42  0.36  0.22  0.22  0.10  0.04  0.34  0.44  0.26  0.00  0.20  0.74  0.26  0.36  0.76  0.54  0.70  0.80  0.26  0.28  0.16  0.18  0.38  0.34  0.36  0.34  0.22  0.06  0.58  0.46  0.68  0.84  0.08  0.00  0.00  0.00  0.00  0.00  0.00  0.00  0.00  0.00  0.00  0.00  0.00  0.00  0.00  0.00  0.00  0.00  0.00
  0.10  0.36  0.58  1.24  0.70  0.62  0.26  0.66  0.72  0.28  0.68  0.28  0.34  0.12  0.16  0.30  0.44  0.28  0.12  0.40  0.60  0.30  0.46  0.26  0.34  0.36  0.60  0.22  0.56  0.28  0.24  0.28  0.70  0.50  0.48  0.22  0.12  0.30  0.26  0.26  0.40  0.64  0.60  0.70  0.68  0.02  0.00  0.00  0.00  0.00  0.00  0.00  0.00  0.00  0.00  0.00  0.00  0.00  0.00  0.00  0.00  0.00  0.00  0.00
  0.12  0.10  0.14  0.68  0.20  0.64  0.22  0.30  0.54  0.34  0.66  0.58  0.34  0.12  0.34  0.12  0.26  0.14  0.42  0.42  1.88  0.14  0.24  0.28  0.66  0.20  0.76  0.64  0.10  1.12  0.32  0.38  0.92  1.56  0.32  0.26  0.08  0.08  0.28  0.56  0.54  0.32  0.50  1.64  1.68  0.00  0.00  0.00  0.00  0.00  0.00  0.00  0.00  0.00  0.00  0.00  0.00  0.00  0.00  0.00  0.00  0.00  0.00  0.00
  0.08  0.16  0.06  0.14  0.00  0.28  1.54  0.44  0.50  0.90  0.42  0.28  0.24  0.24  0.20  0.06  0.26  0.58  0.50  0.56  0.70  0.94  0.94  0.94  0.82  0.62  0.38  0.44  0.56  1.68  0.00  0.20  0.12  0.34  0.38  0.18  0.10  0.24  0.48  0.60  0.26  0.46  1.06  1.12  0.98  0.00  0.00  0.00  0.00  0.00  0.00  0.00  0.00  0.00  0.00  0.00  0.00  0.00  0.00  0.00  0.00  0.00  0.00  0.00
  0.00  0.28  0.10  0.28  0.16  0.34  0.24  0.36  0.28  1.62  0.64  0.50  0.50  0.64  0.54  0.44  0.36  0.60  0.72  0.76  0.54  1.28  1.06  0.88  0.94  1.34  0.98  0.74  0.76  0.64  0.70  0.66  0.08  0.38  0.26  0.34  0.22  0.26  0.00  0.40  0.20  0.66  0.66  0.74  0.58  0.00  0.00  0.00  0.00  0.00  0.00  0.00  0.00  0.00  0.00  0.00  0.00  0.00  0.00  0.00  0.00  0.00  0.00  0.00
  0.00  0.34  0.36  0.26  0.34  0.40  0.34  0.44  0.86  0.70  0.78  1.66  1.42  0.36  0.48  1.10  0.90  0.54  0.48  0.50  0.38  0.60  0.54  0.96  1.06  0.66  0.84  0.12  0.56  0.92  0.74  0.76  0.84  0.32  0.10  0.38  0.38  0.40  0.24  0.14  0.54  0.42  0.82  1.84  0.86  0.00  0.00  0.00  0.00  0.00  0.00  0.00  0.00  0.00  0.00  0.00  0.00  0.00  0.00  0.00  0.00  0.00  0.00  0.00
  0.00  0.00  0.14  0.04  0.02  0.30  0.18  0.34  0.44  0.58  0.20  0.28  0.66  0.54  0.44  0.48  0.52  0.64  0.92  0.84  0.58  0.18  0.24  0.50  0.92  0.38  0.52  0.46  0.22  0.66  0.46  0.46  0.60  0.82  0.30  0.10  0.56  0.58  0.26  1.08  0.82  0.96  0.44  0.96  1.06  0.00  0.00  0.00  0.00  0.00  0.00  0.00  0.00  0.00  0.00  0.00  0.00  0.00  0.00  0.00  0.00  0.00  0.00  0.00
  0.00  0.00  0.18  0.04  0.00  0.28  0.26  0.24  0.80  0.92  0.42  0.54  0.16  0.68  0.28  0.28  0.30  0.46  0.74  0.68  0.74  0.68  0.54  0.66  1.40  0.56  0.50  0.26  0.00  0.12  0.46  0.84  1.20  0.54  0.58  0.20  0.42  0.14  1.78  0.48  0.36  1.66  2.30  0.12  0.42  0.02  0.00  0.00  0.00  0.00  0.00  0.00  0.00  0.00  0.00  0.00  0.00  0.00  0.00  0.00  0.00  0.00  0.00  0.00
  0.00  0.00  0.18  0.16  0.30  0.28  0.24  0.40  0.62  0.74  0.68  0.62  0.64  0.68  0.36  0.32  0.34  0.60  3.56  0.72  0.56  0.44  0.54  0.72  0.14  0.22  0.48  0.20  0.08  0.06  0.36  0.52  0.28  0.44  1.08  1.56  0.66  0.22  0.04  0.34  0.36  0.76  0.76  0.92  0.50  0.12  0.00  0.00  0.00  0.00  0.00  0.00  0.00  0.00  0.00  0.00  0.00  0.00  0.00  0.00  0.00  0.00  0.00  0.00
  0.00  0.00  0.34  0.42  0.24  0.42  0.36  0.66  0.40  0.42  0.70  0.82  1.90  0.64  0.48  0.58  0.54  0.16  1.32  1.10  0.28  0.78  0.62  0.14  0.28  0.52  0.94  0.34  0.28  0.16  0.20  0.04  0.30  0.62  0.62  0.50  0.46  0.40  0.60  0.70  0.36  0.64  0.10  0.82  0.38  0.00  0.00  0.00  0.00  0.00  0.00  0.00  0.00  0.00  0.00  0.00  0.00  0.00  0.00  0.00  0.00  0.00  0.00  0.00
  0.20  0.78  1.00  0.18  0.54  0.34  0.76  1.10  0.52  1.02  0.90  0.92  0.72  0.72  1.06  2.14  0.28  0.12  0.76  0.64  0.52  1.54  1.06  0.44  0.52  0.54  0.24  0.26  0.50  0.26  0.30  0.28  0.16  0.54  0.58  0.42  0.66  0.54  1.26  0.66  0.62  0.64  0.52  0.54  0.16  0.00  0.00  0.00  0.00  0.00  0.00  0.00  0.00  0.00  0.00  0.00  0.00  0.00  0.00  0.00  0.00  0.00  0.00  0.00
  0.30  0.10  0.32  0.22  0.80  0.34  1.64  0.54  0.16  0.86  0.58  0.36  0.80  0.74  0.28  0.30  0.76  0.42  0.46  0.30  0.72  0.98  1.02  0.68  0.56  0.52  0.52  0.60  1.02  0.72  0.38  0.58  0.52  0.22  0.18  0.34  0.52  0.50  2.30  0.62  0.56  0.66  0.18  0.56  0.54  0.00  0.00  0.00  0.00  0.00  0.00  0.00  0.00  0.00  0.00  0.00  0.00  0.00  0.00  0.00  0.00  0.00  0.00  0.00
  0.18  0.16  0.12  0.58  0.66  0.10  0.36  1.06  0.98  0.40  0.46  0.28  0.46  1.00  0.84  0.56  1.14  0.86  0.06  1.84  0.92  1.06  0.94  0.72  0.24  0.72  0.70  0.84  0.94  0.34  0.52  0.36  0.52  0.32  0.90  0.20  0.44  0.62  0.62  0.54  0.08  0.48  0.42  0.54  1.88  0.80  0.00  0.00  0.00  0.00  0.00  0.00  0.00  0.00  0.00  0.00  0.00  0.00  0.00  0.00  0.00  0.00  0.00  0.00
  0.14  0.56  0.86  0.10  0.18  0.38  0.28  0.82  0.50  0.32  0.08  0.18  0.08  0.12  0.66  0.94  0.54  0.84  0.42  0.62  0.18  0.96  1.50  1.20  0.62  0.48  0.38  1.42  0.78  0.44  0.24  0.36  0.78  0.38  0.28  0.22  0.40  0.32  0.26  0.26  0.14  0.28  0.80  0.88  0.62  0.00  0.00  0.00  0.00  0.00  0.00  0.00  0.00  0.00  0.00  0.00  0.00  0.00  0.00  0.00  0.00  0.00  0.00  0.00
  0.18  0.14  0.60  0.18  0.36  0.56  0.18  0.20  0.88  0.68  0.66  0.02  0.10  0.46  0.36  0.54  0.40  1.10  0.42  0.56  1.12  1.08  0.96  0.82  0.84  0.62  0.40  0.76  1.00  0.58  0.54  0.36  0.80  0.12  0.20  0.34  0.42  0.26  0.16  0.48  0.84  0.42  2.08  0.44  0.14  0.00  0.00  0.00  0.00  0.00  0.00  0.00  0.00  0.00  0.00  0.00  0.00  0.00  0.00  0.00  0.00  0.00  0.00  0.00
  0.00  0.30  0.08  0.28  0.22  0.50  0.58  0.52  5.30  0.74  0.64  0.64  0.76  3.06  0.70  0.42  0.46  0.72  0.58  0.92  0.58  0.48  0.52  0.96  0.40  0.94  1.38  1.64  1.04  0.56  0.52  0.82  0.34  0.02  0.30  0.32  0.54  0.32  0.30  0.44  0.58  0.46  0.92  0.34  0.36  0.00  0.00  0.00  0.00  0.00  0.00  0.00  0.00  0.00  0.00  0.00  0.00  0.00  0.00  0.00  0.00  0.00  0.00  0.00
  0.00  0.18  0.32  0.00  0.14  0.36  0.64  0.42  0.60  2.06  0.98  0.20  0.46  1.38  1.66  1.44  0.28  0.50  0.90  0.98  0.72  0.66  0.36  0.42  0.42  0.78  0.60  0.90  0.66  1.96  0.66  0.68  0.34  0.46  0.54  0.42  0.22  0.60  0.42  0.44  0.50  0.16  0.74  0.86  0.94  0.00  0.00  0.00  0.00  0.00  0.00  0.00  0.00  0.00  0.00  0.00  0.00  0.00  0.00  0.00  0.00  0.00  0.00  0.00
  0.00  0.18  0.08  0.16  0.34  0.60  0.40  0.30  1.12  0.48  0.86  0.76  0.54  0.42  1.00  0.62  0.20  0.48  1.46  0.98  1.22  0.34  1.20  0.62  0.64  0.56  0.62  1.18  0.60  0.46  0.30  1.00  0.44  0.28  0.44  0.26  0.32  0.18  0.24  0.44  0.14  0.30  0.44  1.14  1.24  0.00  0.00  0.00  0.00  0.00  0.00  0.00  0.00  0.00  0.00  0.00  0.00  0.00  0.00  0.00  0.00  0.00  0.00  0.00
  0.00  0.16  0.10  0.36  0.46  0.80  0.64  1.04  1.94  0.86  0.80  1.46  0.42  0.54  0.80  0.42  0.02  0.50  0.72  0.96  1.00  0.94  1.60  0.80  0.36  0.14  0.56  0.80  0.34  0.22  0.06  0.14  0.34  0.86  0.02  0.44  0.42  0.40  0.42  1.02  0.22  0.26  0.42  0.24  0.80  0.00  0.00  0.00  0.00  0.00  0.00  0.00  0.00  0.00  0.00  0.00  0.00  0.00  0.00  0.00  0.00  0.00  0.00  0.00
  0.06  1.38  0.52  0.34  0.44  0.56  1.12  1.76  1.16  0.86  0.50  0.20  0.58  0.26  0.86  0.50  2.90  0.64  0.72  1.16  0.68  0.44  2.18  0.66  0.64  0.30  0.56  0.22  0.16  0.28  0.00  0.18  0.12  0.38  0.38  0.84  0.66  2.24  1.06  0.42  0.22  0.20  0.48  0.42  0.78  0.00  0.00  0.00  0.00  0.00  0.00  0.00  0.00  0.00  0.00  0.00  0.00  0.00  0.00  0.00  0.00  0.00  0.00  0.00
  0.38  0.38  0.64  0.46  0.22  1.02  1.70  0.86  0.64  0.32  0.20  0.34  0.80  0.30  0.78  0.24  1.52  0.34  0.46  2.06  0.64  0.20  0.92  0.54  0.38  0.48  0.40  0.52  0.52  0.28  0.24  0.48  0.76  0.98  0.74  0.74  0.52  0.56  0.44  0.30  0.64  0.54  0.72  0.52  0.68  0.00  0.00  0.00  0.00  0.00  0.00  0.00  0.00  0.00  0.00  0.00  0.00  0.00  0.00  0.00  0.00  0.00  0.00  0.00
  0.22  0.38  0.52  0.30  0.12  0.38  0.78  0.72  0.44  0.64  0.24  0.14  0.82  0.48  0.90  1.74  0.72  0.86  0.38  0.82  0.94  0.90  0.70  0.90  0.84  0.50  0.24  0.58  0.72  0.74  0.44  0.84  0.48  0.44  1.34  0.72  0.38  0.38  0.20  0.32  0.52  0.36  0.52  0.66  0.52  0.00  0.00  0.00  0.00  0.00  0.00  0.00  0.00  0.00  0.00  0.00  0.00  0.00  0.00  0.00  0.00  0.00  0.00  0.00
  0.38  0.20  0.58  0.24  0.28  0.28  0.40  0.40  0.56  0.86  0.38  0.80  0.76  0.50  0.86  1.26  1.46  0.26  0.98  0.42  0.12  0.06  0.82  0.78  0.66  1.14  0.16  0.18  0.52  1.90  0.82  0.36  0.34  0.28  0.14  0.76  0.18  0.44  0.48  0.04  0.28  1.28  0.64  0.48  0.42  0.00  0.00  0.00  0.00  0.00  0.00  0.00  0.00  0.00  0.00  0.00  0.00  0.00  0.00  0.00  0.00  0.00  0.00  0.00
  0.48  0.18  0.46  0.54  0.50  0.42  0.54  0.18  0.30  0.50  0.38  0.24  0.42  0.50  0.58  1.28  1.06  0.42  1.38  0.26  0.24  0.28  0.30  0.68  0.36  0.44  0.44  0.44  0.46  0.40  0.74  0.26  0.14  0.34  0.14  0.42  0.16  0.36  0.38  0.26  0.18  0.62  0.78  0.18  0.58  0.00  0.00  0.00  0.00  0.00  0.00  0.00  0.00  0.00  0.00  0.00  0.00  0.00  0.00  0.00  0.00  0.00  0.00  0.00
  0.38  0.04  0.34  0.60  0.38  0.28  0.44  0.26  0.58  0.68  0.38  0.48  0.12  0.78  0.52  0.28  0.44  0.66  0.74  0.32  0.56  0.34  0.46  0.58  0.46  0.28  0.60  0.50  0.54  0.40  2.00  0.62  0.78  0.20  0.16  0.04  0.36  0.46  0.40  0.30  0.38  0.38  0.32  0.16  0.80  0.00  0.00  0.00  0.00  0.00  0.00  0.00  0.00  0.00  0.00  0.00  0.00  0.00  0.00  0.00  0.00  0.00  0.00  0.00
  0.92  0.08  0.16  0.22  0.88  0.38  0.72  0.82  0.98  0.72  0.66  0.60  2.64  1.18  0.82  0.86  0.54  0.46  1.00  0.48  0.60  0.64  1.06  0.70  0.76  0.30  0.30  0.58  0.24  0.38  0.78  0.86  0.90  0.26  0.12  0.50  0.62  0.34  0.50  0.64  0.62  0.82  0.16  0.24  0.60  0.42  0.00  0.00  0.00  0.00  0.00  0.00  0.00  0.00  0.00  0.00  0.00  0.00  0.00  0.00  0.00  0.00  0.00  0.00
  0.78  0.14  0.26  0.14  0.28  0.58  1.38  0.24  0.36  0.66  1.00  1.62  0.62  0.76  0.48  1.28  0.82  0.50  0.40  0.50  0.38  1.00  1.38  0.80  1.06  1.86  1.08  1.84  0.44  0.10  2.22  1.96  1.08  0.18  0.68  0.56  0.22  0.40  0.42  0.86  0.62  1.02  0.76  0.54  0.74  0.06  0.00  0.00  0.00  0.00  0.00  0.00  0.00  0.00  0.00  0.00  0.00  0.00  0.00  0.00  0.00  0.00  0.00  0.00
  0.94  0.22  0.46  0.32  0.86  0.36  0.46  0.56  0.74  0.50  1.08  0.56  0.66  0.84  1.20  0.58  0.76  0.54  0.60  0.54  0.46  0.56  0.64  0.38  0.84  1.04  0.84  0.64  0.68  0.38  0.48  0.58  0.62  0.40  1.88  0.86  0.42  0.36  0.30  1.18  0.58  0.94  0.68  0.52  0.44  0.06  0.00  0.00  0.00  0.00  0.00  0.00  0.00  0.00  0.00  0.00  0.00  0.00  0.00  0.00  0.00  0.00  0.00  0.00
  0.20  0.20  1.08  0.70  0.56  0.18  0.00  0.18  0.42  0.72  0.56  0.74  0.74  0.70  0.94  1.10  0.84  1.24  0.72  0.38  0.90  0.60  0.38  0.76  0.66  0.50  0.54  0.48  0.46  0.58  0.40  0.66  1.12  0.84  1.08  0.40  0.44  0.58  0.90  0.56  0.40  0.38  0.70  0.92  0.54  0.04  0.00  0.00  0.00  0.00  0.00  0.00  0.00  0.00  0.00  0.00  0.00  0.00  0.00  0.00  0.00  0.00  0.00  0.00
  0.18  0.60  0.74  0.56  0.64  0.32  0.38  0.48  0.44  0.40  0.80  1.02  1.40  1.80  1.02  0.70  0.74  0.60  0.82  0.86  1.30  0.76  0.38  0.34  0.62  0.14  0.34  0.40  0.34  0.32  0.52  0.64  0.62  0.40  0.94  0.68  0.28  0.80  0.58  0.20  0.94  0.80  0.64  0.32  0.98  0.06  0.00  0.00  0.00  0.00  0.00  0.00  0.00  0.00  0.00  0.00  0.00  0.00  0.00  0.00  0.00  0.00  0.00  0.00
  0.22  0.30  0.38  0.36  0.82  0.56  0.42  0.70  0.94  0.42  0.78  0.96  0.86  1.22  0.34  0.74  0.76  0.34  0.72  0.66  0.92  0.66  0.60  1.20  0.60  0.24  0.32  0.14  0.00  0.10  0.32  0.48  0.68  0.34  0.58  0.64  0.68  1.32  0.18  0.50  1.84  1.00  0.24  0.24  0.72  0.82  0.00  0.00  0.00  0.00  0.00  0.00  0.00  0.00  0.00  0.00  0.00  0.00  0.00  0.00  0.00  0.00  0.00  0.00
  0.00  0.12  0.10  0.00  0.20  1.02  0.70  1.52  0.66  1.10  0.34  0.28  1.28  0.52  0.68  0.54  1.10  1.36  0.42  0.72  0.60  0.84  0.48  0.86  1.56  0.48  0.22  0.08  0.14  0.10  0.30  0.20  0.38  0.08  0.18  0.42  0.82  0.02  0.48  0.86  0.42  0.12  0.18  0.10  0.86  0.18  0.00  0.00  0.00  0.00  0.00  0.00  0.00  0.00  0.00  0.00  0.00  0.00  0.00  0.00  0.00  0.00  0.00  0.00
  0.00  0.02  0.54  0.22  0.00  0.20  0.58  0.50  1.46  0.58  0.56  0.36  0.40  0.22  0.28  0.16  0.08  0.16  0.28  0.48  0.76  0.10  0.12  0.26  0.22  0.00  0.00  0.08  0.16  0.18  0.00  0.62  0.42  0.00  0.00  0.08  0.36  0.20  0.38  0.10  0.00  0.00  0.00  0.00  0.00  0.48  0.00  0.00  0.00  0.00  0.00  0.00  0.00  0.00  0.00  0.00  0.00  0.00  0.00  0.00  0.00  0.00  0.00  0.00
  0.00  0.00  0.00  0.00  0.00  0.00  0.00  0.00  0.00  0.00  0.00  0.00  0.00  0.00  0.00  0.00  0.00  0.00  0.00  0.00  0.00  0.00  0.00  0.00  0.00  0.00  0.00  0.00  0.00  0.00  0.00  0.00  0.00  0.00  0.00  0.00  0.00  0.00  0.00  0.00  0.00  0.00  0.00  0.00  0.00  0.00  0.00  0.00  0.00  0.00  0.00  0.00  0.00  0.00  0.00  0.00  0.00  0.00  0.00  0.00  0.00  0.00  0.00  0.00
  0.00  0.00  0.00  0.00  0.00  0.00  0.00  0.00  0.00  0.00  0.00  0.00  0.00  0.00  0.00  0.00  0.00  0.00  0.00  0.00  0.00  0.00  0.00  0.00  0.00  0.00  0.00  0.00  0.00  0.00  0.00  0.00  0.00  0.00  0.00  0.00  0.00  0.00  0.00  0.00  0.00  0.00  0.00  0.00  0.00  0.00  0.00  0.00  0.00  0.00  0.00  0.00  0.00  0.00  0.00  0.00  0.00  0.00  0.00  0.00  0.00  0.00  0.00  0.00
  0.00  0.00  0.00  0.00  0.00  0.00  0.00  0.00  0.00  0.00  0.00  0.00  0.00  0.00  0.00  0.00  0.00  0.00  0.00  0.00  0.00  0.00  0.00  0.00  0.00  0.00  0.00  0.00  0.00  0.00  0.00  0.00  0.00  0.00  0.00  0.00  0.00  0.00  0.00  0.00  0.00  0.00  0.00  0.00  0.00  0.00  0.00  0.00  0.00  0.00  0.00  0.00  0.00  0.00  0.00  0.00  0.00  0.00  0.00  0.00  0.00  0.00  0.00  0.00
  0.00  0.00  0.00  0.00  0.00  0.00  0.00  0.00  0.00  0.00  0.00  0.00  0.00  0.00  0.00  0.00  0.00  0.00  0.00  0.00  0.00  0.00  0.00  0.00  0.00  0.00  0.00  0.00  0.00  0.00  0.00  0.00  0.00  0.00  0.00  0.00  0.00  0.00  0.00  0.00  0.00  0.00  0.00  0.00  0.00  0.00  0.00  0.00  0.00  0.00  0.00  0.00  0.00  0.00  0.00  0.00  0.00  0.00  0.00  0.00  0.00  0.00  0.00  0.00
  0.00  0.00  0.00  0.00  0.00  0.00  0.00  0.00  0.00  0.00  0.00  0.00  0.00  0.00  0.00  0.00  0.00  0.00  0.00  0.00  0.00  0.00  0.00  0.00  0.00  0.00  0.00  0.00  0.00  0.00  0.00  0.00  0.00  0.00  0.00  0.00  0.00  0.00  0.00  0.00  0.00  0.00  0.00  0.00  0.00  0.00  0.00  0.00  0.00  0.00  0.00  0.00  0.00  0.00  0.00  0.00  0.00  0.00  0.00  0.00  0.00  0.00  0.00  0.00
  0.00  0.00  0.00  0.00  0.00  0.00  0.00  0.00  0.00  0.00  0.00  0.00  0.00  0.00  0.00  0.00  0.00  0.00  0.00  0.00  0.00  0.00  0.00  0.00  0.00  0.00  0.00  0.00  0.00  0.00  0.00  0.00  0.00  0.00  0.00  0.00  0.00  0.00  0.00  0.00  0.00  0.00  0.00  0.00  0.00  0.00  0.00  0.00  0.00  0.00  0.00  0.00  0.00  0.00  0.00  0.00  0.00  0.00  0.00  0.00  0.00  0.00  0.00  0.00
  0.00  0.00  0.00  0.00  0.00  0.00  0.00  0.00  0.00  0.00  0.00  0.00  0.00  0.00  0.00  0.00  0.00  0.00  0.00  0.00  0.00  0.00  0.00  0.00  0.00  0.00  0.00  0.00  0.00  0.00  0.00  0.00  0.00  0.00  0.00  0.00  0.00  0.00  0.00  0.00  0.00  0.00  0.00  0.00  0.00  0.00  0.00  0.00  0.00  0.00  0.00  0.00  0.00  0.00  0.00  0.00  0.00  0.00  0.00  0.00  0.00  0.00  0.00  0.00
  0.00  0.00  0.00  0.00  0.00  0.00  0.00  0.00  0.00  0.00  0.00  0.00  0.00  0.00  0.00  0.00  0.00  0.00  0.00  0.00  0.00  0.00  0.00  0.00  0.00  0.00  0.00  0.00  0.00  0.00  0.00  0.00  0.00  0.00  0.00  0.00  0.00  0.00  0.00  0.00  0.00  0.00  0.00  0.00  0.00  0.00  0.00  0.00  0.00  0.00  0.00  0.00  0.00  0.00  0.00  0.00  0.00  0.00  0.00  0.00  0.00  0.00  0.00  0.00
  0.00  0.00  0.00  0.00  0.00  0.00  0.00  0.00  0.00  0.00  0.00  0.00  0.00  0.00  0.00  0.00  0.00  0.00  0.00  0.00  0.00  0.00  0.00  0.00  0.00  0.00  0.00  0.00  0.00  0.00  0.00  0.00  0.00  0.00  0.00  0.00  0.00  0.00  0.00  0.00  0.00  0.00  0.00  0.00  0.00  0.00  0.00  0.00  0.00  0.00  0.00  0.00  0.00  0.00  0.00  0.00  0.00  0.00  0.00  0.00  0.00  0.00  0.00  0.00
  0.00  0.00  0.00  0.00  0.00  0.00  0.00  0.00  0.00  0.00  0.00  0.00  0.00  0.00  0.00  0.00  0.00  0.00  0.00  0.00  0.00  0.00  0.00  0.00  0.00  0.00  0.00  0.00  0.00  0.00  0.00  0.00  0.00  0.00  0.00  0.00  0.00  0.00  0.00  0.00  0.00  0.00  0.00  0.00  0.00  0.00  0.00  0.00  0.00  0.00  0.00  0.00  0.00  0.00  0.00  0.00  0.00  0.00  0.00  0.00  0.00  0.00  0.00  0.00
  0.00  0.00  0.00  0.00  0.00  0.00  0.00  0.00  0.00  0.00  0.00  0.00  0.00  0.00  0.00  0.00  0.00  0.00  0.00  0.00  0.00  0.00  0.00  0.00  0.00  0.00  0.00  0.00  0.00  0.00  0.00  0.00  0.00  0.00  0.00  0.00  0.00  0.00  0.00  0.00  0.00  0.00  0.00  0.00  0.00  0.00  0.00  0.00  0.00  0.00  0.00  0.00  0.00  0.00  0.00  0.00  0.00  0.00  0.00  0.00  0.00  0.00  0.00  0.00
  0.00  0.00  0.00  0.00  0.00  0.00  0.00  0.00  0.00  0.00  0.00  0.00  0.00  0.00  0.00  0.00  0.00  0.00  0.00  0.00  0.00  0.00  0.00  0.00  0.00  0.00  0.00  0.00  0.00  0.00  0.00  0.00  0.00  0.00  0.00  0.00  0.00  0.00  0.00  0.00  0.00  0.00  0.00  0.00  0.00  0.00  0.00  0.00  0.00  0.00  0.00  0.00  0.00  0.00  0.00  0.00  0.00  0.00  0.00  0.00  0.00  0.00  0.00  0.00
  0.00  0.00  0.00  0.00  0.00  0.00  0.00  0.00  0.00  0.00  0.00  0.00  0.00  0.00  0.00  0.00  0.00  0.00  0.00  0.00  0.00  0.00  0.00  0.00  0.00  0.00  0.00  0.00  0.00  0.00  0.00  0.00  0.00  0.00  0.00  0.00  0.00  0.00  0.00  0.00  0.00  0.00  0.00  0.00  0.00  0.00  0.00  0.00  0.00  0.00  0.00  0.00  0.00  0.00  0.00  0.00  0.00  0.00  0.00  0.00  0.00  0.00  0.00  0.00
  0.00  0.00  0.00  0.00  0.00  0.00  0.00  0.00  0.00  0.00  0.00  0.00  0.00  0.00  0.00  0.00  0.00  0.00  0.00  0.00  0.00  0.00  0.00  0.00  0.00  0.00  0.00  0.00  0.00  0.00  0.00  0.00  0.00  0.00  0.00  0.00  0.00  0.00  0.00  0.00  0.00  0.00  0.00  0.00  0.00  0.00  0.00  0.00  0.00  0.00  0.00  0.00  0.00  0.00  0.00  0.00  0.00  0.00  0.00  0.00  0.00  0.00  0.00  0.00
  0.00  0.00  0.00  0.00  0.00  0.00  0.00  0.00  0.00  0.00  0.00  0.00  0.00  0.00  0.00  0.00  0.00  0.00  0.00  0.00  0.00  0.00  0.00  0.00  0.00  0.00  0.00  0.00  0.00  0.00  0.00  0.00  0.00  0.00  0.00  0.00  0.00  0.00  0.00  0.00  0.00  0.00  0.00  0.00  0.00  0.00  0.00  0.00  0.00  0.00  0.00  0.00  0.00  0.00  0.00  0.00  0.00  0.00  0.00  0.00  0.00  0.00  0.00  0.00
  0.00  0.00  0.00  0.00  0.00  0.00  0.00  0.00  0.00  0.00  0.00  0.00  0.00  0.00  0.00  0.00  0.00  0.00  0.00  0.00  0.00  0.00  0.00  0.00  0.00  0.00  0.00  0.00  0.00  0.00  0.00  0.00  0.00  0.00  0.00  0.00  0.00  0.00  0.00  0.00  0.00  0.00  0.00  0.00  0.00  0.00  0.00  0.00  0.00  0.00  0.00  0.00  0.00  0.00  0.00  0.00  0.00  0.00  0.00  0.00  0.00  0.00  0.00  0.00
  0.00  0.00  0.00  0.00  0.00  0.00  0.00  0.00  0.00  0.00  0.00  0.00  0.00  0.00  0.00  0.00  0.00  0.00  0.00  0.00  0.00  0.00  0.00  0.00  0.00  0.00  0.00  0.00  0.00  0.00  0.00  0.00  0.00  0.00  0.00  0.00  0.00  0.00  0.00  0.00  0.00  0.00  0.00  0.00  0.00  0.00  0.00  0.00  0.00  0.00  0.00  0.00  0.00  0.00  0.00  0.00  0.00  0.00  0.00  0.00  0.00  0.00  0.00  0.00
  0.00  0.00  0.00  0.00  0.00  0.00  0.00  0.00  0.00  0.00  0.00  0.00  0.00  0.00  0.00  0.00  0.00  0.00  0.00  0.00  0.00  0.00  0.00  0.00  0.00  0.00  0.00  0.00  0.00  0.00  0.00  0.00  0.00  0.00  0.00  0.00  0.00  0.00  0.00  0.00  0.00  0.00  0.00  0.00  0.00  0.00  0.00  0.00  0.00  0.00  0.00  0.00  0.00  0.00  0.00  0.00  0.00  0.00  0.00  0.00  0.00  0.00  0.00  0.00

 density range (Hz): 0.000000 5.300000