Array Size: 64  64
  0.00  0.00  0.00  0.00  0.11  0.10  0.11  0.26  0.31  0.12  0.30  0.70  1.24  1.24  1.60  1.80  1.72  1.30  1.76  1.73  1.34  1.28  0.99  0.87  0.51  0.46  0.55  0.59  0.00  0.00  0.00  0.00  0.17  0.00  0.15  0.30  0.29  0.17  1.05  0.00  0.00  0.00  0.00  0.00  2.90  2.26  0.00  0.00  0.00  0.00  0.00  0.00  0.00  0.00  0.00  0.00  0.00  0.00  0.00  0.00  0.00  0.00  0.00  0.00
  0.00  0.13  0.06  0.05  0.14  0.09  0.09  0.19  0.50  0.38  0.71  1.10  1.36  1.30  1.72  1.80  0.00  2.10  2.02  1.78  1.58  1.23  0.00  0.66  0.46  0.35  0.46  0.44  0.29  0.32  0.23  0.00  0.12  0.12  0.11  0.36  0.35  0.40  1.24  1.64  2.24  2.57  2.84  2.47  2.51  2.12  0.00  0.00  0.00  0.00  0.00  0.00  0.00  0.00  0.00  0.00  0.00  0.00  0.00  0.00  0.00  0.00  0.00  0.00
  0.14  0.10  0.05  0.08  0.16  0.12  0.12  0.22  0.49  0.45  0.76  1.32  1.62  1.54  2.13  2.16  1.97  2.24  2.21  1.47  1.29  1.21  0.87  0.76  0.66  0.60  0.43  0.36  0.24  0.27  0.27  0.10  0.17  0.26  0.24  0.38  0.39  0.45  1.05  1.39  1.97  2.22  2.51  2.35  2.44  2.07  0.00  0.00  0.00  0.00  0.00  0.00  0.00  0.00  0.00  0.00  0.00  0.00  0.00  0.00  0.00  0.00  0.00  0.00
  0.36  0.26  0.16  0.23  0.23  0.18  0.17  0.27  0.45  0.41  0.78  1.63  2.03  2.15  2.80  2.67  2.14  2.22  1.95  1.25  1.15  1.10  0.76  0.72  0.67  0.60  0.47  0.38  0.23  0.25  0.26  0.10  0.09  0.18  0.16  0.28  0.29  0.38  0.97  1.17  1.89  2.04  2.34  2.16  0.00  1.81  0.00  0.00  0.00  0.00  0.00  0.00  0.00  0.00  0.00  0.00  0.00  0.00  0.00  0.00  0.00  0.00  0.00  0.00
  0.34  0.34  0.27  0.36  0.26  0.20  0.13  0.19  0.38  0.59  0.98  1.90  2.21  2.34  2.80  2.50  1.86  1.89  1.49  0.90  0.88  0.88  0.60  0.57  0.60  0.51  0.21  0.07  0.08  0.09  0.09  0.10  0.10  0.19  0.17  0.30  0.31  0.41  1.11  1.32  1.92  2.01  2.34  1.65  0.00  0.00  0.00  0.00  0.00  0.00  0.00  0.00  0.00  0.00  0.00  0.00  0.00  0.00  0.00  0.00  0.00  0.00  0.00  0.00
  0.33  0.35  0.28  0.44  0.32  0.30  0.21  0.22  0.42  0.64  0.87  1.64  2.02  2.08  2.48  2.25  1.59  1.49  1.15  0.85  0.91  0.98  0.70  0.66  0.62  0.53  0.29  0.16  0.20  0.23  0.24  0.13  0.12  0.00  0.26  0.45  0.46  0.58  0.82  0.70  0.87  1.03  1.06  0.76  1.36  0.00  0.00  0.00  0.00  0.00  0.00  0.00  0.00  0.00  0.00  0.00  0.00  0.00  0.00  0.00  0.00  0.00  0.00  0.00
  0.25  0.29  0.24  0.47  0.39  0.66  0.65  0.65  0.61  0.81  0.68  1.36  2.00  2.08  2.39  2.29  1.60  0.86  0.73  0.49  0.51  0.77  0.83  0.80  0.83  0.91  0.53  0.37  0.38  0.25  0.00  0.00  0.08  0.21  0.24  0.28  0.31  0.33  0.41  0.33  0.64  0.62  0.70  0.60  1.21  0.00  0.00  0.00  0.00  0.00  0.00  0.00  0.00  0.00  0.00  0.00  0.00  0.00  0.00  0.00  0.00  0.00  0.00  0.00
  0.41  0.41  0.35  0.61  0.47  0.70  0.71  0.73  0.91  1.09  0.89  1.31  1.78  1.69  1.69  1.87  1.13  0.59  0.73  0.77  0.78  0.90  0.84  0.40  0.27  0.42  0.50  0.41  0.40  0.20  0.14  0.19  0.16  0.20  0.28  0.31  0.17  0.22  0.43  0.33  0.65  0.63  0.69  0.48  0.81  0.22  0.00  0.00  0.00  0.00  0.00  0.00  0.00  0.00  0.00  0.00  0.00  0.00  0.00  0.00  0.00  0.00  0.00  0.00
  0.15  0.21  0.17  0.41  0.42  0.63  0.73  0.92  1.10  1.26  1.07  1.18  1.30  1.00  0.77  0.90  0.49  0.34  0.66  0.75  0.72  0.80  0.76  0.36  0.23  0.40  0.50  0.41  0.41  0.19  0.13  0.18  0.15  0.19  0.28  0.31  0.18  0.24  0.33  0.26  0.14  0.12  0.12  0.10  0.15  0.18  0.00  0.00  0.00  0.00  0.00  0.00  0.00  0.00  0.00  0.00  0.00  0.00  0.00  0.00  0.00  0.00  0.00  0.00
  0.18  0.11  0.07  0.25  0.32  0.51  0.66  0.94  1.17  1.39  1.21  1.25  1.39  1.09  0.68  0.92  0.69  0.40  0.83  0.91  0.67  0.69  0.68  0.26  0.17  0.38  0.53  0.42  0.40  0.19  0.12  0.17  0.15  0.19  0.25  0.34  0.23  0.29  0.25  0.25  0.00  0.00  0.00  0.09  0.13  0.15  0.00  0.00  0.00  0.00  0.00  0.00  0.00  0.00  0.00  0.00  0.00  0.00  0.00  0.00  0.00  0.00  0.00  0.00
  0.14  0.00  0.06  0.20  0.27  0.47  0.63  0.93  1.16  1.50  1.53  1.63  1.76  1.65  1.23  1.09  0.92  0.72  0.00  0.95  0.56  0.53  0.52  0.23  0.23  0.49  0.53  0.00  0.00  0.17  0.00  0.19  0.13  0.12  0.17  0.23  0.13  0.17  0.50  0.61  0.43  0.35  0.38  0.10  0.12  0.00  0.00  0.00  0.00  0.00  0.00  0.00  0.00  0.00  0.00  0.00  0.00  0.00  0.00  0.00  0.00  0.00  0.00  0.00
  0.11  0.07  0.05  0.15  0.19  0.23  0.43  0.78  1.04  1.45  1.60  1.70  1.74  1.56  0.94  0.59  0.50  0.61  0.98  0.91  0.52  0.47  0.41  0.14  0.11  0.14  0.14  0.00  0.00  0.07  0.14  0.26  0.22  0.25  0.29  0.39  0.28  0.36  0.54  0.65  0.47  0.45  0.38  0.00  0.00  0.00  0.00  0.00  0.00  0.00  0.00  0.00  0.00  0.00  0.00  0.00  0.00  0.00  0.00  0.00  0.00  0.00  0.00  0.00
  0.10  0.14  0.10  0.14  0.15  0.26  0.38  0.78  0.85  1.37  1.71  1.70  1.55  1.39  0.92  0.42  0.44  0.00  0.31  0.24  0.08  0.07  0.07  0.14  0.12  0.13  0.13  0.18  0.12  0.09  0.11  0.11  0.10  0.16  0.12  0.32  0.36  0.39  0.52  0.67  0.47  0.39  0.34  0.00  0.00  0.00  0.00  0.00  0.00  0.00  0.00  0.00  0.00  0.00  0.00  0.00  0.00  0.00  0.00  0.00  0.00  0.00  0.00  0.00
  0.19  0.20  0.16  0.10  0.10  0.21  0.26  0.34  0.67  1.34  1.53  0.00  1.49  1.31  0.97  0.55  0.46  0.00  0.00  0.14  0.00  0.00  0.00  0.07  0.12  0.11  0.18  0.22  0.22  0.24  0.00  0.22  0.19  0.22  0.15  0.32  0.33  0.34  0.42  0.54  0.38  0.36  0.36  0.13  0.00  0.27  0.00  0.00  0.00  0.00  0.00  0.00  0.00  0.00  0.00  0.00  0.00  0.00  0.00  0.00  0.00  0.00  0.00  0.00
  0.19  0.21  0.19  0.12  0.06  0.20  0.25  0.25  0.66  1.10  1.27  1.21  1.11  0.96  0.80  0.44  0.44  0.49  0.34  0.23  0.10  0.00  0.00  0.18  0.24  0.22  0.27  0.31  0.26  0.00  0.00  0.28  0.29  0.29  0.19  0.35  0.36  0.35  0.43  0.52  0.44  0.48  0.54  0.39  0.54  0.37  0.00  0.00  0.00  0.00  0.00  0.00  0.00  0.00  0.00  0.00  0.00  0.00  0.00  0.00  0.00  0.00  0.00  0.00
  0.47  0.44  0.39  0.25  0.18  0.44  0.51  0.53  0.93  0.00  0.88  0.84  0.74  0.55  0.48  0.44  0.49  0.55  0.68  0.63  0.24  0.00  0.00  0.10  0.26  0.21  0.27  0.27  0.28  0.31  0.63  0.48  0.51  0.46  0.31  0.35  0.35  0.32  0.28  0.33  0.29  0.29  0.23  0.41  0.58  0.39  0.00  0.00  0.00  0.00  0.00  0.00  0.00  0.00  0.00  0.00  0.00  0.00  0.00  0.00  0.00  0.00  0.00  0.00
  0.88  0.00  0.62  0.29  0.20  0.45  0.37  0.41  0.83  0.94  0.81  0.81  0.71  0.54  0.51  0.47  0.53  0.61  0.78  0.76  0.36  0.00  0.00  0.13  0.26  0.27  0.35  0.37  0.43  0.62  0.81  0.62  0.53  0.49  0.27  0.25  0.28  0.27  0.21  0.29  0.33  0.31  0.33  0.51  0.52  0.00  0.00  0.00  0.00  0.00  0.00  0.00  0.00  0.00  0.00  0.00  0.00  0.00  0.00  0.00  0.00  0.00  0.00  0.00
  1.79  0.00  0.90  0.11  0.11  0.22  0.32  0.33  0.55  0.69  0.68  0.66  0.63  0.51  0.42  0.42  0.47  0.51  0.60  0.00  0.32  0.00  0.00  0.22  0.32  0.34  0.43  0.41  0.39  0.49  0.55  0.44  0.50  0.50  0.35  0.28  0.25  0.23  0.15  0.21  0.32  0.44  0.51  0.77  0.85  0.00  0.00  0.00  0.00  0.00  0.00  0.00  0.00  0.00  0.00  0.00  0.00  0.00  0.00  0.00  0.00  0.00  0.00  0.00
  4.29  0.00  2.20  0.16  0.13  0.22  0.29  0.28  0.33  0.41  0.31  0.28  0.27  0.17  0.18  0.35  0.44  0.47  0.59  0.57  0.33  0.00  0.00  0.24  0.35  0.47  0.49  0.42  0.46  0.55  0.52  0.47  0.61  0.56  0.43  0.32  0.34  0.29  0.24  0.28  0.44  0.50  0.61  0.55  0.60  0.00  0.00  0.00  0.00  0.00  0.00  0.00  0.00  0.00  0.00  0.00  0.00  0.00  0.00  0.00  0.00  0.00  0.00  0.00
  9.03  6.50  3.87  0.18  0.14  0.50  0.51  0.50  0.47  0.48  0.17  0.25  0.29  0.25  0.31  0.40  0.36  0.35  0.45  0.38  0.41  0.28  0.27  0.32  0.36  0.36  0.45  0.38  0.49  0.60  0.57  0.46  0.64  0.58  0.51  0.34  0.34  0.29  0.25  0.29  0.40  0.45  0.44  0.42  0.30  0.00  0.00  0.00  0.00  0.00  0.00  0.00  0.00  0.00  0.00  0.00  0.00  0.00  0.00  0.00  0.00  0.00  0.00  0.00
 10.87  0.00  0.00  0.00  0.00  0.34  0.35  0.33  0.34  0.34  0.23  0.36  0.40  0.37  0.42  0.29  0.13  0.08  0.09  0.00  0.25  0.25  0.24  0.28  0.24  0.24  0.34  0.29  0.42  0.57  0.41  0.34  0.55  0.41  0.33  0.28  0.27  0.25  0.24  0.30  0.41  0.45  0.43  0.42  0.31  0.39  0.00  0.00  0.00  0.00  0.00  0.00  0.00  0.00  0.00  0.00  0.00  0.00  0.00  0.00  0.00  0.00  0.00  0.00
  8.33  0.00  0.00  0.74  0.65  0.69  0.65  0.57  0.39  0.35  0.28  0.53  0.55  0.51  0.52  0.40  0.18  0.13  0.24  0.17  0.42  0.32  0.42  0.77  0.76  0.75  0.88  0.72  0.37  0.36  0.34  0.32  0.49  0.36  0.41  0.35  0.33  0.32  0.33  0.31  0.35  0.34  0.34  0.34  0.34  0.42  0.00  0.00  0.00  0.00  0.00  0.00  0.00  0.00  0.00  0.00  0.00  0.00  0.00  0.00  0.00  0.00  0.00  0.00
  6.67  0.00  2.91  0.68  0.59  0.71  0.64  0.60  0.38  0.32  0.22  0.51  0.52  0.49  0.51  0.43  0.23  0.14  0.25  0.17  0.50  0.40  0.44  0.72  0.72  0.66  0.79  0.80  0.00  0.76  0.61  0.56  0.68  0.48  0.44  0.38  0.37  0.31  0.32  0.29  0.32  0.22  0.19  0.20  0.16  0.00  0.00  0.00  0.00  0.00  0.00  0.00  0.00  0.00  0.00  0.00  0.00  0.00  0.00  0.00  0.00  0.00  0.00  0.00
  4.88  3.64  2.92  1.65  1.32  1.03  0.92  0.61  0.35  0.35  0.35  0.56  0.56  0.56  0.51  0.46  0.36  0.30  0.41  0.50  0.66  0.68  0.64  0.86  0.85  0.74  0.68  0.71  0.23  0.27  0.27  0.35  0.45  0.42  0.47  0.44  0.43  0.44  0.44  0.47  0.58  0.55  0.50  0.59  0.40  0.00  0.00  0.00  0.00  0.00  0.00  0.00  0.00  0.00  0.00  0.00  0.00  0.00  0.00  0.00  0.00  0.00  0.00  0.00
  2.84  0.00  2.32  1.75  1.41  1.07  0.92  0.38  0.08  0.08  0.33  0.49  0.53  0.55  0.49  0.49  0.43  0.32  0.56  0.68  0.65  0.66  0.64  0.76  0.72  0.69  0.61  0.63  0.19  0.17  0.28  0.34  0.38  0.39  0.50  0.46  0.45  0.50  0.60  0.59  0.65  0.66  0.64  0.61  0.00  0.00  0.00  0.00  0.00  0.00  0.00  0.00  0.00  0.00  0.00  0.00  0.00  0.00  0.00  0.00  0.00  0.00  0.00  0.00
  1.69  0.00  1.74  1.66  1.41  1.22  1.12  0.57  0.10  0.10  0.25  0.39  0.44  0.44  0.70  0.92  0.97  0.87  1.12  0.74  0.71  0.71  0.76  0.89  0.86  0.74  0.63  0.63  0.16  0.14  0.30  0.37  0.44  0.50  0.92  0.86  0.89  0.97  1.02  0.73  0.70  0.64  0.58  0.55  0.00  0.00  0.00  0.00  0.00  0.00  0.00  0.00  0.00  0.00  0.00  0.00  0.00  0.00  0.00  0.00  0.00  0.00  0.00  0.00
  1.65  1.23  1.59  1.21  1.07  0.80  0.74  0.12  0.00  0.09  0.20  0.20  0.31  0.41  0.73  0.96  0.99  1.03  1.08  0.69  0.72  0.82  0.70  0.56  0.64  0.41  0.44  0.48  0.40  0.28  0.31  0.28  0.44  0.62  1.34  1.70  1.92  2.01  1.89  1.24  0.95  0.74  0.58  0.55  0.00  0.00  0.00  0.00  0.00  0.00  0.00  0.00  0.00  0.00  0.00  0.00  0.00  0.00  0.00  0.00  0.00  0.00  0.00  0.00
  1.50  1.14  1.57  1.32  1.22  1.00  0.91  0.34  0.23  0.21  0.24  0.37  0.48  0.60  0.92  1.18  0.99  1.02  1.06  0.68  0.54  0.69  0.58  0.48  0.63  0.59  0.58  0.58  0.41  0.25  0.25  0.17  0.33  0.85  1.99  2.55  2.80  2.76  2.42  1.62  1.14  0.82  0.66  0.61  0.45  0.40  0.00  0.00  0.00  0.00  0.00  0.00  0.00  0.00  0.00  0.00  0.00  0.00  0.00  0.00  0.00  0.00  0.00  0.00
  0.67  0.70  0.82  0.73  0.67  0.72  0.55  0.31  0.28  0.18  0.11  0.22  0.45  0.59  1.06  1.26  1.04  1.01  0.95  0.53  0.46  0.57  0.44  0.39  0.47  0.46  0.60  0.62  0.38  0.26  0.28  0.31  0.67  2.08  3.39  3.53  3.48  3.24  2.49  1.98  1.34  0.91  0.56  0.49  0.37  0.45  0.00  0.00  0.00  0.00  0.00  0.00  0.00  0.00  0.00  0.00  0.00  0.00  0.00  0.00  0.00  0.00  0.00  0.00
  0.50  0.58  0.51  0.60  0.67  0.60  0.40  0.32  0.27  0.16  0.16  0.25  0.41  0.53  1.03  1.07  0.91  0.96  0.86  0.52  0.48  0.62  0.46  0.58  0.65  0.70  0.69  0.74  0.37  0.40  0.35  0.57  1.15  3.09  3.81  4.25  4.13  3.63  2.87  2.40  1.65  0.95  0.43  0.54  0.00  0.22  0.00  0.00  0.00  0.00  0.00  0.00  0.00  0.00  0.00  0.00  0.00  0.00  0.00  0.00  0.00  0.00  0.00  0.00
  0.98  0.83  0.72  0.67  0.71  0.52  0.33  0.25  0.27  0.18  0.13  0.27  0.43  0.56  0.74  0.75  0.57  0.63  0.62  0.57  0.54  0.67  0.51  0.47  0.51  0.67  0.71  0.80  0.50  0.55  0.33  0.80  2.14  4.32  4.49  5.13  5.16  4.23  3.57  3.34  0.00  1.47  1.01  0.91  0.68  0.48  0.00  0.00  0.00  0.00  0.00  0.00  0.00  0.00  0.00  0.00  0.00  0.00  0.00  0.00  0.00  0.00  0.00  0.00
  0.00  0.72  0.60  0.55  0.00  0.58  0.41  0.32  0.33  0.22  0.13  0.27  0.46  0.54  0.72  0.69  0.59  0.53  0.56  0.56  0.48  0.52  0.38  0.32  0.31  0.47  0.39  0.45  0.38  0.51  0.22  1.01  2.84  5.11  5.42  6.17  5.68  4.65  3.65  3.14  2.36  1.82  1.32  1.19  0.74  0.00  0.00  0.00  0.00  0.00  0.00  0.00  0.00  0.00  0.00  0.00  0.00  0.00  0.00  0.00  0.00  0.00  0.00  0.00
  0.94  0.84  0.68  0.64  0.71  0.56  0.31  0.24  0.25  0.15  0.10  0.15  0.32  0.39  0.54  0.43  0.54  0.48  0.53  0.59  0.66  0.59  0.47  0.37  0.37  0.42  0.40  0.50  0.62  0.68  0.00  1.17  2.95  4.09  4.65  5.46  5.41  4.40  3.48  2.97  2.27  1.80  1.12  0.98  0.60  0.00  0.00  0.00  0.00  0.00  0.00  0.00  0.00  0.00  0.00  0.00  0.00  0.00  0.00  0.00  0.00  0.00  0.00  0.00
  1.04  0.69  0.56  0.54  0.64  0.49  0.32  0.27  0.30  0.17  0.11  0.17  0.24  0.19  0.38  0.28  0.44  0.44  0.60  0.57  0.65  0.57  0.46  0.36  0.45  0.48  0.51  0.71  1.03  1.00  0.99  1.19  2.42  2.72  2.99  3.80  4.30  3.80  3.42  3.05  2.36  1.77  1.11  0.00  0.00  0.00  0.00  0.00  0.00  0.00  0.00  0.00  0.00  0.00  0.00  0.00  0.00  0.00  0.00  0.00  0.00  0.00  0.00  0.00
  0.79  0.54  0.42  0.40  0.51  0.46  0.29  0.34  0.37  0.23  0.10  0.17  0.19  0.13  0.31  0.34  0.61  0.46  0.63  0.54  0.73  0.51  0.54  0.39  0.50  0.48  0.55  0.76  1.13  0.92  0.95  0.91  1.84  2.05  2.41  3.23  3.96  3.57  3.36  3.03  2.30  1.68  1.09  0.00  0.45  0.00  0.00  0.00  0.00  0.00  0.00  0.00  0.00  0.00  0.00  0.00  0.00  0.00  0.00  0.00  0.00  0.00  0.00  0.00
  0.00  0.23  0.18  0.18  0.36  0.42  0.23  0.30  0.36  0.19  0.12  0.12  0.20  0.21  0.42  0.49  0.90  0.63  0.49  0.35  0.62  0.46  0.51  0.48  0.58  0.49  0.53  0.70  0.99  0.74  0.91  0.74  1.00  1.12  1.43  2.13  2.63  2.65  2.45  2.31  1.60  1.29  0.77  0.67  0.25  0.00  0.00  0.00  0.00  0.00  0.00  0.00  0.00  0.00  0.00  0.00  0.00  0.00  0.00  0.00  0.00  0.00  0.00  0.00
  0.00  0.17  0.00  0.15  0.38  0.34  0.13  0.22  0.27  0.12  0.11  0.11  0.12  0.19  0.43  0.52  1.18  1.00  0.83  0.61  0.97  0.67  0.80  0.73  0.85  0.62  0.77  0.89  0.97  0.72  0.89  0.61  0.77  0.98  1.20  1.62  2.30  2.07  1.90  1.82  1.24  0.73  0.49  0.43  0.39  0.00  0.00  0.00  0.00  0.00  0.00  0.00  0.00  0.00  0.00  0.00  0.00  0.00  0.00  0.00  0.00  0.00  0.00  0.00
  0.00  0.00  0.00  0.00  0.00  0.00  0.00  0.11  0.19  0.14  0.18  0.18  0.20  0.28  0.56  0.60  1.32  1.06  0.83  0.55  0.91  0.70  0.88  0.84  0.90  0.68  0.73  0.76  0.79  0.59  0.73  0.56  0.65  0.79  0.97  1.38  1.84  1.65  1.66  1.66  1.00  0.67  0.63  0.00  0.00  0.00  0.00  0.00  0.00  0.00  0.00  0.00  0.00  0.00  0.00  0.00  0.00  0.00  0.00  0.00  0.00  0.00  0.00  0.00
  0.00  0.00  0.00  0.00  0.00  0.00  0.00  0.11  0.11  0.09  0.15  0.15  0.17  0.32  0.39  0.34  0.94  0.82  0.80  0.70  1.05  0.71  0.87  0.85  0.83  0.57  0.64  0.60  0.56  0.47  0.63  0.49  0.57  0.68  0.92  1.25  1.63  1.30  1.34  1.24  0.74  0.53  0.58  0.38  0.00  0.00  0.00  0.00  0.00  0.00  0.00  0.00  0.00  0.00  0.00  0.00  0.00  0.00  0.00  0.00  0.00  0.00  0.00  0.00
  0.16  0.13  0.12  0.00  0.00  0.00  0.00  0.00  0.00  0.00  0.10  0.10  0.21  0.34  0.00  0.32  0.72  0.65  0.68  0.63  0.88  0.61  0.64  0.60  0.57  0.40  0.53  0.49  0.43  0.42  0.63  0.48  0.56  0.70  0.82  0.85  1.02  0.83  0.80  0.85  0.49  0.41  0.43  0.31  0.24  0.00  0.00  0.00  0.00  0.00  0.00  0.00  0.00  0.00  0.00  0.00  0.00  0.00  0.00  0.00  0.00  0.00  0.00  0.00
  0.28  0.25  0.23  0.10  0.14  0.00  0.00  0.00  0.00  0.00  0.22  0.22  0.25  0.20  0.36  0.24  0.65  0.70  0.93  0.75  0.90  0.48  0.47  0.50  0.47  0.38  0.65  0.62  0.46  0.48  0.62  0.40  0.48  0.60  0.63  0.64  0.87  0.67  0.73  0.75  0.52  0.37  0.39  0.25  0.24  0.00  0.00  0.00  0.00  0.00  0.00  0.00  0.00  0.00  0.00  0.00  0.00  0.00  0.00  0.00  0.00  0.00  0.00  0.00
  0.41  0.33  0.00  0.12  0.14  0.00  0.00  0.00  0.12  0.12  0.23  0.25  0.33  0.12  0.26  0.13  0.23  0.33  0.45  0.29  0.36  0.24  0.12  0.30  0.24  0.24  0.48  0.54  0.48  0.50  0.64  0.44  0.44  0.39  0.40  0.38  0.48  0.36  0.56  0.61  0.33  0.27  0.32  0.15  0.09  0.00  0.00  0.00  0.00  0.00  0.00  0.00  0.00  0.00  0.00  0.00  0.00  0.00  0.00  0.00  0.00  0.00  0.00  0.00
  0.56  0.41  0.33  0.00  0.15  0.00  0.14  0.09  0.20  0.20  0.20  0.11  0.18  0.00  0.14  0.14  0.25  0.37  0.54  0.33  0.28  0.14  0.00  0.22  0.19  0.20  0.52  0.62  0.54  0.61  0.70  0.40  0.31  0.25  0.19  0.11  0.30  0.28  0.34  0.46  0.30  0.18  0.21  0.16  0.00  0.00  0.00  0.00  0.00  0.00  0.00  0.00  0.00  0.00  0.00  0.00  0.00  0.00  0.00  0.00  0.00  0.00  0.00  0.00
  0.41  0.00  0.34  0.21  0.37  0.16  0.27  0.00  0.24  0.17  0.17  0.00  0.16  0.00  0.14  0.15  0.15  0.00  0.21  0.00  0.12  0.10  0.09  0.17  0.23  0.18  0.54  0.51  0.53  0.52  0.57  0.25  0.35  0.27  0.20  0.12  0.22  0.10  0.10  0.27  0.21  0.14  0.16  0.14  0.00  0.00  0.00  0.00  0.00  0.00  0.00  0.00  0.00  0.00  0.00  0.00  0.00  0.00  0.00  0.00  0.00  0.00  0.00  0.00
  0.33  0.29  0.28  0.24  0.40  0.18  0.00  0.19  0.28  0.22  0.22  0.12  0.00  0.00  0.23  0.25  0.00  0.00  0.00  0.00  0.24  0.17  0.16  0.23  0.30  0.21  0.57  0.51  0.54  0.41  0.38  0.11  0.24  0.12  0.13  0.00  0.00  0.00  0.12  0.22  0.22  0.10  0.13  0.12  0.00  0.00  0.00  0.00  0.00  0.00  0.00  0.00  0.00  0.00  0.00  0.00  0.00  0.00  0.00  0.00  0.00  0.00  0.00  0.00
  0.26  0.23  0.21  0.14  0.31  0.22  0.44  0.24  0.23  0.14  0.14  0.00  0.00  0.00  0.00  0.00  0.00  0.00  0.00  0.00  0.27  0.19  0.18  0.19  0.29  0.15  0.53  0.42  0.63  0.39  0.34  0.15  0.34  0.18  0.19  0.26  0.27  0.00  0.00  0.20  0.18  0.00  0.00  0.17  0.00  0.00  0.00  0.00  0.00  0.00  0.00  0.00  0.00  0.00  0.00  0.00  0.00  0.00  0.00  0.00  0.00  0.00  0.00  0.00
  0.00  0.00  0.00  0.00  0.00  0.00  0.00  0.00  0.00  0.00  0.00  0.00  0.00  0.00  0.00  0.00  0.00  0.00  0.00  0.00  0.34  0.23  0.23  0.23  0.00  0.00  0.00  0.00  0.00  0.00  0.00  0.00  0.00  0.00  0.00  0.00  0.00  0.00  0.00  0.27  0.27  0.26  0.00  0.00  0.00  0.00  0.00  0.00  0.00  0.00  0.00  0.00  0.00  0.00  0.00  0.00  0.00  0.00  0.00  0.00  0.00  0.00  0.00  0.00
  0.00  0.00  0.00  0.00  0.00  0.00  0.00  0.00  0.00  0.00  0.00  0.00  0.00  0.00  0.00  0.00  0.00  0.00  0.00  0.00  0.00  0.00  0.00  0.00  0.00  0.00  0.00  0.00  0.00  0.00  0.00  0.00  0.00  0.00  0.00  0.00  0.00  0.00  0.00  0.00  0.00  0.00  0.00  0.00  0.00  0.00  0.00  0.00  0.00  0.00  0.00  0.00  0.00  0.00  0.00  0.00  0.00  0.00  0.00  0.00  0.00  0.00  0.00  0.00
  0.00  0.00  0.00  0.00  0.00  0.00  0.00  0.00  0.00  0.00  0.00  0.00  0.00  0.00  0.00  0.00  0.00  0.00  0.00  0.00  0.00  0.00  0.00  0.00  0.00  0.00  0.00  0.00  0.00  0.00  0.00  0.00  0.00  0.00  0.00  0.00  0.00  0.00  0.00  0.00  0.00  0.00  0.00  0.00  0.00  0.00  0.00  0.00  0.00  0.00  0.00  0.00  0.00  0.00  0.00  0.00  0.00  0.00  0.00  0.00  0.00  0.00  0.00  0.00
  0.00  0.00  0.00  0.00  0.00  0.00  0.00  0.00  0.00  0.00  0.00  0.00  0.00  0.00  0.00  0.00  0.00  0.00  0.00  0.00  0.00  0.00  0.00  0.00  0.00  0.00  0.00  0.00  0.00  0.00  0.00  0.00  0.00  0.00  0.00  0.00  0.00  0.00  0.00  0.00  0.00  0.00  0.00  0.00  0.00  0.00  0.00  0.00  0.00  0.00  0.00  0.00  0.00  0.00  0.00  0.00  0.00  0.00  0.00  0.00  0.00  0.00  0.00  0.00
  0.00  0.00  0.00  0.00  0.00  0.00  0.00  0.00  0.00  0.00  0.00  0.00  0.00  0.00  0.00  0.00  0.00  0.00  0.00  0.00  0.00  0.00  0.00  0.00  0.00  0.00  0.00  0.00  0.00  0.00  0.00  0.00  0.00  0.00  0.00  0.00  0.00  0.00  0.00  0.00  0.00  0.00  0.00  0.00  0.00  0.00  0.00  0.00  0.00  0.00  0.00  0.00  0.00  0.00  0.00  0.00  0.00  0.00  0.00  0.00  0.00  0.00  0.00  0.00
  0.00  0.00  0.00  0.00  0.00  0.00  0.00  0.00  0.00  0.00  0.00  0.00  0.00  0.00  0.00  0.00  0.00  0.00  0.00  0.00  0.00  0.00  0.00  0.00  0.00  0.00  0.00  0.00  0.00  0.00  0.00  0.00  0.00  0.00  0.00  0.00  0.00  0.00  0.00  0.00  0.00  0.00  0.00  0.00  0.00  0.00  0.00  0.00  0.00  0.00  0.00  0.00  0.00  0.00  0.00  0.00  0.00  0.00  0.00  0.00  0.00  0.00  0.00  0.00
  0.00  0.00  0.00  0.00  0.00  0.00  0.00  0.00  0.00  0.00  0.00  0.00  0.00  0.00  0.00  0.00  0.00  0.00  0.00  0.00  0.00  0.00  0.00  0.00  0.00  0.00  0.00  0.00  0.00  0.00  0.00  0.00  0.00  0.00  0.00  0.00  0.00  0.00  0.00  0.00  0.00  0.00  0.00  0.00  0.00  0.00  0.00  0.00  0.00  0.00  0.00  0.00  0.00  0.00  0.00  0.00  0.00  0.00  0.00  0.00  0.00  0.00  0.00  0.00
  0.00  0.00  0.00  0.00  0.00  0.00  0.00  0.00  0.00  0.00  0.00  0.00  0.00  0.00  0.00  0.00  0.00  0.00  0.00  0.00  0.00  0.00  0.00  0.00  0.00  0.00  0.00  0.00  0.00  0.00  0.00  0.00  0.00  0.00  0.00  0.00  0.00  0.00  0.00  0.00  0.00  0.00  0.00  0.00  0.00  0.00  0.00  0.00  0.00  0.00  0.00  0.00  0.00  0.00  0.00  0.00  0.00  0.00  0.00  0.00  0.00  0.00  0.00  0.00
  0.00  0.00  0.00  0.00  0.00  0.00  0.00  0.00  0.00  0.00  0.00  0.00  0.00  0.00  0.00  0.00  0.00  0.00  0.00  0.00  0.00  0.00  0.00  0.00  0.00  0.00  0.00  0.00  0.00  0.00  0.00  0.00  0.00  0.00  0.00  0.00  0.00  0.00  0.00  0.00  0.00  0.00  0.00  0.00  0.00  0.00  0.00  0.00  0.00  0.00  0.00  0.00  0.00  0.00  0.00  0.00  0.00  0.00  0.00  0.00  0.00  0.00  0.00  0.00
  0.00  0.00  0.00  0.00  0.00  0.00  0.00  0.00  0.00  0.00  0.00  0.00  0.00  0.00  0.00  0.00  0.00  0.00  0.00  0.00  0.00  0.00  0.00  0.00  0.00  0.00  0.00  0.00  0.00  0.00  0.00  0.00  0.00  0.00  0.00  0.00  0.00  0.00  0.00  0.00  0.00  0.00  0.00  0.00  0.00  0.00  0.00  0.00  0.00  0.00  0.00  0.00  0.00  0.00  0.00  0.00  0.00  0.00  0.00  0.00  0.00  0.00  0.00  0.00
  0.00  0.00  0.00  0.00  0.00  0.00  0.00  0.00  0.00  0.00  0.00  0.00  0.00  0.00  0.00  0.00  0.00  0.00  0.00  0.00  0.00  0.00  0.00  0.00  0.00  0.00  0.00  0.00  0.00  0.00  0.00  0.00  0.00  0.00  0.00  0.00  0.00  0.00  0.00  0.00  0.00  0.00  0.00  0.00  0.00  0.00  0.00  0.00  0.00  0.00  0.00  0.00  0.00  0.00  0.00  0.00  0.00  0.00  0.00  0.00  0.00  0.00  0.00  0.00
  0.00  0.00  0.00  0.00  0.00  0.00  0.00  0.00  0.00  0.00  0.00  0.00  0.00  0.00  0.00  0.00  0.00  0.00  0.00  0.00  0.00  0.00  0.00  0.00  0.00  0.00  0.00  0.00  0.00  0.00  0.00  0.00  0.00  0.00  0.00  0.00  0.00  0.00  0.00  0.00  0.00  0.00  0.00  0.00  0.00  0.00  0.00  0.00  0.00  0.00  0.00  0.00  0.00  0.00  0.00  0.00  0.00  0.00  0.00  0.00  0.00  0.00  0.00  0.00
  0.00  0.00  0.00  0.00  0.00  0.00  0.00  0.00  0.00  0.00  0.00  0.00  0.00  0.00  0.00  0.00  0.00  0.00  0.00  0.00  0.00  0.00  0.00  0.00  0.00  0.00  0.00  0.00  0.00  0.00  0.00  0.00  0.00  0.00  0.00  0.00  0.00  0.00  0.00  0.00  0.00  0.00  0.00  0.00  0.00  0.00  0.00  0.00  0.00  0.00  0.00  0.00  0.00  0.00  0.00  0.00  0.00  0.00  0.00  0.00  0.00  0.00  0.00  0.00
  0.00  0.00  0.00  0.00  0.00  0.00  0.00  0.00  0.00  0.00  0.00  0.00  0.00  0.00  0.00  0.00  0.00  0.00  0.00  0.00  0.00  0.00  0.00  0.00  0.00  0.00  0.00  0.00  0.00  0.00  0.00  0.00  0.00  0.00  0.00  0.00  0.00  0.00  0.00  0.00  0.00  0.00  0.00  0.00  0.00  0.00  0.00  0.00  0.00  0.00  0.00  0.00  0.00  0.00  0.00  0.00  0.00  0.00  0.00  0.00  0.00  0.00  0.00  0.00
  0.00  0.00  0.00  0.00  0.00  0.00  0.00  0.00  0.00  0.00  0.00  0.00  0.00  0.00  0.00  0.00  0.00  0.00  0.00  0.00  0.00  0.00  0.00  0.00  0.00  0.00  0.00  0.00  0.00  0.00  0.00  0.00  0.00  0.00  0.00  0.00  0.00  0.00  0.00  0.00  0.00  0.00  0.00  0.00  0.00  0.00  0.00  0.00  0.00  0.00  0.00  0.00  0.00  0.00  0.00  0.00  0.00  0.00  0.00  0.00  0.00  0.00  0.00  0.00
  0.00  0.00  0.00  0.00  0.00  0.00  0.00  0.00  0.00  0.00  0.00  0.00  0.00  0.00  0.00  0.00  0.00  0.00  0.00  0.00  0.00  0.00  0.00  0.00  0.00  0.00  0.00  0.00  0.00  0.00  0.00  0.00  0.00  0.00  0.00  0.00  0.00  0.00  0.00  0.00  0.00  0.00  0.00  0.00  0.00  0.00  0.00  0.00  0.00  0.00  0.00  0.00  0.00  0.00  0.00  0.00  0.00  0.00  0.00  0.00  0.00  0.00  0.00  0.00
  0.00  0.00  0.00  0.00  0.00  0.00  0.00  0.00  0.00  0.00  0.00  0.00  0.00  0.00  0.00  0.00  0.00  0.00  0.00  0.00  0.00  0.00  0.00  0.00  0.00  0.00  0.00  0.00  0.00  0.00  0.00  0.00  0.00  0.00  0.00  0.00  0.00  0.00  0.00  0.00  0.00  0.00  0.00  0.00  0.00  0.00  0.00  0.00  0.00  0.00  0.00  0.00  0.00  0.00  0.00  0.00  0.00  0.00  0.00  0.00  0.00  0.00  0.00  0.00
  0.00  0.00  0.00  0.00  0.00  0.00  0.00  0.00  0.00  0.00  0.00  0.00  0.00  0.00  0.00  0.00  0.00  0.00  0.00  0.00  0.00  0.00  0.00  0.00  0.00  0.00  0.00  0.00  0.00  0.00  0.00  0.00  0.00  0.00  0.00  0.00  0.00  0.00  0.00  0.00  0.00  0.00  0.00  0.00  0.00  0.00  0.00  0.00  0.00  0.00  0.00  0.00  0.00  0.00  0.00  0.00  0.00  0.00  0.00  0.00  0.00  0.00  0.00  0.00

 density range (Hz): 0.000000 10.869566