Array Size: 64  64
  0.00  0.00  0.32  0.28  0.24  0.11  0.14  0.33  0.54  0.94  1.27  1.31  1.55  1.47  1.42  1.16  1.71  1.60  2.07  2.29  2.51  1.85  1.74  1.40  1.22  0.67  0.62  0.59  1.04  0.77  1.21  1.40  0.00  0.00  0.00  0.00  0.00  0.00  0.00  0.00  0.00  0.00  0.00  0.00  0.00  0.00  0.00  0.00  0.00  0.00  0.00  0.00  0.00  0.00  0.00  0.00  0.00  0.00  0.00  0.00  0.00  0.00  0.00  0.00
  0.00  0.00  0.36  0.41  0.44  0.55  0.71  0.92  0.98  1.44  1.57  1.61  1.89  1.86  1.65  1.43  1.85  1.59  1.88  2.00  2.23  1.96  1.80  1.55  1.40  0.90  0.59  0.56  0.98  0.75  1.51  1.81  2.20  0.00  0.00  0.00  0.00  0.00  0.00  0.00  0.00  0.00  0.00  0.00  0.00  0.00  0.00  0.00  0.00  0.00  0.00  0.00  0.00  0.00  0.00  0.00  0.00  0.00  0.00  0.00  0.00  0.00  0.00  0.00
  0.00  0.36  0.40  0.42  0.52  0.72  1.16  1.35  1.45  1.78  1.94  1.87  2.08  1.94  1.76  1.57  1.81  1.51  1.72  1.76  1.90  1.71  1.60  1.49  1.37  0.92  0.67  0.65  0.91  0.69  1.28  1.42  1.74  0.00  0.00  0.00  0.00  0.00  0.00  0.00  0.00  0.00  0.00  0.00  0.00  0.00  0.00  0.00  0.00  0.00  0.00  0.00  0.00  0.00  0.00  0.00  0.00  0.00  0.00  0.00  0.00  0.00  0.00  0.00
  0.00  0.20  0.25  0.29  0.40  0.61  1.35  1.62  1.73  1.91  2.20  2.06  2.30  2.08  1.92  1.50  1.69  1.17  1.37  1.53  1.73  1.56  1.51  1.42  1.25  0.82  0.55  0.56  0.80  0.61  1.20  1.32  1.56  0.00  0.00  0.00  0.00  0.00  0.00  0.00  0.00  0.00  0.00  0.00  0.00  0.00  0.00  0.00  0.00  0.00  0.00  0.00  0.00  0.00  0.00  0.00  0.00  0.00  0.00  0.00  0.00  0.00  0.00  0.00
  0.00  0.30  0.34  0.35  0.45  0.70  1.69  2.08  2.39  2.47  2.87  2.53  2.59  2.20  2.08  1.50  1.44  0.96  1.06  1.12  1.26  1.28  1.28  1.28  1.12  0.90  0.69  0.62  0.98  0.80  1.27  1.31  1.50  0.00  0.00  0.00  0.00  0.00  0.00  0.00  0.00  0.00  0.00  0.00  0.00  0.00  0.00  0.00  0.00  0.00  0.00  0.00  0.00  0.00  0.00  0.00  0.00  0.00  0.00  0.00  0.00  0.00  0.00  0.00
  0.00  0.38  0.41  0.41  0.58  1.31  2.10  2.66  3.02  3.04  3.20  2.91  2.62  2.09  1.95  1.48  1.39  1.03  0.91  0.94  0.91  1.06  0.98  1.14  0.93  0.91  0.56  0.55  0.47  0.45  0.85  0.89  0.99  0.00  0.00  0.00  0.00  0.00  0.00  0.00  0.00  0.00  0.00  0.00  0.00  0.00  0.00  0.00  0.00  0.00  0.00  0.00  0.00  0.00  0.00  0.00  0.00  0.00  0.00  0.00  0.00  0.00  0.00  0.00
  0.00  0.39  0.31  0.26  0.65  1.30  2.13  2.66  3.09  2.92  3.13  2.78  2.28  1.54  1.50  1.15  1.03  0.83  0.79  0.80  0.61  0.48  0.44  0.71  0.54  0.55  0.49  0.42  0.30  0.00  0.52  0.53  0.63  0.00  0.00  0.00  0.00  0.00  0.00  0.00  0.00  0.00  0.00  0.00  0.00  0.00  0.00  0.00  0.00  0.00  0.00  0.00  0.00  0.00  0.00  0.00  0.00  0.00  0.00  0.00  0.00  0.00  0.00  0.00
  0.00  0.00  0.26  0.28  0.60  1.17  2.07  2.49  2.86  2.71  2.77  2.33  1.83  1.18  1.13  0.89  0.82  0.69  0.66  0.81  0.60  0.53  0.59  0.65  0.44  0.43  0.35  0.26  0.32  0.48  0.55  0.60  0.71  0.00  0.00  0.00  0.00  0.00  0.00  0.00  0.00  0.00  0.00  0.00  0.00  0.00  0.00  0.00  0.00  0.00  0.00  0.00  0.00  0.00  0.00  0.00  0.00  0.00  0.00  0.00  0.00  0.00  0.00  0.00
  0.00  0.40  0.42  0.42  0.87  1.55  2.15  2.44  2.76  2.62  2.38  1.85  1.18  0.65  0.64  0.61  0.58  0.66  0.61  0.75  0.42  0.43  0.46  0.50  0.35  0.39  0.35  0.24  0.35  0.53  0.51  0.54  0.00  0.00  0.00  0.00  0.00  0.00  0.00  0.00  0.00  0.00  0.00  0.00  0.00  0.00  0.00  0.00  0.00  0.00  0.00  0.00  0.00  0.00  0.00  0.00  0.00  0.00  0.00  0.00  0.00  0.00  0.00  0.00
  0.00  0.35  0.35  0.41  0.85  1.39  1.73  1.96  2.07  1.88  1.35  0.95  0.52  0.43  0.39  0.63  0.62  0.69  0.62  0.65  0.31  0.30  0.26  0.25  0.18  0.19  0.24  0.19  0.26  0.44  0.46  0.47  0.00  0.00  0.00  0.00  0.00  0.00  0.00  0.00  0.00  0.00  0.00  0.00  0.00  0.00  0.00  0.00  0.00  0.00  0.00  0.00  0.00  0.00  0.00  0.00  0.00  0.00  0.00  0.00  0.00  0.00  0.00  0.00
  0.24  0.27  0.32  0.51  0.94  1.19  1.65  1.74  1.79  1.49  1.78  1.33  1.27  1.14  1.15  0.52  0.51  0.44  0.55  0.51  0.24  0.23  0.30  0.40  0.38  0.34  0.37  0.38  0.32  0.47  0.57  0.63  0.77  0.00  0.00  0.00  0.00  0.00  0.00  0.00  0.00  0.00  0.00  0.00  0.00  0.00  0.00  0.00  0.00  0.00  0.00  0.00  0.00  0.00  0.00  0.00  0.00  0.00  0.00  0.00  0.00  0.00  0.00  0.00
  0.22  0.33  0.37  0.66  0.98  1.18  1.60  1.67  1.75  1.48  1.76  1.26  1.21  1.26  1.29  0.29  0.35  0.33  0.38  0.43  0.37  0.35  0.41  0.48  0.40  0.33  0.41  0.48  0.40  0.45  0.54  0.50  0.34  0.00  0.00  0.00  0.00  0.00  0.00  0.00  0.00  0.00  0.00  0.00  0.00  0.00  0.00  0.00  0.00  0.00  0.00  0.00  0.00  0.00  0.00  0.00  0.00  0.00  0.00  0.00  0.00  0.00  0.00  0.00
  0.22  0.38  0.45  0.72  1.08  1.31  1.53  1.58  1.64  1.26  1.50  1.16  1.21  1.28  1.37  0.19  0.26  0.16  0.22  0.34  0.43  0.33  0.32  0.40  0.40  0.34  0.48  0.61  0.58  0.51  0.60  0.59  0.55  0.00  0.00  0.00  0.00  0.00  0.00  0.00  0.00  0.00  0.00  0.00  0.00  0.00  0.00  0.00  0.00  0.00  0.00  0.00  0.00  0.00  0.00  0.00  0.00  0.00  0.00  0.00  0.00  0.00  0.00  0.00
  0.24  0.32  0.44  0.70  0.96  1.10  1.35  1.33  1.42  1.12  1.46  1.12  1.20  1.22  1.33  0.50  0.57  0.50  0.52  0.57  0.55  0.58  0.74  0.89  0.88  0.78  0.81  0.81  0.70  0.61  0.67  0.68  0.59  0.00  0.00  0.00  0.00  0.00  0.00  0.00  0.00  0.00  0.00  0.00  0.00  0.00  0.00  0.00  0.00  0.00  0.00  0.00  0.00  0.00  0.00  0.00  0.00  0.00  0.00  0.00  0.00  0.00  0.00  0.00
  0.12  0.24  0.39  0.65  0.91  1.06  1.31  1.28  1.32  1.01  1.28  1.03  1.12  1.17  1.24  0.59  0.55  0.54  0.57  0.64  0.65  0.75  0.83  0.91  0.89  0.73  0.75  0.78  0.75  0.63  0.71  0.70  0.62  0.00  0.00  0.00  0.00  0.00  0.00  0.00  0.00  0.00  0.00  0.00  0.00  0.00  0.00  0.00  0.00  0.00  0.00  0.00  0.00  0.00  0.00  0.00  0.00  0.00  0.00  0.00  0.00  0.00  0.00  0.00
  0.29  0.27  0.37  0.49  0.66  0.81  0.95  0.89  0.87  0.69  0.51  0.36  0.47  0.55  0.61  0.70  0.64  0.58  0.50  0.52  0.46  0.74  0.94  0.90  0.91  0.81  0.68  0.49  0.69  0.55  0.61  0.60  0.62  0.00  0.00  0.00  0.00  0.00  0.00  0.00  0.00  0.00  0.00  0.00  0.00  0.00  0.00  0.00  0.00  0.00  0.00  0.00  0.00  0.00  0.00  0.00  0.00  0.00  0.00  0.00  0.00  0.00  0.00  0.00
  0.28  0.18  0.30  0.27  0.39  0.54  0.56  0.53  0.57  0.42  0.23  0.32  0.37  0.48  0.68  0.85  0.85  0.82  0.70  0.55  0.38  0.56  0.77  0.69  0.78  0.75  0.55  0.35  0.58  0.44  0.50  0.56  0.60  0.00  0.00  0.00  0.00  0.00  0.00  0.00  0.00  0.00  0.00  0.00  0.00  0.00  0.00  0.00  0.00  0.00  0.00  0.00  0.00  0.00  0.00  0.00  0.00  0.00  0.00  0.00  0.00  0.00  0.00  0.00
  0.25  0.15  0.22  0.16  0.14  0.19  0.20  0.21  0.26  0.27  0.19  0.33  0.33  0.47  0.63  0.86  0.81  0.88  0.75  0.55  0.32  0.50  0.75  0.65  0.65  0.65  0.46  0.21  0.32  0.31  0.35  0.38  0.35  0.00  0.00  0.00  0.00  0.00  0.00  0.00  0.00  0.00  0.00  0.00  0.00  0.00  0.00  0.00  0.00  0.00  0.00  0.00  0.00  0.00  0.00  0.00  0.00  0.00  0.00  0.00  0.00  0.00  0.00  0.00
  0.11  0.07  0.11  0.05  0.05  0.10  0.11  0.17  0.15  0.24  0.22  0.33  0.33  0.53  0.57  0.62  0.56  0.57  0.44  0.30  0.29  0.33  0.38  0.34  0.36  0.38  0.38  0.28  0.21  0.21  0.25  0.12  0.15  0.00  0.00  0.00  0.00  0.00  0.00  0.00  0.00  0.00  0.00  0.00  0.00  0.00  0.00  0.00  0.00  0.00  0.00  0.00  0.00  0.00  0.00  0.00  0.00  0.00  0.00  0.00  0.00  0.00  0.00  0.00
  0.18  0.12  0.15  0.09  0.09  0.19  0.20  0.21  0.20  0.32  0.20  0.30  0.32  0.45  0.48  0.47  0.46  0.49  0.33  0.17  0.15  0.19  0.23  0.31  0.33  0.37  0.31  0.22  0.08  0.08  0.10  0.00  0.00  0.00  0.00  0.00  0.00  0.00  0.00  0.00  0.00  0.00  0.00  0.00  0.00  0.00  0.00  0.00  0.00  0.00  0.00  0.00  0.00  0.00  0.00  0.00  0.00  0.00  0.00  0.00  0.00  0.00  0.00  0.00
  0.16  0.11  0.14  0.13  0.09  0.23  0.23  0.24  0.24  0.34  0.24  0.35  0.30  0.43  0.41  0.35  0.30  0.41  0.25  0.23  0.31  0.23  0.21  0.29  0.32  0.25  0.44  0.46  0.30  0.25  0.29  0.00  0.00  0.00  0.00  0.00  0.00  0.00  0.00  0.00  0.00  0.00  0.00  0.00  0.00  0.00  0.00  0.00  0.00  0.00  0.00  0.00  0.00  0.00  0.00  0.00  0.00  0.00  0.00  0.00  0.00  0.00  0.00  0.00
  0.23  0.17  0.23  0.25  0.22  0.31  0.31  0.22  0.18  0.28  0.18  0.24  0.25  0.34  0.26  0.18  0.12  0.20  0.08  0.18  0.30  0.28  0.32  0.40  0.44  0.32  0.51  0.45  0.28  0.22  0.28  0.00  0.00  0.00  0.00  0.00  0.00  0.00  0.00  0.00  0.00  0.00  0.00  0.00  0.00  0.00  0.00  0.00  0.00  0.00  0.00  0.00  0.00  0.00  0.00  0.00  0.00  0.00  0.00  0.00  0.00  0.00  0.00  0.00
  0.24  0.19  0.24  0.28  0.25  0.27  0.27  0.17  0.17  0.31  0.26  0.33  0.57  0.62  0.55  0.57  0.58  0.49  0.59  0.48  0.46  0.44  0.51  0.62  0.75  0.80  0.86  0.63  0.30  0.24  0.23  0.00  0.00  0.00  0.00  0.00  0.00  0.00  0.00  0.00  0.00  0.00  0.00  0.00  0.00  0.00  0.00  0.00  0.00  0.00  0.00  0.00  0.00  0.00  0.00  0.00  0.00  0.00  0.00  0.00  0.00  0.00  0.00  0.00
  0.22  0.18  0.26  0.29  0.29  0.38  0.38  0.24  0.29  0.36  0.27  0.45  0.75  0.68  0.73  0.79  0.69  0.59  0.75  0.60  0.50  0.51  0.58  0.59  0.66  0.83  1.05  0.81  0.63  0.64  0.68  0.31  0.00  0.00  0.00  0.00  0.00  0.00  0.00  0.00  0.00  0.00  0.00  0.00  0.00  0.00  0.00  0.00  0.00  0.00  0.00  0.00  0.00  0.00  0.00  0.00  0.00  0.00  0.00  0.00  0.00  0.00  0.00  0.00
  0.19  0.15  0.25  0.28  0.28  0.39  0.39  0.32  0.42  0.52  0.50  0.70  0.98  0.87  0.88  0.97  1.00  0.71  0.78  0.67  0.54  0.55  0.69  0.87  1.03  1.47  1.66  1.35  1.00  1.00  0.95  0.44  0.00  0.00  0.00  0.00  0.00  0.00  0.00  0.00  0.00  0.00  0.00  0.00  0.00  0.00  0.00  0.00  0.00  0.00  0.00  0.00  0.00  0.00  0.00  0.00  0.00  0.00  0.00  0.00  0.00  0.00  0.00  0.00
  0.21  0.22  0.37  0.50  0.66  0.70  0.68  0.59  0.56  0.59  0.57  0.75  1.14  1.11  1.18  1.34  1.34  0.83  0.83  0.69  0.52  0.58  0.84  1.23  1.76  2.51  2.79  2.28  1.74  1.48  1.38  0.65  0.00  0.00  0.00  0.00  0.00  0.00  0.00  0.00  0.00  0.00  0.00  0.00  0.00  0.00  0.00  0.00  0.00  0.00  0.00  0.00  0.00  0.00  0.00  0.00  0.00  0.00  0.00  0.00  0.00  0.00  0.00  0.00
  0.14  0.17  0.27  0.35  0.50  0.59  0.55  0.69  0.74  0.74  0.73  0.87  1.16  1.11  1.15  1.23  1.34  1.04  1.02  0.95  0.74  0.75  0.91  1.32  1.85  3.06  3.65  3.24  2.66  2.24  1.84  0.98  0.80  0.00  0.00  0.00  0.00  0.00  0.00  0.00  0.00  0.00  0.00  0.00  0.00  0.00  0.00  0.00  0.00  0.00  0.00  0.00  0.00  0.00  0.00  0.00  0.00  0.00  0.00  0.00  0.00  0.00  0.00  0.00
  0.08  0.13  0.25  0.31  0.50  0.59  0.53  0.76  0.77  0.68  0.71  0.89  0.98  0.96  1.00  1.11  1.13  0.91  0.89  0.91  0.84  0.92  1.09  1.61  2.15  3.26  4.26  3.98  3.30  2.93  2.47  1.18  0.00  0.00  0.00  0.00  0.00  0.00  0.00  0.00  0.00  0.00  0.00  0.00  0.00  0.00  0.00  0.00  0.00  0.00  0.00  0.00  0.00  0.00  0.00  0.00  0.00  0.00  0.00  0.00  0.00  0.00  0.00  0.00
  0.10  0.14  0.22  0.28  0.49  0.51  0.46  0.72  0.70  0.61  0.66  0.78  0.90  0.93  0.94  1.05  1.18  0.84  0.79  0.86  0.90  0.99  1.38  2.30  2.84  3.75  4.62  4.29  3.52  3.15  2.55  1.23  0.79  0.00  0.00  0.00  0.00  0.00  0.00  0.00  0.00  0.00  0.00  0.00  0.00  0.00  0.00  0.00  0.00  0.00  0.00  0.00  0.00  0.00  0.00  0.00  0.00  0.00  0.00  0.00  0.00  0.00  0.00  0.00
  0.30  0.36  0.45  0.43  0.59  0.52  0.43  0.56  0.54  0.44  0.52  0.65  0.75  0.86  1.09  1.19  1.26  1.01  0.96  0.89  0.96  1.05  1.53  2.48  3.62  4.48  5.25  4.87  4.18  3.36  2.62  1.41  0.00  0.00  0.00  0.00  0.00  0.00  0.00  0.00  0.00  0.00  0.00  0.00  0.00  0.00  0.00  0.00  0.00  0.00  0.00  0.00  0.00  0.00  0.00  0.00  0.00  0.00  0.00  0.00  0.00  0.00  0.00  0.00
  0.28  0.26  0.36  0.27  0.32  0.34  0.30  0.40  0.51  0.43  0.54  0.61  0.65  0.65  0.87  0.87  0.97  0.90  0.85  0.83  0.91  0.99  1.22  2.00  3.90  4.91  5.67  5.31  4.87  3.46  2.38  1.35  0.00  0.00  0.00  0.00  0.00  0.00  0.00  0.00  0.00  0.00  0.00  0.00  0.00  0.00  0.00  0.00  0.00  0.00  0.00  0.00  0.00  0.00  0.00  0.00  0.00  0.00  0.00  0.00  0.00  0.00  0.00  0.00
  0.48  0.38  0.45  0.34  0.38  0.43  0.41  0.39  0.43  0.35  0.38  0.44  0.50  0.54  0.74  0.77  0.81  0.72  0.68  0.59  0.65  0.81  1.14  2.06  3.95  4.72  5.19  4.79  4.55  2.99  2.11  1.24  0.00  0.00  0.00  0.00  0.00  0.00  0.00  0.00  0.00  0.00  0.00  0.00  0.00  0.00  0.00  0.00  0.00  0.00  0.00  0.00  0.00  0.00  0.00  0.00  0.00  0.00  0.00  0.00  0.00  0.00  0.00  0.00
  0.65  0.56  0.57  0.49  0.45  0.41  0.39  0.36  0.39  0.38  0.41  0.40  0.47  0.50  0.73  0.68  0.74  0.66  0.64  0.49  0.47  0.54  0.77  1.35  3.20  3.85  4.40  4.31  4.28  2.66  1.78  1.29  1.41  0.00  0.00  0.00  0.00  0.00  0.00  0.00  0.00  0.00  0.00  0.00  0.00  0.00  0.00  0.00  0.00  0.00  0.00  0.00  0.00  0.00  0.00  0.00  0.00  0.00  0.00  0.00  0.00  0.00  0.00  0.00
  0.64  0.57  0.57  0.50  0.41  0.40  0.38  0.34  0.36  0.39  0.39  0.38  0.45  0.48  0.71  0.65  0.67  0.66  0.63  0.51  0.54  0.72  0.88  1.31  2.99  3.52  3.92  3.93  4.05  2.27  1.40  1.10  1.32  0.00  0.00  0.00  0.00  0.00  0.00  0.00  0.00  0.00  0.00  0.00  0.00  0.00  0.00  0.00  0.00  0.00  0.00  0.00  0.00  0.00  0.00  0.00  0.00  0.00  0.00  0.00  0.00  0.00  0.00  0.00
  0.49  0.41  0.40  0.48  0.39  0.43  0.46  0.43  0.37  0.39  0.39  0.41  0.50  0.47  0.50  0.42  0.38  0.34  0.34  0.41  0.47  0.67  0.83  1.15  2.29  2.68  3.05  3.03  3.20  1.80  1.19  0.80  1.07  0.00  0.00  0.00  0.00  0.00  0.00  0.00  0.00  0.00  0.00  0.00  0.00  0.00  0.00  0.00  0.00  0.00  0.00  0.00  0.00  0.00  0.00  0.00  0.00  0.00  0.00  0.00  0.00  0.00  0.00  0.00
  0.44  0.39  0.34  0.44  0.39  0.36  0.38  0.46  0.35  0.40  0.38  0.42  0.44  0.45  0.45  0.40  0.33  0.34  0.37  0.43  0.51  0.72  0.82  1.11  1.56  1.80  2.02  2.12  2.13  1.71  1.37  1.10  1.21  0.00  0.00  0.00  0.00  0.00  0.00  0.00  0.00  0.00  0.00  0.00  0.00  0.00  0.00  0.00  0.00  0.00  0.00  0.00  0.00  0.00  0.00  0.00  0.00  0.00  0.00  0.00  0.00  0.00  0.00  0.00
  0.25  0.26  0.23  0.39  0.34  0.28  0.34  0.41  0.31  0.37  0.41  0.46  0.53  0.55  0.64  0.59  0.49  0.41  0.45  0.44  0.55  0.73  0.82  0.97  1.38  1.53  1.69  1.82  1.89  1.55  1.31  1.07  1.20  0.00  0.00  0.00  0.00  0.00  0.00  0.00  0.00  0.00  0.00  0.00  0.00  0.00  0.00  0.00  0.00  0.00  0.00  0.00  0.00  0.00  0.00  0.00  0.00  0.00  0.00  0.00  0.00  0.00  0.00  0.00
  0.09  0.08  0.07  0.16  0.14  0.29  0.40  0.43  0.35  0.40  0.37  0.45  0.58  0.57  0.60  0.55  0.43  0.31  0.35  0.39  0.50  0.67  0.79  0.91  1.03  1.13  1.16  1.20  1.25  1.15  1.05  0.92  0.60  0.00  0.00  0.00  0.00  0.00  0.00  0.00  0.00  0.00  0.00  0.00  0.00  0.00  0.00  0.00  0.00  0.00  0.00  0.00  0.00  0.00  0.00  0.00  0.00  0.00  0.00  0.00  0.00  0.00  0.00  0.00
  0.10  0.08  0.07  0.26  0.24  0.33  0.48  0.54  0.40  0.42  0.44  0.54  0.59  0.57  0.62  0.66  0.44  0.41  0.45  0.45  0.34  0.48  0.55  0.65  0.83  0.89  0.92  1.02  1.07  0.96  1.08  1.16  1.05  0.00  0.00  0.00  0.00  0.00  0.00  0.00  0.00  0.00  0.00  0.00  0.00  0.00  0.00  0.00  0.00  0.00  0.00  0.00  0.00  0.00  0.00  0.00  0.00  0.00  0.00  0.00  0.00  0.00  0.00  0.00
  0.10  0.08  0.07  0.09  0.16  0.00  0.43  0.54  0.47  0.43  0.42  0.43  0.45  0.46  0.63  0.69  0.60  0.56  0.59  0.46  0.37  0.40  0.35  0.36  0.45  0.47  0.50  0.69  0.80  0.82  0.98  1.13  0.87  0.00  0.00  0.00  0.00  0.00  0.00  0.00  0.00  0.00  0.00  0.00  0.00  0.00  0.00  0.00  0.00  0.00  0.00  0.00  0.00  0.00  0.00  0.00  0.00  0.00  0.00  0.00  0.00  0.00  0.00  0.00
  0.09  0.07  0.07  0.09  0.17  0.29  0.48  0.47  0.42  0.33  0.25  0.27  0.32  0.27  0.53  0.70  0.61  0.51  0.55  0.42  0.26  0.27  0.32  0.20  0.29  0.31  0.29  0.35  0.47  0.46  0.53  0.59  0.51  0.00  0.00  0.00  0.00  0.00  0.00  0.00  0.00  0.00  0.00  0.00  0.00  0.00  0.00  0.00  0.00  0.00  0.00  0.00  0.00  0.00  0.00  0.00  0.00  0.00  0.00  0.00  0.00  0.00  0.00  0.00
  0.30  0.23  0.19  0.32  0.41  0.41  0.58  0.61  0.54  0.42  0.43  0.45  0.45  0.36  0.40  0.00  0.40  0.38  0.44  0.44  0.26  0.36  0.40  0.18  0.16  0.29  0.23  0.25  0.30  0.40  0.33  0.38  0.37  0.00  0.00  0.00  0.00  0.00  0.00  0.00  0.00  0.00  0.00  0.00  0.00  0.00  0.00  0.00  0.00  0.00  0.00  0.00  0.00  0.00  0.00  0.00  0.00  0.00  0.00  0.00  0.00  0.00  0.00  0.00
  0.23  0.24  0.20  0.34  0.44  0.37  0.00  0.00  0.38  0.42  0.56  0.56  0.51  0.54  0.36  0.40  0.38  0.42  0.48  0.49  0.50  0.74  0.57  0.32  0.29  0.32  0.26  0.27  0.37  0.49  0.38  0.33  0.43  0.00  0.00  0.00  0.00  0.00  0.00  0.00  0.00  0.00  0.00  0.00  0.00  0.00  0.00  0.00  0.00  0.00  0.00  0.00  0.00  0.00  0.00  0.00  0.00  0.00  0.00  0.00  0.00  0.00  0.00  0.00
  0.42  0.37  0.30  0.27  0.37  0.28  0.26  0.36  0.40  0.45  0.61  0.58  0.57  0.54  0.40  0.27  0.29  0.33  0.40  0.37  0.52  0.64  0.53  0.29  0.26  0.31  0.30  0.31  0.40  0.44  0.23  0.11  0.00  0.00  0.00  0.00  0.00  0.00  0.00  0.00  0.00  0.00  0.00  0.00  0.00  0.00  0.00  0.00  0.00  0.00  0.00  0.00  0.00  0.00  0.00  0.00  0.00  0.00  0.00  0.00  0.00  0.00  0.00  0.00
  0.00  0.47  0.37  0.34  0.39  0.23  0.17  0.27  0.28  0.60  0.78  0.75  0.70  0.65  0.30  0.21  0.17  0.24  0.32  0.37  0.52  0.74  0.62  0.35  0.31  0.37  0.29  0.31  0.41  0.47  0.20  0.14  0.19  0.00  0.00  0.00  0.00  0.00  0.00  0.00  0.00  0.00  0.00  0.00  0.00  0.00  0.00  0.00  0.00  0.00  0.00  0.00  0.00  0.00  0.00  0.00  0.00  0.00  0.00  0.00  0.00  0.00  0.00  0.00
  0.74  0.62  0.48  0.41  0.48  0.28  0.21  0.34  0.41  0.78  1.07  1.03  0.97  0.87  0.44  0.14  0.12  0.21  0.32  0.36  0.70  0.95  0.81  0.50  0.48  0.48  0.36  0.38  0.50  0.53  0.29  0.21  0.00  0.00  0.00  0.00  0.00  0.00  0.00  0.00  0.00  0.00  0.00  0.00  0.00  0.00  0.00  0.00  0.00  0.00  0.00  0.00  0.00  0.00  0.00  0.00  0.00  0.00  0.00  0.00  0.00  0.00  0.00  0.00
  0.00  0.00  0.00  0.00  0.00  0.00  0.00  0.00  0.00  0.00  0.00  0.00  0.00  0.00  0.00  0.00  0.00  0.00  0.00  0.00  0.00  0.00  0.00  0.00  0.00  0.00  0.00  0.00  0.00  0.00  0.00  0.00  0.00  0.00  0.00  0.00  0.00  0.00  0.00  0.00  0.00  0.00  0.00  0.00  0.00  0.00  0.00  0.00  0.00  0.00  0.00  0.00  0.00  0.00  0.00  0.00  0.00  0.00  0.00  0.00  0.00  0.00  0.00  0.00
  0.00  0.00  0.00  0.00  0.00  0.00  0.00  0.00  0.00  0.00  0.00  0.00  0.00  0.00  0.00  0.00  0.00  0.00  0.00  0.00  0.00  0.00  0.00  0.00  0.00  0.00  0.00  0.00  0.00  0.00  0.00  0.00  0.00  0.00  0.00  0.00  0.00  0.00  0.00  0.00  0.00  0.00  0.00  0.00  0.00  0.00  0.00  0.00  0.00  0.00  0.00  0.00  0.00  0.00  0.00  0.00  0.00  0.00  0.00  0.00  0.00  0.00  0.00  0.00
  0.00  0.00  0.00  0.00  0.00  0.00  0.00  0.00  0.00  0.00  0.00  0.00  0.00  0.00  0.00  0.00  0.00  0.00  0.00  0.00  0.00  0.00  0.00  0.00  0.00  0.00  0.00  0.00  0.00  0.00  0.00  0.00  0.00  0.00  0.00  0.00  0.00  0.00  0.00  0.00  0.00  0.00  0.00  0.00  0.00  0.00  0.00  0.00  0.00  0.00  0.00  0.00  0.00  0.00  0.00  0.00  0.00  0.00  0.00  0.00  0.00  0.00  0.00  0.00
  0.00  0.00  0.00  0.00  0.00  0.00  0.00  0.00  0.00  0.00  0.00  0.00  0.00  0.00  0.00  0.00  0.00  0.00  0.00  0.00  0.00  0.00  0.00  0.00  0.00  0.00  0.00  0.00  0.00  0.00  0.00  0.00  0.00  0.00  0.00  0.00  0.00  0.00  0.00  0.00  0.00  0.00  0.00  0.00  0.00  0.00  0.00  0.00  0.00  0.00  0.00  0.00  0.00  0.00  0.00  0.00  0.00  0.00  0.00  0.00  0.00  0.00  0.00  0.00
  0.00  0.00  0.00  0.00  0.00  0.00  0.00  0.00  0.00  0.00  0.00  0.00  0.00  0.00  0.00  0.00  0.00  0.00  0.00  0.00  0.00  0.00  0.00  0.00  0.00  0.00  0.00  0.00  0.00  0.00  0.00  0.00  0.00  0.00  0.00  0.00  0.00  0.00  0.00  0.00  0.00  0.00  0.00  0.00  0.00  0.00  0.00  0.00  0.00  0.00  0.00  0.00  0.00  0.00  0.00  0.00  0.00  0.00  0.00  0.00  0.00  0.00  0.00  0.00
  0.00  0.00  0.00  0.00  0.00  0.00  0.00  0.00  0.00  0.00  0.00  0.00  0.00  0.00  0.00  0.00  0.00  0.00  0.00  0.00  0.00  0.00  0.00  0.00  0.00  0.00  0.00  0.00  0.00  0.00  0.00  0.00  0.00  0.00  0.00  0.00  0.00  0.00  0.00  0.00  0.00  0.00  0.00  0.00  0.00  0.00  0.00  0.00  0.00  0.00  0.00  0.00  0.00  0.00  0.00  0.00  0.00  0.00  0.00  0.00  0.00  0.00  0.00  0.00
  0.00  0.00  0.00  0.00  0.00  0.00  0.00  0.00  0.00  0.00  0.00  0.00  0.00  0.00  0.00  0.00  0.00  0.00  0.00  0.00  0.00  0.00  0.00  0.00  0.00  0.00  0.00  0.00  0.00  0.00  0.00  0.00  0.00  0.00  0.00  0.00  0.00  0.00  0.00  0.00  0.00  0.00  0.00  0.00  0.00  0.00  0.00  0.00  0.00  0.00  0.00  0.00  0.00  0.00  0.00  0.00  0.00  0.00  0.00  0.00  0.00  0.00  0.00  0.00
  0.00  0.00  0.00  0.00  0.00  0.00  0.00  0.00  0.00  0.00  0.00  0.00  0.00  0.00  0.00  0.00  0.00  0.00  0.00  0.00  0.00  0.00  0.00  0.00  0.00  0.00  0.00  0.00  0.00  0.00  0.00  0.00  0.00  0.00  0.00  0.00  0.00  0.00  0.00  0.00  0.00  0.00  0.00  0.00  0.00  0.00  0.00  0.00  0.00  0.00  0.00  0.00  0.00  0.00  0.00  0.00  0.00  0.00  0.00  0.00  0.00  0.00  0.00  0.00
  0.00  0.00  0.00  0.00  0.00  0.00  0.00  0.00  0.00  0.00  0.00  0.00  0.00  0.00  0.00  0.00  0.00  0.00  0.00  0.00  0.00  0.00  0.00  0.00  0.00  0.00  0.00  0.00  0.00  0.00  0.00  0.00  0.00  0.00  0.00  0.00  0.00  0.00  0.00  0.00  0.00  0.00  0.00  0.00  0.00  0.00  0.00  0.00  0.00  0.00  0.00  0.00  0.00  0.00  0.00  0.00  0.00  0.00  0.00  0.00  0.00  0.00  0.00  0.00
  0.00  0.00  0.00  0.00  0.00  0.00  0.00  0.00  0.00  0.00  0.00  0.00  0.00  0.00  0.00  0.00  0.00  0.00  0.00  0.00  0.00  0.00  0.00  0.00  0.00  0.00  0.00  0.00  0.00  0.00  0.00  0.00  0.00  0.00  0.00  0.00  0.00  0.00  0.00  0.00  0.00  0.00  0.00  0.00  0.00  0.00  0.00  0.00  0.00  0.00  0.00  0.00  0.00  0.00  0.00  0.00  0.00  0.00  0.00  0.00  0.00  0.00  0.00  0.00
  0.00  0.00  0.00  0.00  0.00  0.00  0.00  0.00  0.00  0.00  0.00  0.00  0.00  0.00  0.00  0.00  0.00  0.00  0.00  0.00  0.00  0.00  0.00  0.00  0.00  0.00  0.00  0.00  0.00  0.00  0.00  0.00  0.00  0.00  0.00  0.00  0.00  0.00  0.00  0.00  0.00  0.00  0.00  0.00  0.00  0.00  0.00  0.00  0.00  0.00  0.00  0.00  0.00  0.00  0.00  0.00  0.00  0.00  0.00  0.00  0.00  0.00  0.00  0.00
  0.00  0.00  0.00  0.00  0.00  0.00  0.00  0.00  0.00  0.00  0.00  0.00  0.00  0.00  0.00  0.00  0.00  0.00  0.00  0.00  0.00  0.00  0.00  0.00  0.00  0.00  0.00  0.00  0.00  0.00  0.00  0.00  0.00  0.00  0.00  0.00  0.00  0.00  0.00  0.00  0.00  0.00  0.00  0.00  0.00  0.00  0.00  0.00  0.00  0.00  0.00  0.00  0.00  0.00  0.00  0.00  0.00  0.00  0.00  0.00  0.00  0.00  0.00  0.00
  0.00  0.00  0.00  0.00  0.00  0.00  0.00  0.00  0.00  0.00  0.00  0.00  0.00  0.00  0.00  0.00  0.00  0.00  0.00  0.00  0.00  0.00  0.00  0.00  0.00  0.00  0.00  0.00  0.00  0.00  0.00  0.00  0.00  0.00  0.00  0.00  0.00  0.00  0.00  0.00  0.00  0.00  0.00  0.00  0.00  0.00  0.00  0.00  0.00  0.00  0.00  0.00  0.00  0.00  0.00  0.00  0.00  0.00  0.00  0.00  0.00  0.00  0.00  0.00
  0.00  0.00  0.00  0.00  0.00  0.00  0.00  0.00  0.00  0.00  0.00  0.00  0.00  0.00  0.00  0.00  0.00  0.00  0.00  0.00  0.00  0.00  0.00  0.00  0.00  0.00  0.00  0.00  0.00  0.00  0.00  0.00  0.00  0.00  0.00  0.00  0.00  0.00  0.00  0.00  0.00  0.00  0.00  0.00  0.00  0.00  0.00  0.00  0.00  0.00  0.00  0.00  0.00  0.00  0.00  0.00  0.00  0.00  0.00  0.00  0.00  0.00  0.00  0.00
  0.00  0.00  0.00  0.00  0.00  0.00  0.00  0.00  0.00  0.00  0.00  0.00  0.00  0.00  0.00  0.00  0.00  0.00  0.00  0.00  0.00  0.00  0.00  0.00  0.00  0.00  0.00  0.00  0.00  0.00  0.00  0.00  0.00  0.00  0.00  0.00  0.00  0.00  0.00  0.00  0.00  0.00  0.00  0.00  0.00  0.00  0.00  0.00  0.00  0.00  0.00  0.00  0.00  0.00  0.00  0.00  0.00  0.00  0.00  0.00  0.00  0.00  0.00  0.00
  0.00  0.00  0.00  0.00  0.00  0.00  0.00  0.00  0.00  0.00  0.00  0.00  0.00  0.00  0.00  0.00  0.00  0.00  0.00  0.00  0.00  0.00  0.00  0.00  0.00  0.00  0.00  0.00  0.00  0.00  0.00  0.00  0.00  0.00  0.00  0.00  0.00  0.00  0.00  0.00  0.00  0.00  0.00  0.00  0.00  0.00  0.00  0.00  0.00  0.00  0.00  0.00  0.00  0.00  0.00  0.00  0.00  0.00  0.00  0.00  0.00  0.00  0.00  0.00
  0.00  0.00  0.00  0.00  0.00  0.00  0.00  0.00  0.00  0.00  0.00  0.00  0.00  0.00  0.00  0.00  0.00  0.00  0.00  0.00  0.00  0.00  0.00  0.00  0.00  0.00  0.00  0.00  0.00  0.00  0.00  0.00  0.00  0.00  0.00  0.00  0.00  0.00  0.00  0.00  0.00  0.00  0.00  0.00  0.00  0.00  0.00  0.00  0.00  0.00  0.00  0.00  0.00  0.00  0.00  0.00  0.00  0.00  0.00  0.00  0.00  0.00  0.00  0.00
  0.00  0.00  0.00  0.00  0.00  0.00  0.00  0.00  0.00  0.00  0.00  0.00  0.00  0.00  0.00  0.00  0.00  0.00  0.00  0.00  0.00  0.00  0.00  0.00  0.00  0.00  0.00  0.00  0.00  0.00  0.00  0.00  0.00  0.00  0.00  0.00  0.00  0.00  0.00  0.00  0.00  0.00  0.00  0.00  0.00  0.00  0.00  0.00  0.00  0.00  0.00  0.00  0.00  0.00  0.00  0.00  0.00  0.00  0.00  0.00  0.00  0.00  0.00  0.00

 density range (Hz): 0.000000 5.670926