Array Size: 64  64
  0.34  1.82  1.48  0.20  0.22  0.26  0.24  0.26  0.34  0.42  1.76  0.52  0.52  0.30  0.26  0.44  0.86  0.80  1.38  1.88  1.92  0.40  0.32  0.48  0.60  0.56  0.00  0.02  0.06  0.06  0.50  0.98  1.14  0.02  0.16  0.00  0.00  0.00  0.00  0.00  0.12  0.00  0.00  0.00  0.00  0.00  0.00  0.00  0.00  0.00  0.00  0.00  0.00  0.00  0.00  0.00  0.00  0.00  0.00  0.00  0.00  0.00  0.00  0.00
  0.00  0.44  0.68  0.34  0.48  0.02  0.46  1.08  0.46  0.12  1.18  0.56  1.46  0.26  0.28  1.22  0.86  0.90  0.80  4.52  1.46  0.74  1.26  1.40  2.54  0.58  0.18  0.30  0.12  0.30  0.54  1.72  0.60  0.88  0.94  0.70  0.14  0.10  0.16  0.08  0.38  0.04  0.00  0.00  0.00  0.00  0.00  0.00  0.00  0.00  0.00  0.00  0.00  0.00  0.00  0.00  0.00  0.00  0.00  0.00  0.00  0.00  0.00  0.00
  0.14  0.26  0.24  0.20  0.64  0.68  0.62  1.38  1.12  1.20  1.46  0.86  0.30  0.92  1.52  0.70  1.20  0.86  1.36  0.10  0.60  0.94  0.88  0.92  0.30  0.60  1.08  0.50  0.28  0.58  0.62  0.66  0.74  0.66  0.40  0.40  0.94  1.46  1.34  0.86  0.30  0.58  0.14  0.00  0.18  0.00  0.00  0.00  0.00  0.00  0.00  0.00  0.00  0.00  0.00  0.00  0.00  0.00  0.00  0.00  0.00  0.00  0.00  0.00
  1.08  1.34  0.40  0.34  0.30  1.00  0.66  1.16  0.96  0.84  0.32  0.40  0.66  0.38  0.24  0.40  0.58  0.18  0.40  0.36  0.58  0.90  1.20  0.86  1.00  1.26  0.80  0.94  2.02  1.90  1.52  0.68  0.86  0.84  0.10  0.32  0.56  3.80  1.44  0.50  0.90  0.68  0.46  0.30  0.34  0.00  0.00  0.00  0.00  0.00  0.00  0.00  0.00  0.00  0.00  0.00  0.00  0.00  0.00  0.00  0.00  0.00  0.00  0.00
  1.36  1.16  0.32  0.20  1.22  0.96  0.40  1.18  0.20  1.82  1.18  0.86  1.24  1.96  2.56  1.24  0.22  0.12  0.38  1.20  1.12  0.68  1.64  1.46  1.84  1.10  0.54  2.60  1.58  1.36  1.78  1.66  1.16  0.80  0.28  0.60  0.28  0.28  0.60  1.16  1.78  1.02  0.44  0.24  0.44  0.00  0.00  0.00  0.00  0.00  0.00  0.00  0.00  0.00  0.00  0.00  0.00  0.00  0.00  0.00  0.00  0.00  0.00  0.00
  1.30  0.70  0.24  0.30  0.30  0.32  0.28  0.42  0.60  1.50  0.34  0.92  0.48  0.76  1.24  0.64  0.48  0.16  0.46  0.28  0.54  1.26  0.24  0.40  0.66  0.78  1.54  7.84  6.26  2.78  2.24  1.14  1.10  0.52  0.52  0.48  0.26  0.48  0.98  1.10  1.56  0.20  0.66  2.06  0.08  0.00  0.00  0.00  0.00  0.00  0.00  0.00  0.00  0.00  0.00  0.00  0.00  0.00  0.00  0.00  0.00  0.00  0.00  0.00
  0.48  0.64  0.34  0.50  0.30  0.24  0.46  0.36  0.10  0.50  0.48  0.82  0.46  0.38  1.28  0.18  0.54  0.48  0.54  0.12  0.28  0.60  0.28  0.36  0.32  0.44  2.16  1.84  0.52  0.52  0.84  1.06  0.46  0.42  0.22  0.44  0.98  1.20  0.72  0.66  0.46  0.10  0.08  0.38  0.24  0.00  0.00  0.00  0.00  0.00  0.00  0.00  0.00  0.00  0.00  0.00  0.00  0.00  0.00  0.00  0.00  0.00  0.00  0.00
  0.36  0.58  0.26  0.46  0.44  0.30  0.68  0.20  0.70  0.54  1.00  0.92  0.10  0.88  1.64  0.76  0.74  0.96  0.80  0.42  0.58  0.48  0.42  0.22  0.20  0.14  1.92  1.10  0.26  0.58  1.02  0.96  0.20  0.36  0.82  0.56  1.20  1.38  0.84  1.00  0.60  0.78  0.34  0.22  1.96  0.00  0.00  0.00  0.00  0.00  0.00  0.00  0.00  0.00  0.00  0.00  0.00  0.00  0.00  0.00  0.00  0.00  0.00  0.00
  0.62  0.46  0.48  0.42  0.58  0.32  0.26  0.26  0.64  0.30  1.68  0.72  0.12  0.20  1.22  1.38  1.64  0.82  0.60  0.52  0.80  0.38  0.86  0.44  0.36  0.14  0.70  1.14  0.88  0.74  0.42  0.60  0.62  0.28  1.16  1.24  1.32  0.86  0.78  1.00  0.66  2.20  1.20  0.46  0.84  0.00  0.00  0.00  0.00  0.00  0.00  0.00  0.00  0.00  0.00  0.00  0.00  0.00  0.00  0.00  0.00  0.00  0.00  0.00
  0.30  0.30  0.38  1.06  0.90  0.44  1.08  0.42  0.98  1.48  1.24  0.86  0.16  0.48  1.12  0.70  0.94  1.24  0.54  0.96  2.28  0.88  1.16  0.86  1.26  0.46  0.78  6.58  1.46  1.34  4.34  0.82  0.64  0.60  0.98  0.98  0.60  0.98  0.84  0.62  1.94  1.26  0.86  0.60  1.18  0.00  0.00  0.00  0.00  0.00  0.00  0.00  0.00  0.00  0.00  0.00  0.00  0.00  0.00  0.00  0.00  0.00  0.00  0.00
  0.48  0.34  0.38  0.52  1.04  1.32  1.34  1.76  1.20  1.90  0.56  0.16  0.62  0.34  0.82  0.26  0.54  0.84  1.06  0.70  1.10  1.72  1.64  1.84  0.84  0.74  1.04  3.14  1.64  1.80  1.78  1.24  1.32  0.78  1.08  0.30  0.58  0.70  0.54  0.86  0.38  0.88  0.60  0.50  1.50  0.00  0.00  0.00  0.00  0.00  0.00  0.00  0.00  0.00  0.00  0.00  0.00  0.00  0.00  0.00  0.00  0.00  0.00  0.00
  0.22  0.56  0.48  0.38  0.34  0.44  0.46  1.16  0.72  0.40  0.32  0.44  0.10  0.58  0.56  0.70  1.10  0.70  0.96  1.12  1.18  1.94  1.20  1.34  0.42  0.48  0.68  3.32  1.56  2.76  2.76  1.16  1.12  0.70  1.12  0.34  3.76  0.52  0.60  0.86  0.46  0.58  0.60  0.34  0.78  0.00  0.00  0.00  0.00  0.00  0.00  0.00  0.00  0.00  0.00  0.00  0.00  0.00  0.00  0.00  0.00  0.00  0.00  0.00
  0.14  0.52  0.44  0.68  0.78  0.24  0.72  0.46  0.38  0.64  0.72  0.56  1.30  0.26  0.50  0.48  0.14  0.50  0.36  0.24  1.08  1.26  0.90  0.88  0.64  1.06  2.14  2.32  1.66  0.90  1.00  0.74  0.78  0.88  0.60  0.68  1.80  1.86  0.76  0.72  0.36  0.34  0.58  0.56  0.70  0.00  0.00  0.00  0.00  0.00  0.00  0.00  0.00  0.00  0.00  0.00  0.00  0.00  0.00  0.00  0.00  0.00  0.00  0.00
  1.16  0.62  0.70  0.82  0.18  0.28  0.38  0.90  0.94  0.78  0.38  0.82  1.70  0.86  0.52  0.38  0.14  0.30  0.80  0.92  1.16  1.54  0.92  0.52  0.22  0.80  3.46  1.22  0.44  0.50  0.66  1.04  0.86  1.12  0.48  0.90  2.04  1.86  0.96  0.74  0.78  2.14  0.80  0.40  1.28  0.00  0.00  0.00  0.00  0.00  0.00  0.00  0.00  0.00  0.00  0.00  0.00  0.00  0.00  0.00  0.00  0.00  0.00  0.00
  1.18  0.88  0.90  0.60  0.58  0.36  0.76  0.32  0.84  0.84  0.52  0.30  0.56  1.00  0.66  0.44  0.42  0.52  1.04  1.08  0.52  0.68  0.88  0.76  1.14  0.60  2.08  1.14  0.56  0.90  0.66  0.82  1.00  1.60  0.96  1.04  0.72  1.22  0.60  0.38  0.28  0.10  0.68  0.22  0.62  0.00  0.00  0.00  0.00  0.00  0.00  0.00  0.00  0.00  0.00  0.00  0.00  0.00  0.00  0.00  0.00  0.00  0.00  0.00
  0.14  0.48  0.86  0.48  0.34  0.06  0.50  0.46  2.06  1.04  0.22  0.62  0.46  0.60  0.88  1.00  2.10  1.38  1.74  0.44  0.34  0.44  0.58  0.28  0.66  0.44  1.06  0.58  1.04  0.90  0.74  0.58  1.36  0.92  0.60  0.18  0.82  2.78  0.52  0.56  0.16  0.22  0.44  0.86  0.54  0.00  0.00  0.00  0.00  0.00  0.00  0.00  0.00  0.00  0.00  0.00  0.00  0.00  0.00  0.00  0.00  0.00  0.00  0.00
  0.12  0.18  0.64  0.96  0.58  0.02  0.76  1.28  1.20  0.64  0.44  0.34  0.36  0.12  0.50  1.30  1.46  0.48  0.36  0.88  0.48  0.44  0.32  0.18  0.58  0.98  1.74  0.42  0.32  0.26  0.38  0.62  3.22  0.66  0.48  0.62  0.58  2.12  1.46  1.32  1.02  0.24  0.56  0.08  1.08  0.00  0.00  0.00  0.00  0.00  0.00  0.00  0.00  0.00  0.00  0.00  0.00  0.00  0.00  0.00  0.00  0.00  0.00  0.00
  0.18  0.64  0.46  0.32  0.46  0.40  0.98  3.68  1.06  9.52  0.92  0.28  0.14  0.12  0.38  1.64  1.38  0.84  0.36  0.60  1.28  0.72  0.64  0.70  0.50  0.68  2.68  0.94  0.48  0.24  0.90  1.76  1.58  0.10  0.30  1.24  1.56  2.34  1.40  0.66  2.64  0.42  0.30  0.14  1.80  0.00  0.00  0.00  0.00  0.00  0.00  0.00  0.00  0.00  0.00  0.00  0.00  0.00  0.00  0.00  0.00  0.00  0.00  0.00
  0.18  0.98  0.24  0.36  0.86  1.06  1.46  0.28  2.76  1.70  0.48  0.74  3.70  1.26  0.92  1.14  0.60  1.02  0.68  1.18  1.96  2.32  1.40  1.44  0.36  0.08  0.80  1.28  1.34  1.36  0.58  1.08  6.52  0.72  0.80  0.92  0.64  3.08  0.60  0.58  0.84  0.66  0.52  0.64  0.62  0.00  0.00  0.00  0.00  0.00  0.00  0.00  0.00  0.00  0.00  0.00  0.00  0.00  0.00  0.00  0.00  0.00  0.00  0.00
  0.46  0.22  0.30  0.70  0.78  0.50  0.60  0.28  2.42  0.62  0.60  0.60  0.44  0.68  1.18  1.16  1.58  2.46  0.68  0.92  0.76  1.08  0.92  1.64  0.46  0.50  0.40  2.08  3.02  0.60  0.54  1.26  1.58  1.72  2.30  0.86  1.56  0.94  0.36  0.88  0.60  0.28  0.78  0.54  0.60  0.00  0.00  0.00  0.00  0.00  0.00  0.00  0.00  0.00  0.00  0.00  0.00  0.00  0.00  0.00  0.00  0.00  0.00  0.00
  1.44  0.82  0.14  0.74  0.78  1.00  0.34  0.48  1.08  1.02  2.34  1.18  0.78  0.90  1.04  1.42  0.98  1.54  0.56  0.84  1.42  2.00  1.34  0.58  0.40  0.34  0.36  0.98  3.76  1.58  0.98  0.64  1.02  2.14  3.52  1.12  0.76  0.42  0.66  0.38  0.36  1.36  1.04  0.90  0.88  0.00  0.00  0.00  0.00  0.00  0.00  0.00  0.00  0.00  0.00  0.00  0.00  0.00  0.00  0.00  0.00  0.00  0.00  0.00
  0.10  0.30  1.24  1.00  0.96  0.78  0.60  0.42  2.42  0.44  0.78  1.28  0.62  0.96  0.76  0.44  0.44  0.48  0.60  1.06  0.56  1.32  0.62  0.32  0.28  0.64  0.46  1.18  1.92  4.46  2.12  0.84  1.30  2.60  2.32  1.08  0.30  0.48  0.82  0.82  0.56  1.76  0.54  1.10  0.84  0.00  0.00  0.00  0.00  0.00  0.00  0.00  0.00  0.00  0.00  0.00  0.00  0.00  0.00  0.00  0.00  0.00  0.00  0.00
  1.82  0.00  0.22  0.72  1.28  0.68  0.10  0.54  1.14  0.56  0.36  0.94  1.36  2.18  0.52  0.90  0.76  1.50  1.04  0.96  1.08  0.94  1.90  0.84  0.16  0.36  0.70  0.56  0.44  0.40  0.46  0.56  3.28  1.76  2.62  2.54  1.24  0.44  0.34  0.40  0.66  1.06  0.78  1.26  0.70  0.00  0.00  0.00  0.00  0.00  0.00  0.00  0.00  0.00  0.00  0.00  0.00  0.00  0.00  0.00  0.00  0.00  0.00  0.00
  1.02  0.30  0.70  0.90  2.02  0.80  0.62  0.52  0.96  0.50  0.72  0.56  1.60  2.88  0.98  0.98  1.02  0.80  0.60  0.42  2.04  0.86  0.44  0.38  0.56  0.44  0.14  0.32  0.32  0.30  0.40  0.10  0.48  0.76  1.12  0.10  0.82  0.62  0.38  0.68  0.18  1.30  0.80  0.50  0.96  0.00  0.00  0.00  0.00  0.00  0.00  0.00  0.00  0.00  0.00  0.00  0.00  0.00  0.00  0.00  0.00  0.00  0.00  0.00
  1.28  1.66  0.50  0.34  0.76  0.38  0.34  0.78  0.84  1.54  0.90  0.64  2.44  1.52  0.90  0.52  1.08  0.68  0.86  0.60  0.62  1.06  0.88  0.34  0.20  0.30  0.48  0.58  0.36  0.20  0.52  1.02  0.42  0.24  0.40  0.88  0.64  1.92  0.28  0.90  0.62  0.84  1.34  0.22  0.92  0.00  0.00  0.00  0.00  0.00  0.00  0.00  0.00  0.00  0.00  0.00  0.00  0.00  0.00  0.00  0.00  0.00  0.00  0.00
  0.10  0.02  0.56  0.54  0.80  0.58  0.58  0.86  0.56  2.12  1.12  0.68  1.32  1.48  1.16  0.62  1.24  0.80  0.90  0.56  1.30  2.26  2.20  0.40  0.14  0.36  0.38  0.46  0.10  0.16  0.26  0.46  0.70  0.12  0.24  1.02  0.86  0.44  0.40  0.54  0.66  0.58  1.48  2.54  1.02  0.00  0.00  0.00  0.00  0.00  0.00  0.00  0.00  0.00  0.00  0.00  0.00  0.00  0.00  0.00  0.00  0.00  0.00  0.00
  0.10  0.12  0.42  0.14  0.06  0.66  0.20  0.92  1.08  1.06  0.50  0.34  1.90  2.14  2.06  0.98  0.86  1.22  0.88  0.58  0.98  1.18  2.12  1.66  1.24  0.98  0.54  0.22  0.26  0.38  0.12  0.60  3.32  0.96  0.46  1.50  0.44  0.24  0.24  0.66  0.56  0.34  0.44  0.94  0.60  0.00  0.00  0.00  0.00  0.00  0.00  0.00  0.00  0.00  0.00  0.00  0.00  0.00  0.00  0.00  0.00  0.00  0.00  0.00
  0.10  0.16  0.20  0.36  0.12  0.32  0.54  0.86  1.74  1.14  0.76  0.30  0.82  0.98  0.92  1.28  2.06  1.08  2.04  1.46  1.32  0.92  0.68  1.18  0.42  0.60  0.72  0.42  0.56  0.82  0.42  0.06  0.44  1.00  0.88  0.42  0.22  0.50  0.64  0.68  0.22  0.52  0.46  0.40  0.28  0.00  0.00  0.00  0.00  0.00  0.00  0.00  0.00  0.00  0.00  0.00  0.00  0.00  0.00  0.00  0.00  0.00  0.00  0.00
  0.14  0.30  0.30  0.10  0.16  0.06  0.44  1.12  0.74  0.66  0.76  0.82  0.80  0.78  1.72  1.56  1.60  1.74  1.42  2.06  1.56  0.38  0.38  0.28  0.80  0.40  0.62  0.40  0.50  1.16  0.68  1.62  0.34  0.30  1.52  0.98  0.84  0.44  1.38  1.32  0.72  0.48  1.04  0.34  0.46  0.00  0.00  0.00  0.00  0.00  0.00  0.00  0.00  0.00  0.00  0.00  0.00  0.00  0.00  0.00  0.00  0.00  0.00  0.00
  0.22  0.00  0.32  0.50  0.22  0.24  0.62  0.80  1.26  0.66  0.60  1.22  0.72  0.42  1.38  0.58  1.56  1.28  0.60  0.88  0.78  0.70  0.36  0.30  0.32  0.28  0.52  0.52  0.38  0.60  0.26  0.46  0.30  0.58  0.42  0.52  0.10  0.18  0.60  0.40  0.42  0.40  0.98  0.46  1.06  0.00  0.00  0.00  0.00  0.00  0.00  0.00  0.00  0.00  0.00  0.00  0.00  0.00  0.00  0.00  0.00  0.00  0.00  0.00
  0.34  0.02  0.06  0.26  0.38  0.34  0.42  0.18  1.80  1.58  1.42  0.58  1.36  1.28  0.68  2.40  1.56  0.80  4.56  1.04  0.90  0.26  0.34  0.62  0.24  0.30  0.78  0.22  1.00  0.68  0.64  0.32  0.28  0.08  0.10  0.66  0.06  0.00  0.52  0.02  0.32  0.66  0.62  0.50  1.98  0.00  0.00  0.00  0.00  0.00  0.00  0.00  0.00  0.00  0.00  0.00  0.00  0.00  0.00  0.00  0.00  0.00  0.00  0.00
  0.82  0.52  0.04  0.28  0.48  0.70  0.30  0.52  0.78  0.32  0.36  0.80  0.70  0.92  0.60  0.52  0.42  2.22  0.50  0.20  0.46  0.16  0.40  0.40  0.48  0.26  0.36  0.40  0.14  0.36  0.82  1.68  0.44  0.46  0.40  1.50  0.08  0.08  0.10  0.10  0.68  0.52  0.14  0.12  1.08  0.00  0.00  0.00  0.00  0.00  0.00  0.00  0.00  0.00  0.00  0.00  0.00  0.00  0.00  0.00  0.00  0.00  0.00  0.00
  0.00  0.94  1.12  0.24  0.20  1.86  0.02  0.00  0.00  0.00  0.00  0.00  0.00  0.04  0.10  0.14  0.02  0.18  0.18  0.08  0.00  0.00  0.00  0.06  0.10  0.06  0.00  0.04  0.28  0.50  0.22  0.00  0.32  0.20  0.18  0.34  0.08  0.06  0.06  0.08  0.06  0.04  0.00  0.00  0.00  0.00  0.00  0.00  0.00  0.00  0.00  0.00  0.00  0.00  0.00  0.00  0.00  0.00  0.00  0.00  0.00  0.00  0.00  0.00
  0.00  0.00  0.00  0.00  0.00  0.00  0.00  0.00  0.00  0.00  0.00  0.00  0.00  0.00  0.00  0.00  0.00  0.00  0.00  0.00  0.00  0.00  0.00  0.00  0.00  0.00  0.00  0.00  0.00  0.00  0.00  0.00  0.00  0.00  0.00  0.00  0.00  0.00  0.00  0.00  0.00  0.00  0.00  0.00  0.00  0.00  0.00  0.00  0.00  0.00  0.00  0.00  0.00  0.00  0.00  0.00  0.00  0.00  0.00  0.00  0.00  0.00  0.00  0.00
  0.00  0.00  0.00  0.00  0.00  0.00  0.00  0.00  0.00  0.00  0.00  0.00  0.00  0.00  0.00  0.00  0.00  0.00  0.00  0.00  0.00  0.00  0.00  0.00  0.00  0.00  0.00  0.00  0.00  0.00  0.00  0.00  0.00  0.00  0.00  0.00  0.00  0.00  0.00  0.00  0.00  0.00  0.00  0.00  0.00  0.00  0.00  0.00  0.00  0.00  0.00  0.00  0.00  0.00  0.00  0.00  0.00  0.00  0.00  0.00  0.00  0.00  0.00  0.00
  0.00  0.00  0.00  0.00  0.00  0.00  0.00  0.00  0.00  0.00  0.00  0.00  0.00  0.00  0.00  0.00  0.00  0.00  0.00  0.00  0.00  0.00  0.00  0.00  0.00  0.00  0.00  0.00  0.00  0.00  0.00  0.00  0.00  0.00  0.00  0.00  0.00  0.00  0.00  0.00  0.00  0.00  0.00  0.00  0.00  0.00  0.00  0.00  0.00  0.00  0.00  0.00  0.00  0.00  0.00  0.00  0.00  0.00  0.00  0.00  0.00  0.00  0.00  0.00
  0.00  0.00  0.00  0.00  0.00  0.00  0.00  0.00  0.00  0.00  0.00  0.00  0.00  0.00  0.00  0.00  0.00  0.00  0.00  0.00  0.00  0.00  0.00  0.00  0.00  0.00  0.00  0.00  0.00  0.00  0.00  0.00  0.00  0.00  0.00  0.00  0.00  0.00  0.00  0.00  0.00  0.00  0.00  0.00  0.00  0.00  0.00  0.00  0.00  0.00  0.00  0.00  0.00  0.00  0.00  0.00  0.00  0.00  0.00  0.00  0.00  0.00  0.00  0.00
  0.00  0.00  0.00  0.00  0.00  0.00  0.00  0.00  0.00  0.00  0.00  0.00  0.00  0.00  0.00  0.00  0.00  0.00  0.00  0.00  0.00  0.00  0.00  0.00  0.00  0.00  0.00  0.00  0.00  0.00  0.00  0.00  0.00  0.00  0.00  0.00  0.00  0.00  0.00  0.00  0.00  0.00  0.00  0.00  0.00  0.00  0.00  0.00  0.00  0.00  0.00  0.00  0.00  0.00  0.00  0.00  0.00  0.00  0.00  0.00  0.00  0.00  0.00  0.00
  0.00  0.00  0.00  0.00  0.00  0.00  0.00  0.00  0.00  0.00  0.00  0.00  0.00  0.00  0.00  0.00  0.00  0.00  0.00  0.00  0.00  0.00  0.00  0.00  0.00  0.00  0.00  0.00  0.00  0.00  0.00  0.00  0.00  0.00  0.00  0.00  0.00  0.00  0.00  0.00  0.00  0.00  0.00  0.00  0.00  0.00  0.00  0.00  0.00  0.00  0.00  0.00  0.00  0.00  0.00  0.00  0.00  0.00  0.00  0.00  0.00  0.00  0.00  0.00
  0.00  0.00  0.00  0.00  0.00  0.00  0.00  0.00  0.00  0.00  0.00  0.00  0.00  0.00  0.00  0.00  0.00  0.00  0.00  0.00  0.00  0.00  0.00  0.00  0.00  0.00  0.00  0.00  0.00  0.00  0.00  0.00  0.00  0.00  0.00  0.00  0.00  0.00  0.00  0.00  0.00  0.00  0.00  0.00  0.00  0.00  0.00  0.00  0.00  0.00  0.00  0.00  0.00  0.00  0.00  0.00  0.00  0.00  0.00  0.00  0.00  0.00  0.00  0.00
  0.00  0.00  0.00  0.00  0.00  0.00  0.00  0.00  0.00  0.00  0.00  0.00  0.00  0.00  0.00  0.00  0.00  0.00  0.00  0.00  0.00  0.00  0.00  0.00  0.00  0.00  0.00  0.00  0.00  0.00  0.00  0.00  0.00  0.00  0.00  0.00  0.00  0.00  0.00  0.00  0.00  0.00  0.00  0.00  0.00  0.00  0.00  0.00  0.00  0.00  0.00  0.00  0.00  0.00  0.00  0.00  0.00  0.00  0.00  0.00  0.00  0.00  0.00  0.00
  0.00  0.00  0.00  0.00  0.00  0.00  0.00  0.00  0.00  0.00  0.00  0.00  0.00  0.00  0.00  0.00  0.00  0.00  0.00  0.00  0.00  0.00  0.00  0.00  0.00  0.00  0.00  0.00  0.00  0.00  0.00  0.00  0.00  0.00  0.00  0.00  0.00  0.00  0.00  0.00  0.00  0.00  0.00  0.00  0.00  0.00  0.00  0.00  0.00  0.00  0.00  0.00  0.00  0.00  0.00  0.00  0.00  0.00  0.00  0.00  0.00  0.00  0.00  0.00
  0.00  0.00  0.00  0.00  0.00  0.00  0.00  0.00  0.00  0.00  0.00  0.00  0.00  0.00  0.00  0.00  0.00  0.00  0.00  0.00  0.00  0.00  0.00  0.00  0.00  0.00  0.00  0.00  0.00  0.00  0.00  0.00  0.00  0.00  0.00  0.00  0.00  0.00  0.00  0.00  0.00  0.00  0.00  0.00  0.00  0.00  0.00  0.00  0.00  0.00  0.00  0.00  0.00  0.00  0.00  0.00  0.00  0.00  0.00  0.00  0.00  0.00  0.00  0.00
  0.00  0.00  0.00  0.00  0.00  0.00  0.00  0.00  0.00  0.00  0.00  0.00  0.00  0.00  0.00  0.00  0.00  0.00  0.00  0.00  0.00  0.00  0.00  0.00  0.00  0.00  0.00  0.00  0.00  0.00  0.00  0.00  0.00  0.00  0.00  0.00  0.00  0.00  0.00  0.00  0.00  0.00  0.00  0.00  0.00  0.00  0.00  0.00  0.00  0.00  0.00  0.00  0.00  0.00  0.00  0.00  0.00  0.00  0.00  0.00  0.00  0.00  0.00  0.00
  0.00  0.00  0.00  0.00  0.00  0.00  0.00  0.00  0.00  0.00  0.00  0.00  0.00  0.00  0.00  0.00  0.00  0.00  0.00  0.00  0.00  0.00  0.00  0.00  0.00  0.00  0.00  0.00  0.00  0.00  0.00  0.00  0.00  0.00  0.00  0.00  0.00  0.00  0.00  0.00  0.00  0.00  0.00  0.00  0.00  0.00  0.00  0.00  0.00  0.00  0.00  0.00  0.00  0.00  0.00  0.00  0.00  0.00  0.00  0.00  0.00  0.00  0.00  0.00
  0.00  0.00  0.00  0.00  0.00  0.00  0.00  0.00  0.00  0.00  0.00  0.00  0.00  0.00  0.00  0.00  0.00  0.00  0.00  0.00  0.00  0.00  0.00  0.00  0.00  0.00  0.00  0.00  0.00  0.00  0.00  0.00  0.00  0.00  0.00  0.00  0.00  0.00  0.00  0.00  0.00  0.00  0.00  0.00  0.00  0.00  0.00  0.00  0.00  0.00  0.00  0.00  0.00  0.00  0.00  0.00  0.00  0.00  0.00  0.00  0.00  0.00  0.00  0.00
  0.00  0.00  0.00  0.00  0.00  0.00  0.00  0.00  0.00  0.00  0.00  0.00  0.00  0.00  0.00  0.00  0.00  0.00  0.00  0.00  0.00  0.00  0.00  0.00  0.00  0.00  0.00  0.00  0.00  0.00  0.00  0.00  0.00  0.00  0.00  0.00  0.00  0.00  0.00  0.00  0.00  0.00  0.00  0.00  0.00  0.00  0.00  0.00  0.00  0.00  0.00  0.00  0.00  0.00  0.00  0.00  0.00  0.00  0.00  0.00  0.00  0.00  0.00  0.00
  0.00  0.00  0.00  0.00  0.00  0.00  0.00  0.00  0.00  0.00  0.00  0.00  0.00  0.00  0.00  0.00  0.00  0.00  0.00  0.00  0.00  0.00  0.00  0.00  0.00  0.00  0.00  0.00  0.00  0.00  0.00  0.00  0.00  0.00  0.00  0.00  0.00  0.00  0.00  0.00  0.00  0.00  0.00  0.00  0.00  0.00  0.00  0.00  0.00  0.00  0.00  0.00  0.00  0.00  0.00  0.00  0.00  0.00  0.00  0.00  0.00  0.00  0.00  0.00
  0.00  0.00  0.00  0.00  0.00  0.00  0.00  0.00  0.00  0.00  0.00  0.00  0.00  0.00  0.00  0.00  0.00  0.00  0.00  0.00  0.00  0.00  0.00  0.00  0.00  0.00  0.00  0.00  0.00  0.00  0.00  0.00  0.00  0.00  0.00  0.00  0.00  0.00  0.00  0.00  0.00  0.00  0.00  0.00  0.00  0.00  0.00  0.00  0.00  0.00  0.00  0.00  0.00  0.00  0.00  0.00  0.00  0.00  0.00  0.00  0.00  0.00  0.00  0.00
  0.00  0.00  0.00  0.00  0.00  0.00  0.00  0.00  0.00  0.00  0.00  0.00  0.00  0.00  0.00  0.00  0.00  0.00  0.00  0.00  0.00  0.00  0.00  0.00  0.00  0.00  0.00  0.00  0.00  0.00  0.00  0.00  0.00  0.00  0.00  0.00  0.00  0.00  0.00  0.00  0.00  0.00  0.00  0.00  0.00  0.00  0.00  0.00  0.00  0.00  0.00  0.00  0.00  0.00  0.00  0.00  0.00  0.00  0.00  0.00  0.00  0.00  0.00  0.00
  0.00  0.00  0.00  0.00  0.00  0.00  0.00  0.00  0.00  0.00  0.00  0.00  0.00  0.00  0.00  0.00  0.00  0.00  0.00  0.00  0.00  0.00  0.00  0.00  0.00  0.00  0.00  0.00  0.00  0.00  0.00  0.00  0.00  0.00  0.00  0.00  0.00  0.00  0.00  0.00  0.00  0.00  0.00  0.00  0.00  0.00  0.00  0.00  0.00  0.00  0.00  0.00  0.00  0.00  0.00  0.00  0.00  0.00  0.00  0.00  0.00  0.00  0.00  0.00
  0.00  0.00  0.00  0.00  0.00  0.00  0.00  0.00  0.00  0.00  0.00  0.00  0.00  0.00  0.00  0.00  0.00  0.00  0.00  0.00  0.00  0.00  0.00  0.00  0.00  0.00  0.00  0.00  0.00  0.00  0.00  0.00  0.00  0.00  0.00  0.00  0.00  0.00  0.00  0.00  0.00  0.00  0.00  0.00  0.00  0.00  0.00  0.00  0.00  0.00  0.00  0.00  0.00  0.00  0.00  0.00  0.00  0.00  0.00  0.00  0.00  0.00  0.00  0.00
  0.00  0.00  0.00  0.00  0.00  0.00  0.00  0.00  0.00  0.00  0.00  0.00  0.00  0.00  0.00  0.00  0.00  0.00  0.00  0.00  0.00  0.00  0.00  0.00  0.00  0.00  0.00  0.00  0.00  0.00  0.00  0.00  0.00  0.00  0.00  0.00  0.00  0.00  0.00  0.00  0.00  0.00  0.00  0.00  0.00  0.00  0.00  0.00  0.00  0.00  0.00  0.00  0.00  0.00  0.00  0.00  0.00  0.00  0.00  0.00  0.00  0.00  0.00  0.00
  0.00  0.00  0.00  0.00  0.00  0.00  0.00  0.00  0.00  0.00  0.00  0.00  0.00  0.00  0.00  0.00  0.00  0.00  0.00  0.00  0.00  0.00  0.00  0.00  0.00  0.00  0.00  0.00  0.00  0.00  0.00  0.00  0.00  0.00  0.00  0.00  0.00  0.00  0.00  0.00  0.00  0.00  0.00  0.00  0.00  0.00  0.00  0.00  0.00  0.00  0.00  0.00  0.00  0.00  0.00  0.00  0.00  0.00  0.00  0.00  0.00  0.00  0.00  0.00
  0.00  0.00  0.00  0.00  0.00  0.00  0.00  0.00  0.00  0.00  0.00  0.00  0.00  0.00  0.00  0.00  0.00  0.00  0.00  0.00  0.00  0.00  0.00  0.00  0.00  0.00  0.00  0.00  0.00  0.00  0.00  0.00  0.00  0.00  0.00  0.00  0.00  0.00  0.00  0.00  0.00  0.00  0.00  0.00  0.00  0.00  0.00  0.00  0.00  0.00  0.00  0.00  0.00  0.00  0.00  0.00  0.00  0.00  0.00  0.00  0.00  0.00  0.00  0.00
  0.00  0.00  0.00  0.00  0.00  0.00  0.00  0.00  0.00  0.00  0.00  0.00  0.00  0.00  0.00  0.00  0.00  0.00  0.00  0.00  0.00  0.00  0.00  0.00  0.00  0.00  0.00  0.00  0.00  0.00  0.00  0.00  0.00  0.00  0.00  0.00  0.00  0.00  0.00  0.00  0.00  0.00  0.00  0.00  0.00  0.00  0.00  0.00  0.00  0.00  0.00  0.00  0.00  0.00  0.00  0.00  0.00  0.00  0.00  0.00  0.00  0.00  0.00  0.00
  0.00  0.00  0.00  0.00  0.00  0.00  0.00  0.00  0.00  0.00  0.00  0.00  0.00  0.00  0.00  0.00  0.00  0.00  0.00  0.00  0.00  0.00  0.00  0.00  0.00  0.00  0.00  0.00  0.00  0.00  0.00  0.00  0.00  0.00  0.00  0.00  0.00  0.00  0.00  0.00  0.00  0.00  0.00  0.00  0.00  0.00  0.00  0.00  0.00  0.00  0.00  0.00  0.00  0.00  0.00  0.00  0.00  0.00  0.00  0.00  0.00  0.00  0.00  0.00
  0.00  0.00  0.00  0.00  0.00  0.00  0.00  0.00  0.00  0.00  0.00  0.00  0.00  0.00  0.00  0.00  0.00  0.00  0.00  0.00  0.00  0.00  0.00  0.00  0.00  0.00  0.00  0.00  0.00  0.00  0.00  0.00  0.00  0.00  0.00  0.00  0.00  0.00  0.00  0.00  0.00  0.00  0.00  0.00  0.00  0.00  0.00  0.00  0.00  0.00  0.00  0.00  0.00  0.00  0.00  0.00  0.00  0.00  0.00  0.00  0.00  0.00  0.00  0.00
  0.00  0.00  0.00  0.00  0.00  0.00  0.00  0.00  0.00  0.00  0.00  0.00  0.00  0.00  0.00  0.00  0.00  0.00  0.00  0.00  0.00  0.00  0.00  0.00  0.00  0.00  0.00  0.00  0.00  0.00  0.00  0.00  0.00  0.00  0.00  0.00  0.00  0.00  0.00  0.00  0.00  0.00  0.00  0.00  0.00  0.00  0.00  0.00  0.00  0.00  0.00  0.00  0.00  0.00  0.00  0.00  0.00  0.00  0.00  0.00  0.00  0.00  0.00  0.00
  0.00  0.00  0.00  0.00  0.00  0.00  0.00  0.00  0.00  0.00  0.00  0.00  0.00  0.00  0.00  0.00  0.00  0.00  0.00  0.00  0.00  0.00  0.00  0.00  0.00  0.00  0.00  0.00  0.00  0.00  0.00  0.00  0.00  0.00  0.00  0.00  0.00  0.00  0.00  0.00  0.00  0.00  0.00  0.00  0.00  0.00  0.00  0.00  0.00  0.00  0.00  0.00  0.00  0.00  0.00  0.00  0.00  0.00  0.00  0.00  0.00  0.00  0.00  0.00
  0.00  0.00  0.00  0.00  0.00  0.00  0.00  0.00  0.00  0.00  0.00  0.00  0.00  0.00  0.00  0.00  0.00  0.00  0.00  0.00  0.00  0.00  0.00  0.00  0.00  0.00  0.00  0.00  0.00  0.00  0.00  0.00  0.00  0.00  0.00  0.00  0.00  0.00  0.00  0.00  0.00  0.00  0.00  0.00  0.00  0.00  0.00  0.00  0.00  0.00  0.00  0.00  0.00  0.00  0.00  0.00  0.00  0.00  0.00  0.00  0.00  0.00  0.00  0.00
  0.00  0.00  0.00  0.00  0.00  0.00  0.00  0.00  0.00  0.00  0.00  0.00  0.00  0.00  0.00  0.00  0.00  0.00  0.00  0.00  0.00  0.00  0.00  0.00  0.00  0.00  0.00  0.00  0.00  0.00  0.00  0.00  0.00  0.00  0.00  0.00  0.00  0.00  0.00  0.00  0.00  0.00  0.00  0.00  0.00  0.00  0.00  0.00  0.00  0.00  0.00  0.00  0.00  0.00  0.00  0.00  0.00  0.00  0.00  0.00  0.00  0.00  0.00  0.00
  0.00  0.00  0.00  0.00  0.00  0.00  0.00  0.00  0.00  0.00  0.00  0.00  0.00  0.00  0.00  0.00  0.00  0.00  0.00  0.00  0.00  0.00  0.00  0.00  0.00  0.00  0.00  0.00  0.00  0.00  0.00  0.00  0.00  0.00  0.00  0.00  0.00  0.00  0.00  0.00  0.00  0.00  0.00  0.00  0.00  0.00  0.00  0.00  0.00  0.00  0.00  0.00  0.00  0.00  0.00  0.00  0.00  0.00  0.00  0.00  0.00  0.00  0.00  0.00
  0.00  0.00  0.00  0.00  0.00  0.00  0.00  0.00  0.00  0.00  0.00  0.00  0.00  0.00  0.00  0.00  0.00  0.00  0.00  0.00  0.00  0.00  0.00  0.00  0.00  0.00  0.00  0.00  0.00  0.00  0.00  0.00  0.00  0.00  0.00  0.00  0.00  0.00  0.00  0.00  0.00  0.00  0.00  0.00  0.00  0.00  0.00  0.00  0.00  0.00  0.00  0.00  0.00  0.00  0.00  0.00  0.00  0.00  0.00  0.00  0.00  0.00  0.00  0.00

 density range (Hz): 0.000000 9.520000