Array Size: 64  64
  0.00  0.00  0.00  0.00  0.38  0.36  0.27  0.09  0.10  0.25  0.30  0.28  0.23  0.23  0.12  0.14  0.00  0.00  0.00  0.00  0.00  0.00  0.00  0.58  0.62  0.68  0.66  0.71  0.00  0.00  0.00  0.00  0.00  0.00  0.00  0.00  0.00  0.00  0.00  0.00  0.00  0.00  0.00  0.00  0.00  0.00  0.00  0.00  0.00  0.00  0.00  0.00  0.00  0.00  0.00  0.00  0.00  0.00  0.00  0.00  0.00  0.00  0.00  0.00
  0.00  0.39  0.47  0.45  0.55  0.53  0.48  0.39  0.43  0.31  0.44  0.34  0.29  0.23  0.17  0.09  0.00  0.12  0.13  0.10  0.09  0.22  0.00  0.50  0.52  0.52  0.39  0.44  0.00  0.00  0.00  0.00  0.00  0.00  0.00  0.00  0.00  0.00  0.00  0.00  0.00  0.00  0.00  0.09  0.10  0.12  0.00  0.00  0.00  0.00  0.00  0.00  0.00  0.00  0.00  0.00  0.00  0.00  0.00  0.00  0.00  0.00  0.00  0.00
  0.00  0.31  0.46  0.47  0.61  0.59  0.54  0.44  0.43  0.32  0.42  0.39  0.35  0.31  0.21  0.15  0.08  0.10  0.10  0.07  0.06  0.15  0.14  0.36  0.39  0.41  0.32  0.36  0.00  0.00  0.00  0.00  0.00  0.00  0.00  0.00  0.00  0.00  0.00  0.00  0.00  0.00  0.00  0.08  0.09  0.11  0.00  0.00  0.00  0.00  0.00  0.00  0.00  0.00  0.00  0.00  0.00  0.00  0.00  0.00  0.00  0.00  0.00  0.00
  0.12  0.43  0.66  0.65  0.84  0.90  0.79  0.59  0.51  0.41  0.39  0.44  0.56  0.55  0.48  0.42  0.32  0.09  0.08  0.07  0.06  0.14  0.14  0.34  0.38  0.40  0.29  0.32  0.00  0.00  0.00  0.00  0.00  0.00  0.00  0.00  0.00  0.00  0.00  0.00  0.00  0.00  0.00  0.07  0.00  0.11  0.00  0.00  0.00  0.00  0.00  0.00  0.00  0.00  0.00  0.00  0.00  0.00  0.00  0.00  0.00  0.00  0.00  0.00
  0.45  0.76  0.94  0.97  1.59  1.72  1.51  1.30  1.21  0.71  0.80  0.77  0.84  0.74  0.70  0.44  0.34  0.08  0.07  0.06  0.05  0.13  0.14  0.14  0.16  0.17  0.00  0.00  0.00  0.00  0.00  0.00  0.00  0.00  0.00  0.00  0.00  0.00  0.00  0.00  0.00  0.00  0.00  0.08  0.00  0.00  0.00  0.00  0.00  0.00  0.00  0.00  0.00  0.00  0.00  0.00  0.00  0.00  0.00  0.00  0.00  0.00  0.00  0.00
  0.54  0.79  0.99  1.18  2.09  2.18  1.91  1.84  1.77  0.96  0.93  0.91  0.85  0.73  0.70  0.45  0.38  0.12  0.05  0.05  0.05  0.13  0.15  0.16  0.18  0.18  0.00  0.00  0.00  0.00  0.00  0.00  0.00  0.00  0.00  0.00  0.00  0.00  0.00  0.00  0.00  0.00  0.00  0.11  0.19  0.00  0.00  0.00  0.00  0.00  0.00  0.00  0.00  0.00  0.00  0.00  0.00  0.00  0.00  0.00  0.00  0.00  0.00  0.00
  0.63  0.86  1.04  1.41  2.34  2.31  2.28  2.21  2.16  1.42  1.23  1.09  1.03  0.82  0.70  0.52  0.36  0.07  0.00  0.00  0.00  0.00  0.00  0.00  0.00  0.00  0.00  0.00  0.00  0.08  0.00  0.00  0.15  0.14  0.08  0.19  0.10  0.11  0.28  0.22  0.11  0.10  0.12  0.00  0.00  0.00  0.00  0.00  0.00  0.00  0.00  0.00  0.00  0.00  0.00  0.00  0.00  0.00  0.00  0.00  0.00  0.00  0.00  0.00
  0.68  1.03  1.14  1.49  2.20  2.36  2.54  2.75  2.78  2.29  2.03  1.65  1.29  0.97  0.77  0.49  0.38  0.07  0.00  0.00  0.00  0.00  0.00  0.00  0.00  0.00  0.00  0.00  0.00  0.07  0.07  0.13  0.22  0.25  0.28  0.39  0.35  0.22  0.29  0.22  0.11  0.11  0.12  0.00  0.00  0.00  0.00  0.00  0.00  0.00  0.00  0.00  0.00  0.00  0.00  0.00  0.00  0.00  0.00  0.00  0.00  0.00  0.00  0.00
  0.62  1.05  1.10  1.56  2.10  2.29  2.63  3.21  3.39  2.97  2.72  2.31  1.55  1.07  0.77  0.34  0.29  0.17  0.00  0.00  0.00  0.00  0.00  0.00  0.00  0.00  0.00  0.00  0.00  0.06  0.06  0.18  0.25  0.33  0.48  0.62  0.54  0.49  0.50  0.40  0.27  0.23  0.23  0.10  0.00  0.00  0.00  0.00  0.00  0.00  0.00  0.00  0.00  0.00  0.00  0.00  0.00  0.00  0.00  0.00  0.00  0.00  0.00  0.00
  0.70  0.95  0.90  1.25  1.46  1.63  2.12  3.21  3.51  3.14  2.80  2.39  1.45  0.90  0.60  0.26  0.23  0.20  0.00  0.00  0.00  0.00  0.00  0.00  0.00  0.00  0.00  0.00  0.00  0.06  0.06  0.17  0.24  0.46  1.02  1.23  1.23  1.35  1.38  0.63  0.41  0.32  0.33  0.09  0.00  0.00  0.00  0.00  0.00  0.00  0.00  0.00  0.00  0.00  0.00  0.00  0.00  0.00  0.00  0.00  0.00  0.00  0.00  0.00
  0.96  0.00  0.77  1.00  1.12  1.46  2.15  3.27  3.63  3.36  2.74  2.35  1.60  0.92  0.65  0.31  0.31  0.29  0.00  0.00  0.00  0.00  0.00  0.00  0.00  0.00  0.00  0.00  0.00  0.06  0.00  0.19  0.51  0.71  1.38  1.61  1.65  1.50  1.33  0.92  0.64  0.52  0.48  0.20  0.00  0.00  0.00  0.00  0.00  0.00  0.00  0.00  0.00  0.00  0.00  0.00  0.00  0.00  0.00  0.00  0.00  0.00  0.00  0.00
  0.90  0.89  0.81  0.94  0.91  1.28  1.99  3.59  4.14  3.83  3.02  2.72  1.74  0.87  0.58  0.24  0.25  0.24  0.11  0.00  0.00  0.00  0.00  0.00  0.29  0.63  0.65  0.00  0.00  0.27  0.00  0.32  0.78  1.12  1.89  2.12  1.98  1.88  1.50  1.16  0.87  0.67  0.38  0.22  0.00  0.00  0.00  0.00  0.00  0.00  0.00  0.00  0.00  0.00  0.00  0.00  0.00  0.00  0.00  0.00  0.00  0.00  0.00  0.00
  1.03  0.98  0.89  1.00  0.97  1.22  1.77  3.45  4.42  3.96  3.06  2.77  1.62  0.52  0.43  0.25  0.26  0.00  0.31  0.00  0.00  0.00  0.00  0.00  0.29  0.69  0.72  0.67  0.68  0.52  0.00  0.63  1.34  1.94  2.53  2.77  2.58  2.37  2.00  1.68  1.24  0.66  0.34  0.23  0.00  0.00  0.00  0.00  0.00  0.00  0.00  0.00  0.00  0.00  0.00  0.00  0.00  0.00  0.00  0.00  0.00  0.00  0.00  0.00
  0.95  0.99  0.84  0.86  0.85  0.92  1.32  2.71  3.88  3.00  1.88  0.00  1.02  0.44  0.40  0.34  0.30  0.00  0.00  0.00  0.00  0.00  0.00  0.00  0.29  0.69  0.71  0.66  0.66  0.63  0.00  0.67  1.33  1.88  2.42  2.63  2.60  2.45  2.18  1.80  1.46  0.78  0.27  0.13  0.00  0.00  0.00  0.00  0.00  0.00  0.00  0.00  0.00  0.00  0.00  0.00  0.00  0.00  0.00  0.00  0.00  0.00  0.00  0.00
  0.67  0.85  0.84  0.83  0.83  1.09  1.25  1.65  2.79  2.41  1.22  0.96  0.70  0.31  0.28  0.27  0.25  0.28  0.23  0.00  0.00  0.00  0.00  0.00  0.31  0.65  0.64  0.62  0.63  0.00  0.00  1.13  1.81  2.13  2.47  2.77  2.67  2.50  2.20  1.91  1.49  0.78  0.27  0.26  0.18  0.00  0.00  0.00  0.00  0.00  0.00  0.00  0.00  0.00  0.00  0.00  0.00  0.00  0.00  0.00  0.00  0.00  0.00  0.00
  0.47  0.87  0.87  0.84  0.89  0.99  0.90  1.32  2.47  0.00  1.07  0.84  0.54  0.27  0.24  0.25  0.22  0.24  0.10  0.00  0.00  0.00  0.00  0.00  0.32  0.63  0.64  0.69  0.78  0.94  0.74  1.54  1.59  1.88  2.25  2.69  2.75  2.85  2.72  2.37  1.84  0.86  0.23  0.14  0.19  0.00  0.00  0.00  0.00  0.00  0.00  0.00  0.00  0.00  0.00  0.00  0.00  0.00  0.00  0.00  0.00  0.00  0.00  0.00
  0.44  0.00  0.99  0.77  0.78  0.89  0.74  0.54  1.33  1.06  0.62  0.48  0.43  0.31  0.30  0.26  0.23  0.27  0.11  0.00  0.00  0.00  0.00  0.00  0.00  0.20  0.21  0.30  0.65  1.08  1.17  1.47  1.42  1.61  1.94  2.27  2.73  2.95  2.85  2.53  2.18  1.01  0.55  0.39  0.52  0.00  0.00  0.00  0.00  0.00  0.00  0.00  0.00  0.00  0.00  0.00  0.00  0.00  0.00  0.00  0.00  0.00  0.00  0.00
  0.00  0.00  0.75  0.57  0.67  0.65  0.53  0.33  0.55  0.50  0.40  0.36  0.34  0.38  0.33  0.30  0.20  0.22  0.00  0.00  0.00  0.00  0.00  0.11  0.08  0.14  0.21  0.34  0.72  1.34  1.46  1.58  1.63  1.76  1.83  2.14  2.54  2.79  2.66  2.34  2.08  1.15  0.64  0.46  0.64  0.00  0.00  0.00  0.00  0.00  0.00  0.00  0.00  0.00  0.00  0.00  0.00  0.00  0.00  0.00  0.00  0.00  0.00  0.00
  0.00  0.00  0.49  0.32  0.40  0.44  0.48  0.28  0.44  0.41  0.31  0.28  0.27  0.23  0.18  0.12  0.06  0.07  0.00  0.00  0.00  0.00  0.00  0.12  0.09  0.08  0.16  0.56  1.00  1.54  1.62  1.74  1.69  1.87  1.84  2.21  2.58  2.80  2.56  2.38  2.18  1.40  1.22  0.77  0.60  0.00  0.00  0.00  0.00  0.00  0.00  0.00  0.00  0.00  0.00  0.00  0.00  0.00  0.00  0.00  0.00  0.00  0.00  0.00
  0.00  0.00  0.30  0.18  0.28  0.42  0.44  0.36  0.47  0.48  0.35  0.41  0.36  0.31  0.24  0.23  0.12  0.14  0.09  0.09  0.00  0.00  0.00  0.11  0.09  0.09  0.18  0.60  1.05  1.61  1.64  2.01  1.93  2.09  1.99  2.23  2.33  2.45  2.23  2.21  2.14  1.61  1.43  1.05  0.76  0.00  0.00  0.00  0.00  0.00  0.00  0.00  0.00  0.00  0.00  0.00  0.00  0.00  0.00  0.00  0.00  0.00  0.00  0.00
  0.00  0.00  0.00  0.20  0.15  0.34  0.35  0.27  0.27  0.27  0.16  0.29  0.26  0.25  0.24  0.23  0.07  0.08  0.09  0.10  0.00  0.00  0.00  0.09  0.08  0.08  0.17  0.51  0.91  1.63  1.65  2.18  2.41  2.78  2.28  2.32  2.19  2.05  1.69  1.85  1.77  1.45  1.30  1.06  0.78  0.58  0.00  0.00  0.00  0.00  0.00  0.00  0.00  0.00  0.00  0.00  0.00  0.00  0.00  0.00  0.00  0.00  0.00  0.00
  0.00  0.00  0.00  0.00  0.00  0.23  0.26  0.25  0.26  0.28  0.28  0.36  0.33  0.30  0.28  0.20  0.06  0.07  0.08  0.09  0.00  0.00  0.00  0.07  0.07  0.08  0.16  0.50  0.82  1.52  1.52  2.14  2.20  2.62  2.16  2.11  1.92  1.76  1.36  1.56  1.50  1.28  1.36  1.24  0.67  0.42  0.00  0.00  0.00  0.00  0.00  0.00  0.00  0.00  0.00  0.00  0.00  0.00  0.00  0.00  0.00  0.00  0.00  0.00
  0.00  0.00  0.00  0.00  0.00  0.24  0.21  0.22  0.23  0.24  0.22  0.28  0.24  0.22  0.21  0.14  0.06  0.07  0.08  0.08  0.10  0.10  0.18  0.13  0.13  0.07  0.08  0.36  0.00  1.07  0.85  1.76  1.64  1.99  1.75  1.78  1.64  1.49  1.18  1.33  1.32  1.09  1.24  1.12  0.66  0.00  0.00  0.00  0.00  0.00  0.00  0.00  0.00  0.00  0.00  0.00  0.00  0.00  0.00  0.00  0.00  0.00  0.00  0.00
  0.00  0.00  0.00  0.00  0.00  0.16  0.14  0.15  0.14  0.14  0.23  0.30  0.26  0.26  0.26  0.15  0.06  0.07  0.08  0.08  0.09  0.10  0.16  0.12  0.12  0.07  0.07  0.00  0.00  0.27  0.18  1.18  1.40  1.73  1.55  1.70  1.49  1.34  1.01  1.01  0.90  0.78  0.83  0.92  0.94  0.00  0.00  0.00  0.00  0.00  0.00  0.00  0.00  0.00  0.00  0.00  0.00  0.00  0.00  0.00  0.00  0.00  0.00  0.00
  0.00  0.00  0.00  0.00  0.00  0.00  0.00  0.00  0.00  0.00  0.22  0.24  0.22  0.23  0.22  0.06  0.00  0.00  0.00  0.00  0.09  0.19  0.24  0.19  0.18  0.12  0.06  0.00  0.00  0.44  0.35  0.54  0.77  1.21  1.05  1.23  1.22  1.11  0.75  0.73  0.62  0.51  0.55  0.61  0.00  0.00  0.00  0.00  0.00  0.00  0.00  0.00  0.00  0.00  0.00  0.00  0.00  0.00  0.00  0.00  0.00  0.00  0.00  0.00
  0.00  0.00  0.00  0.00  0.00  0.00  0.00  0.00  0.10  0.10  0.31  0.28  0.24  0.24  0.23  0.06  0.07  0.07  0.00  0.00  0.09  0.18  0.25  0.20  0.20  0.13  0.06  0.00  0.08  0.28  0.24  0.31  0.33  0.50  0.51  0.56  0.67  0.66  0.49  0.47  0.54  0.46  0.50  0.55  0.00  0.00  0.00  0.00  0.00  0.00  0.00  0.00  0.00  0.00  0.00  0.00  0.00  0.00  0.00  0.00  0.00  0.00  0.00  0.00
  0.00  0.00  0.00  0.00  0.00  0.00  0.00  0.00  0.11  0.09  0.13  0.13  0.16  0.15  0.15  0.11  0.11  0.06  0.00  0.00  0.07  0.15  0.23  0.24  0.24  0.16  0.07  0.00  0.07  0.22  0.21  0.22  0.22  0.17  0.43  0.50  0.43  0.41  0.44  0.18  0.31  0.33  0.37  0.40  0.00  0.00  0.00  0.00  0.00  0.00  0.00  0.00  0.00  0.00  0.00  0.00  0.00  0.00  0.00  0.00  0.00  0.00  0.00  0.00
  0.00  0.00  0.00  0.00  0.00  0.00  0.00  0.00  0.08  0.07  0.12  0.12  0.14  0.16  0.15  0.11  0.09  0.05  0.00  0.05  0.11  0.19  0.22  0.24  0.18  0.10  0.00  0.00  0.06  0.20  0.20  0.22  0.22  0.21  0.59  0.66  0.87  0.80  0.75  0.38  0.46  0.31  0.35  0.41  0.45  0.00  0.00  0.00  0.00  0.00  0.00  0.00  0.00  0.00  0.00  0.00  0.00  0.00  0.00  0.00  0.00  0.00  0.00  0.00
  0.00  0.00  0.00  0.00  0.00  0.00  0.00  0.00  0.07  0.30  0.28  0.28  0.31  0.39  0.20  0.20  0.18  0.14  0.05  0.10  0.14  0.21  0.19  0.19  0.16  0.09  0.00  0.00  0.06  0.21  0.23  0.25  0.24  0.25  0.66  0.63  1.01  0.92  0.89  0.49  0.43  0.06  0.06  0.07  0.09  0.00  0.00  0.00  0.00  0.00  0.00  0.00  0.00  0.00  0.00  0.00  0.00  0.00  0.00  0.00  0.00  0.00  0.00  0.00
  0.00  0.00  0.00  0.00  0.00  0.00  0.00  0.11  0.13  0.43  0.42  0.41  0.36  0.49  0.24  0.22  0.21  0.16  0.04  0.08  0.12  0.12  0.12  0.12  0.07  0.00  0.00  0.00  0.07  0.07  0.07  0.07  0.07  0.00  0.61  0.57  0.93  0.83  0.88  0.52  0.46  0.00  0.00  0.00  0.00  0.00  0.00  0.00  0.00  0.00  0.00  0.00  0.00  0.00  0.00  0.00  0.00  0.00  0.00  0.00  0.00  0.00  0.00  0.00
  0.00  0.00  0.00  0.00  0.00  0.13  0.11  0.17  0.11  0.36  0.30  0.31  0.31  0.43  0.20  0.22  0.21  0.16  0.08  0.11  0.15  0.16  0.15  0.16  0.13  0.00  0.00  0.00  0.00  0.00  0.00  0.00  0.00  0.00  0.54  0.51  0.86  0.81  0.89  0.50  0.00  0.00  0.00  0.00  0.00  0.00  0.00  0.00  0.00  0.00  0.00  0.00  0.00  0.00  0.00  0.00  0.00  0.00  0.00  0.00  0.00  0.00  0.00  0.00
  0.00  0.00  0.00  0.00  0.00  0.23  0.21  0.24  0.16  0.49  0.40  0.41  0.38  0.54  0.18  0.21  0.24  0.22  0.13  0.16  0.24  0.24  0.21  0.18  0.16  0.04  0.00  0.00  0.00  0.00  0.00  0.00  0.00  0.00  0.09  0.08  0.54  0.50  0.48  0.37  0.37  0.00  0.00  0.00  0.00  0.00  0.00  0.00  0.00  0.00  0.00  0.00  0.00  0.00  0.00  0.00  0.00  0.00  0.00  0.00  0.00  0.00  0.00  0.00
  0.00  0.00  0.00  0.00  0.00  0.23  0.21  0.24  0.19  0.54  0.44  0.46  0.47  0.61  0.20  0.24  0.36  0.29  0.19  0.20  0.25  0.18  0.13  0.10  0.10  0.03  0.00  0.00  0.00  0.00  0.00  0.00  0.00  0.00  0.00  0.00  0.17  0.16  0.15  0.13  0.13  0.00  0.00  0.00  0.00  0.00  0.00  0.00  0.00  0.00  0.00  0.00  0.00  0.00  0.00  0.00  0.00  0.00  0.00  0.00  0.00  0.00  0.00  0.00
  0.00  0.00  0.00  0.00  0.00  0.24  0.43  0.45  0.37  0.50  0.38  0.28  0.30  0.37  0.30  0.35  0.51  0.33  0.38  0.34  0.41  0.31  0.27  0.14  0.10  0.03  0.00  0.00  0.00  0.00  0.00  0.00  0.00  0.00  0.00  0.00  0.00  0.00  0.00  0.00  0.00  0.00  0.00  0.00  0.00  0.00  0.00  0.00  0.00  0.00  0.00  0.00  0.00  0.00  0.00  0.00  0.00  0.00  0.00  0.00  0.00  0.00  0.00  0.00
  0.00  0.00  0.00  0.00  0.00  0.23  0.69  0.60  0.59  0.64  0.46  0.22  0.31  0.33  0.31  0.42  0.61  0.46  0.49  0.46  0.51  0.39  0.27  0.14  0.09  0.03  0.00  0.00  0.00  0.00  0.00  0.00  0.00  0.00  0.00  0.00  0.00  0.00  0.00  0.00  0.00  0.00  0.00  0.00  0.00  0.00  0.00  0.00  0.00  0.00  0.00  0.00  0.00  0.00  0.00  0.00  0.00  0.00  0.00  0.00  0.00  0.00  0.00  0.00
  0.00  0.00  0.00  0.00  0.00  0.14  0.80  0.71  0.72  0.71  0.63  0.30  0.39  0.41  0.50  0.49  0.70  0.54  0.74  0.70  0.69  0.53  0.37  0.15  0.06  0.03  0.00  0.00  0.00  0.00  0.00  0.00  0.00  0.00  0.00  0.00  0.00  0.00  0.00  0.00  0.00  0.00  0.00  0.00  0.00  0.00  0.00  0.00  0.00  0.00  0.00  0.00  0.00  0.00  0.00  0.00  0.00  0.00  0.00  0.00  0.00  0.00  0.00  0.00
  0.00  0.00  0.00  0.00  0.00  0.00  0.76  0.65  0.64  0.50  0.50  0.17  0.24  0.26  0.52  0.52  0.83  0.67  0.93  0.82  0.70  0.44  0.37  0.11  0.00  0.00  0.00  0.00  0.00  0.00  0.00  0.04  0.04  0.04  0.05  0.04  0.00  0.00  0.00  0.00  0.00  0.00  0.00  0.00  0.00  0.00  0.00  0.00  0.00  0.00  0.00  0.00  0.00  0.00  0.00  0.00  0.00  0.00  0.00  0.00  0.00  0.00  0.00  0.00
  0.17  0.14  0.00  0.14  0.00  0.00  0.80  0.64  0.67  0.55  0.54  0.18  0.27  0.28  0.56  0.60  0.88  0.93  1.19  1.09  0.91  0.70  0.51  0.28  0.06  0.06  0.06  0.05  0.00  0.00  0.00  0.04  0.04  0.04  0.05  0.05  0.00  0.00  0.00  0.00  0.00  0.00  0.00  0.00  0.00  0.00  0.00  0.00  0.00  0.00  0.00  0.00  0.00  0.00  0.00  0.00  0.00  0.00  0.00  0.00  0.00  0.00  0.00  0.00
  0.17  0.14  0.12  0.23  0.15  0.15  0.66  0.57  0.77  0.70  0.68  0.38  0.42  0.24  0.29  0.46  0.70  1.34  1.59  1.51  1.22  0.95  0.40  0.31  0.14  0.07  0.07  0.07  0.00  0.00  0.00  0.04  0.04  0.04  0.06  0.07  0.00  0.00  0.00  0.00  0.00  0.00  0.00  0.00  0.00  0.00  0.00  0.00  0.00  0.00  0.00  0.00  0.00  0.00  0.00  0.00  0.00  0.00  0.00  0.00  0.00  0.00  0.00  0.00
  0.16  0.13  0.12  0.22  0.00  0.30  0.40  0.36  0.50  0.48  0.58  0.49  0.53  0.34  0.00  0.54  1.02  1.57  2.04  1.98  1.67  1.22  0.53  0.40  0.16  0.08  0.08  0.07  0.00  0.00  0.00  0.04  0.04  0.04  0.06  0.07  0.00  0.00  0.00  0.00  0.00  0.00  0.00  0.00  0.00  0.00  0.00  0.00  0.00  0.00  0.00  0.00  0.00  0.00  0.00  0.00  0.00  0.00  0.00  0.00  0.00  0.00  0.00  0.00
  0.14  0.12  0.11  0.21  0.14  0.31  0.28  0.24  0.00  0.00  0.88  0.89  1.14  0.61  0.48  0.85  1.30  1.81  2.12  2.13  1.58  1.07  0.24  0.30  0.24  0.15  0.15  0.14  0.07  0.00  0.00  0.04  0.04  0.05  0.06  0.07  0.00  0.00  0.00  0.00  0.00  0.00  0.00  0.00  0.00  0.00  0.00  0.00  0.00  0.00  0.00  0.00  0.00  0.00  0.00  0.00  0.00  0.00  0.00  0.00  0.00  0.00  0.00  0.00
  0.21  0.17  0.00  0.36  0.28  0.42  0.40  0.42  0.95  1.20  1.15  1.39  1.67  0.86  0.65  1.06  1.27  1.98  2.39  2.45  1.70  1.21  0.23  0.30  0.24  0.16  0.16  0.15  0.08  0.00  0.00  0.00  0.00  0.00  0.00  0.00  0.00  0.00  0.00  0.00  0.00  0.00  0.00  0.00  0.00  0.00  0.00  0.00  0.00  0.00  0.00  0.00  0.00  0.00  0.00  0.00  0.00  0.00  0.00  0.00  0.00  0.00  0.00  0.00
  0.28  0.20  0.33  0.00  0.44  0.46  0.58  0.56  1.02  1.19  1.17  1.39  1.96  1.04  0.85  1.28  1.39  1.97  2.68  2.47  1.66  1.10  0.25  0.11  0.19  0.10  0.10  0.10  0.11  0.00  0.00  0.00  0.00  0.00  0.00  0.00  0.00  0.00  0.00  0.00  0.00  0.00  0.00  0.00  0.00  0.00  0.00  0.00  0.00  0.00  0.00  0.00  0.00  0.00  0.00  0.00  0.00  0.00  0.00  0.00  0.00  0.00  0.00  0.00
  0.21  0.00  0.25  0.31  0.37  0.31  0.40  0.00  0.63  0.87  0.85  0.00  1.61  1.35  1.01  1.23  1.33  0.00  1.47  1.87  0.85  0.40  0.27  0.17  0.08  0.09  0.11  0.10  0.11  0.00  0.00  0.00  0.00  0.00  0.00  0.00  0.00  0.00  0.00  0.00  0.00  0.00  0.00  0.00  0.00  0.00  0.00  0.00  0.00  0.00  0.00  0.00  0.00  0.00  0.00  0.00  0.00  0.00  0.00  0.00  0.00  0.00  0.00  0.00
  0.22  0.20  0.28  0.36  0.40  0.18  0.00  0.39  0.64  0.87  0.87  1.08  0.00  1.58  1.13  1.49  0.00  0.00  0.00  1.52  0.48  0.34  0.24  0.15  0.08  0.10  0.14  0.13  0.14  0.00  0.00  0.00  0.00  0.00  0.00  0.00  0.00  0.00  0.00  0.00  0.00  0.00  0.00  0.00  0.00  0.00  0.00  0.00  0.00  0.00  0.00  0.00  0.00  0.00  0.00  0.00  0.00  0.00  0.00  0.00  0.00  0.00  0.00  0.00
  0.26  0.23  0.32  0.43  0.47  0.22  0.44  0.48  0.47  0.56  0.57  0.00  0.00  1.03  0.85  0.89  0.32  0.36  0.84  1.48  0.54  0.39  0.28  0.19  0.00  0.00  0.00  0.00  0.00  0.00  0.00  0.00  0.00  0.00  0.00  0.00  0.00  0.00  0.00  0.00  0.00  0.00  0.00  0.00  0.00  0.00  0.00  0.00  0.00  0.00  0.00  0.00  0.00  0.00  0.00  0.00  0.00  0.00  0.00  0.00  0.00  0.00  0.00  0.00
  0.00  0.00  0.00  0.00  0.00  0.00  0.00  0.00  0.00  0.00  0.00  0.00  0.00  0.00  0.00  0.00  0.00  0.00  0.00  0.00  0.51  0.35  0.34  0.23  0.00  0.00  0.00  0.00  0.00  0.00  0.00  0.00  0.00  0.00  0.00  0.00  0.00  0.00  0.00  0.00  0.00  0.00  0.00  0.00  0.00  0.00  0.00  0.00  0.00  0.00  0.00  0.00  0.00  0.00  0.00  0.00  0.00  0.00  0.00  0.00  0.00  0.00  0.00  0.00
  0.00  0.00  0.00  0.00  0.00  0.00  0.00  0.00  0.00  0.00  0.00  0.00  0.00  0.00  0.00  0.00  0.00  0.00  0.00  0.00  0.00  0.00  0.00  0.00  0.00  0.00  0.00  0.00  0.00  0.00  0.00  0.00  0.00  0.00  0.00  0.00  0.00  0.00  0.00  0.00  0.00  0.00  0.00  0.00  0.00  0.00  0.00  0.00  0.00  0.00  0.00  0.00  0.00  0.00  0.00  0.00  0.00  0.00  0.00  0.00  0.00  0.00  0.00  0.00
  0.00  0.00  0.00  0.00  0.00  0.00  0.00  0.00  0.00  0.00  0.00  0.00  0.00  0.00  0.00  0.00  0.00  0.00  0.00  0.00  0.00  0.00  0.00  0.00  0.00  0.00  0.00  0.00  0.00  0.00  0.00  0.00  0.00  0.00  0.00  0.00  0.00  0.00  0.00  0.00  0.00  0.00  0.00  0.00  0.00  0.00  0.00  0.00  0.00  0.00  0.00  0.00  0.00  0.00  0.00  0.00  0.00  0.00  0.00  0.00  0.00  0.00  0.00  0.00
  0.00  0.00  0.00  0.00  0.00  0.00  0.00  0.00  0.00  0.00  0.00  0.00  0.00  0.00  0.00  0.00  0.00  0.00  0.00  0.00  0.00  0.00  0.00  0.00  0.00  0.00  0.00  0.00  0.00  0.00  0.00  0.00  0.00  0.00  0.00  0.00  0.00  0.00  0.00  0.00  0.00  0.00  0.00  0.00  0.00  0.00  0.00  0.00  0.00  0.00  0.00  0.00  0.00  0.00  0.00  0.00  0.00  0.00  0.00  0.00  0.00  0.00  0.00  0.00
  0.00  0.00  0.00  0.00  0.00  0.00  0.00  0.00  0.00  0.00  0.00  0.00  0.00  0.00  0.00  0.00  0.00  0.00  0.00  0.00  0.00  0.00  0.00  0.00  0.00  0.00  0.00  0.00  0.00  0.00  0.00  0.00  0.00  0.00  0.00  0.00  0.00  0.00  0.00  0.00  0.00  0.00  0.00  0.00  0.00  0.00  0.00  0.00  0.00  0.00  0.00  0.00  0.00  0.00  0.00  0.00  0.00  0.00  0.00  0.00  0.00  0.00  0.00  0.00
  0.00  0.00  0.00  0.00  0.00  0.00  0.00  0.00  0.00  0.00  0.00  0.00  0.00  0.00  0.00  0.00  0.00  0.00  0.00  0.00  0.00  0.00  0.00  0.00  0.00  0.00  0.00  0.00  0.00  0.00  0.00  0.00  0.00  0.00  0.00  0.00  0.00  0.00  0.00  0.00  0.00  0.00  0.00  0.00  0.00  0.00  0.00  0.00  0.00  0.00  0.00  0.00  0.00  0.00  0.00  0.00  0.00  0.00  0.00  0.00  0.00  0.00  0.00  0.00
  0.00  0.00  0.00  0.00  0.00  0.00  0.00  0.00  0.00  0.00  0.00  0.00  0.00  0.00  0.00  0.00  0.00  0.00  0.00  0.00  0.00  0.00  0.00  0.00  0.00  0.00  0.00  0.00  0.00  0.00  0.00  0.00  0.00  0.00  0.00  0.00  0.00  0.00  0.00  0.00  0.00  0.00  0.00  0.00  0.00  0.00  0.00  0.00  0.00  0.00  0.00  0.00  0.00  0.00  0.00  0.00  0.00  0.00  0.00  0.00  0.00  0.00  0.00  0.00
  0.00  0.00  0.00  0.00  0.00  0.00  0.00  0.00  0.00  0.00  0.00  0.00  0.00  0.00  0.00  0.00  0.00  0.00  0.00  0.00  0.00  0.00  0.00  0.00  0.00  0.00  0.00  0.00  0.00  0.00  0.00  0.00  0.00  0.00  0.00  0.00  0.00  0.00  0.00  0.00  0.00  0.00  0.00  0.00  0.00  0.00  0.00  0.00  0.00  0.00  0.00  0.00  0.00  0.00  0.00  0.00  0.00  0.00  0.00  0.00  0.00  0.00  0.00  0.00
  0.00  0.00  0.00  0.00  0.00  0.00  0.00  0.00  0.00  0.00  0.00  0.00  0.00  0.00  0.00  0.00  0.00  0.00  0.00  0.00  0.00  0.00  0.00  0.00  0.00  0.00  0.00  0.00  0.00  0.00  0.00  0.00  0.00  0.00  0.00  0.00  0.00  0.00  0.00  0.00  0.00  0.00  0.00  0.00  0.00  0.00  0.00  0.00  0.00  0.00  0.00  0.00  0.00  0.00  0.00  0.00  0.00  0.00  0.00  0.00  0.00  0.00  0.00  0.00
  0.00  0.00  0.00  0.00  0.00  0.00  0.00  0.00  0.00  0.00  0.00  0.00  0.00  0.00  0.00  0.00  0.00  0.00  0.00  0.00  0.00  0.00  0.00  0.00  0.00  0.00  0.00  0.00  0.00  0.00  0.00  0.00  0.00  0.00  0.00  0.00  0.00  0.00  0.00  0.00  0.00  0.00  0.00  0.00  0.00  0.00  0.00  0.00  0.00  0.00  0.00  0.00  0.00  0.00  0.00  0.00  0.00  0.00  0.00  0.00  0.00  0.00  0.00  0.00
  0.00  0.00  0.00  0.00  0.00  0.00  0.00  0.00  0.00  0.00  0.00  0.00  0.00  0.00  0.00  0.00  0.00  0.00  0.00  0.00  0.00  0.00  0.00  0.00  0.00  0.00  0.00  0.00  0.00  0.00  0.00  0.00  0.00  0.00  0.00  0.00  0.00  0.00  0.00  0.00  0.00  0.00  0.00  0.00  0.00  0.00  0.00  0.00  0.00  0.00  0.00  0.00  0.00  0.00  0.00  0.00  0.00  0.00  0.00  0.00  0.00  0.00  0.00  0.00
  0.00  0.00  0.00  0.00  0.00  0.00  0.00  0.00  0.00  0.00  0.00  0.00  0.00  0.00  0.00  0.00  0.00  0.00  0.00  0.00  0.00  0.00  0.00  0.00  0.00  0.00  0.00  0.00  0.00  0.00  0.00  0.00  0.00  0.00  0.00  0.00  0.00  0.00  0.00  0.00  0.00  0.00  0.00  0.00  0.00  0.00  0.00  0.00  0.00  0.00  0.00  0.00  0.00  0.00  0.00  0.00  0.00  0.00  0.00  0.00  0.00  0.00  0.00  0.00
  0.00  0.00  0.00  0.00  0.00  0.00  0.00  0.00  0.00  0.00  0.00  0.00  0.00  0.00  0.00  0.00  0.00  0.00  0.00  0.00  0.00  0.00  0.00  0.00  0.00  0.00  0.00  0.00  0.00  0.00  0.00  0.00  0.00  0.00  0.00  0.00  0.00  0.00  0.00  0.00  0.00  0.00  0.00  0.00  0.00  0.00  0.00  0.00  0.00  0.00  0.00  0.00  0.00  0.00  0.00  0.00  0.00  0.00  0.00  0.00  0.00  0.00  0.00  0.00
  0.00  0.00  0.00  0.00  0.00  0.00  0.00  0.00  0.00  0.00  0.00  0.00  0.00  0.00  0.00  0.00  0.00  0.00  0.00  0.00  0.00  0.00  0.00  0.00  0.00  0.00  0.00  0.00  0.00  0.00  0.00  0.00  0.00  0.00  0.00  0.00  0.00  0.00  0.00  0.00  0.00  0.00  0.00  0.00  0.00  0.00  0.00  0.00  0.00  0.00  0.00  0.00  0.00  0.00  0.00  0.00  0.00  0.00  0.00  0.00  0.00  0.00  0.00  0.00
  0.00  0.00  0.00  0.00  0.00  0.00  0.00  0.00  0.00  0.00  0.00  0.00  0.00  0.00  0.00  0.00  0.00  0.00  0.00  0.00  0.00  0.00  0.00  0.00  0.00  0.00  0.00  0.00  0.00  0.00  0.00  0.00  0.00  0.00  0.00  0.00  0.00  0.00  0.00  0.00  0.00  0.00  0.00  0.00  0.00  0.00  0.00  0.00  0.00  0.00  0.00  0.00  0.00  0.00  0.00  0.00  0.00  0.00  0.00  0.00  0.00  0.00  0.00  0.00
  0.00  0.00  0.00  0.00  0.00  0.00  0.00  0.00  0.00  0.00  0.00  0.00  0.00  0.00  0.00  0.00  0.00  0.00  0.00  0.00  0.00  0.00  0.00  0.00  0.00  0.00  0.00  0.00  0.00  0.00  0.00  0.00  0.00  0.00  0.00  0.00  0.00  0.00  0.00  0.00  0.00  0.00  0.00  0.00  0.00  0.00  0.00  0.00  0.00  0.00  0.00  0.00  0.00  0.00  0.00  0.00  0.00  0.00  0.00  0.00  0.00  0.00  0.00  0.00
  0.00  0.00  0.00  0.00  0.00  0.00  0.00  0.00  0.00  0.00  0.00  0.00  0.00  0.00  0.00  0.00  0.00  0.00  0.00  0.00  0.00  0.00  0.00  0.00  0.00  0.00  0.00  0.00  0.00  0.00  0.00  0.00  0.00  0.00  0.00  0.00  0.00  0.00  0.00  0.00  0.00  0.00  0.00  0.00  0.00  0.00  0.00  0.00  0.00  0.00  0.00  0.00  0.00  0.00  0.00  0.00  0.00  0.00  0.00  0.00  0.00  0.00  0.00  0.00
  0.00  0.00  0.00  0.00  0.00  0.00  0.00  0.00  0.00  0.00  0.00  0.00  0.00  0.00  0.00  0.00  0.00  0.00  0.00  0.00  0.00  0.00  0.00  0.00  0.00  0.00  0.00  0.00  0.00  0.00  0.00  0.00  0.00  0.00  0.00  0.00  0.00  0.00  0.00  0.00  0.00  0.00  0.00  0.00  0.00  0.00  0.00  0.00  0.00  0.00  0.00  0.00  0.00  0.00  0.00  0.00  0.00  0.00  0.00  0.00  0.00  0.00  0.00  0.00

 density range (Hz): 0.000000 4.421768