Array Size: 64  64
  0.00  0.00  0.16  0.32  0.16  0.40  0.36  0.60  0.58  1.36  0.90  0.70  0.24  0.34  0.48  1.62  1.16  0.50  0.48  1.02  0.80  0.26  0.62  0.50  1.34  0.42  1.54  0.36  0.16  0.18  0.24  0.22  0.00  0.00  0.00  0.00  0.00  0.00  0.00  0.00  0.00  0.00  0.00  0.00  0.00  0.00  0.00  0.00  0.00  0.00  0.00  0.00  0.00  0.00  0.00  0.00  0.00  0.00  0.00  0.00  0.00  0.00  0.00  0.00
  0.00  0.00  0.72  0.82  0.50  0.34  0.30  0.48  0.42  0.90  0.70  0.98  1.40  0.72  0.86  1.90  0.42  0.48  0.58  0.46  0.72  0.98  1.00  0.38  0.82  0.80  0.88  3.20  1.62  1.08  0.54  0.62  0.16  0.00  0.00  0.00  0.00  0.00  0.00  0.00  0.00  0.00  0.00  0.00  0.00  0.00  0.00  0.00  0.00  0.00  0.00  0.00  0.00  0.00  0.00  0.00  0.00  0.00  0.00  0.00  0.00  0.00  0.00  0.00
  0.00  0.16  0.76  2.26  0.30  0.26  0.56  1.04  0.70  0.86  1.26  1.30  1.82  1.06  0.82  0.74  1.20  1.48  0.74  0.94  1.12  0.80  2.22  2.22  0.58  0.60  0.82  1.92  1.06  0.72  1.10  1.24  1.76  0.00  0.00  0.00  0.00  0.00  0.00  0.00  0.00  0.00  0.00  0.00  0.00  0.00  0.00  0.00  0.00  0.00  0.00  0.00  0.00  0.00  0.00  0.00  0.00  0.00  0.00  0.00  0.00  0.00  0.00  0.00
  0.00  0.44  0.54  0.70  0.46  0.56  0.90  1.46  0.88  1.22  0.88  1.52  1.10  0.58  0.82  0.84  1.32  0.90  0.48  0.40  0.72  2.14  1.02  1.10  0.62  0.96  0.14  0.84  1.58  0.62  0.82  0.60  2.26  0.00  0.00  0.00  0.00  0.00  0.00  0.00  0.00  0.00  0.00  0.00  0.00  0.00  0.00  0.00  0.00  0.00  0.00  0.00  0.00  0.00  0.00  0.00  0.00  0.00  0.00  0.00  0.00  0.00  0.00  0.00
  0.00  0.42  0.68  0.42  0.16  0.44  0.32  1.20  1.24  1.08  0.48  0.84  0.82  1.02  0.98  1.78  1.50  0.72  0.98  1.26  0.52  0.44  0.38  0.78  1.06  0.76  0.40  0.94  0.42  0.94  0.94  1.38  0.78  0.00  0.00  0.00  0.00  0.00  0.00  0.00  0.00  0.00  0.00  0.00  0.00  0.00  0.00  0.00  0.00  0.00  0.00  0.00  0.00  0.00  0.00  0.00  0.00  0.00  0.00  0.00  0.00  0.00  0.00  0.00
  0.00  0.42  0.78  0.68  0.58  0.34  0.56  0.78  1.50  0.76  0.90  2.28  0.54  0.70  0.82  0.74  0.48  1.14  0.96  1.52  0.86  0.24  0.46  0.40  0.94  0.78  0.70  0.54  0.66  0.32  0.82  1.76  1.28  0.00  0.00  0.00  0.00  0.00  0.00  0.00  0.00  0.00  0.00  0.00  0.00  0.00  0.00  0.00  0.00  0.00  0.00  0.00  0.00  0.00  0.00  0.00  0.00  0.00  0.00  0.00  0.00  0.00  0.00  0.00
  0.00  0.12  0.62  1.00  0.26  0.74  0.66  0.62  1.22  0.78  0.72  0.34  0.78  1.62  0.68  0.86  0.92  0.98  0.76  0.40  0.34  0.66  1.06  0.58  0.56  0.50  0.88  0.30  0.20  0.00  0.66  0.82  1.74  0.00  0.00  0.00  0.00  0.00  0.00  0.00  0.00  0.00  0.00  0.00  0.00  0.00  0.00  0.00  0.00  0.00  0.00  0.00  0.00  0.00  0.00  0.00  0.00  0.00  0.00  0.00  0.00  0.00  0.00  0.00
  0.00  0.00  0.48  0.58  0.38  0.28  0.56  0.62  1.40  1.28  1.18  0.48  0.12  0.66  0.90  2.12  0.34  0.26  0.80  0.78  0.34  0.46  0.62  0.50  0.54  0.80  0.68  0.18  0.22  0.24  0.80  1.14  2.40  0.00  0.00  0.00  0.00  0.00  0.00  0.00  0.00  0.00  0.00  0.00  0.00  0.00  0.00  0.00  0.00  0.00  0.00  0.00  0.00  0.00  0.00  0.00  0.00  0.00  0.00  0.00  0.00  0.00  0.00  0.00
  0.00  0.02  0.54  0.84  0.56  0.42  1.04  0.54  2.32  0.32  0.28  0.50  0.22  1.10  1.18  2.62  0.48  0.60  0.76  0.38  0.84  0.54  0.10  0.22  0.24  0.42  0.32  0.56  0.62  1.82  2.26  0.64  0.00  0.00  0.00  0.00  0.00  0.00  0.00  0.00  0.00  0.00  0.00  0.00  0.00  0.00  0.00  0.00  0.00  0.00  0.00  0.00  0.00  0.00  0.00  0.00  0.00  0.00  0.00  0.00  0.00  0.00  0.00  0.00
  0.00  0.46  0.42  2.56  0.28  0.76  0.88  1.48  1.06  0.40  0.20  0.58  0.80  0.52  0.44  0.38  0.36  0.56  0.48  0.70  0.58  0.18  0.24  0.18  0.22  0.80  0.82  1.22  3.68  2.34  0.74  0.38  0.00  0.00  0.00  0.00  0.00  0.00  0.00  0.00  0.00  0.00  0.00  0.00  0.00  0.00  0.00  0.00  0.00  0.00  0.00  0.00  0.00  0.00  0.00  0.00  0.00  0.00  0.00  0.00  0.00  0.00  0.00  0.00
  0.42  0.72  0.64  0.66  0.22  0.76  1.06  1.54  1.24  0.18  0.56  0.36  0.34  0.24  0.42  0.28  0.42  0.70  0.66  0.64  0.56  0.64  3.02  1.76  0.28  0.92  0.68  1.34  0.02  0.92  1.12  0.46  0.14  0.00  0.00  0.00  0.00  0.00  0.00  0.00  0.00  0.00  0.00  0.00  0.00  0.00  0.00  0.00  0.00  0.00  0.00  0.00  0.00  0.00  0.00  0.00  0.00  0.00  0.00  0.00  0.00  0.00  0.00  0.00
  0.40  0.16  1.40  1.22  1.22  1.36  2.16  1.02  0.56  0.22  0.60  0.74  0.38  0.34  0.32  0.20  0.10  0.36  0.26  0.62  0.40  0.74  0.82  0.86  0.24  0.74  0.72  0.28  0.16  0.52  0.90  0.12  0.06  0.00  0.00  0.00  0.00  0.00  0.00  0.00  0.00  0.00  0.00  0.00  0.00  0.00  0.00  0.00  0.00  0.00  0.00  0.00  0.00  0.00  0.00  0.00  0.00  0.00  0.00  0.00  0.00  0.00  0.00  0.00
  1.98  0.40  0.78  1.10  1.56  2.30  1.74  1.20  1.20  0.10  0.40  0.52  5.56  0.32  0.40  0.60  0.22  0.22  0.74  0.38  0.78  0.52  0.80  0.72  1.00  1.38  1.10  0.66  0.60  0.88  0.74  0.20  0.06  0.00  0.00  0.00  0.00  0.00  0.00  0.00  0.00  0.00  0.00  0.00  0.00  0.00  0.00  0.00  0.00  0.00  0.00  0.00  0.00  0.00  0.00  0.00  0.00  0.00  0.00  0.00  0.00  0.00  0.00  0.00
  0.50  0.10  0.58  0.56  0.58  3.48  1.36  1.04  1.72  0.46  0.52  1.70  1.24  0.20  0.42  0.18  0.88  1.26  0.42  0.38  0.50  0.64  0.34  0.26  1.00  0.38  0.62  0.24  0.36  1.38  0.42  0.52  0.04  0.00  0.00  0.00  0.00  0.00  0.00  0.00  0.00  0.00  0.00  0.00  0.00  0.00  0.00  0.00  0.00  0.00  0.00  0.00  0.00  0.00  0.00  0.00  0.00  0.00  0.00  0.00  0.00  0.00  0.00  0.00
  0.26  0.04  0.68  0.52  1.12  1.54  1.84  1.60  0.62  0.74  1.28  1.28  0.76  0.72  0.24  0.14  0.46  1.12  0.64  0.42  0.30  0.74  0.34  0.74  0.48  0.44  0.42  0.36  0.30  0.92  3.38  0.82  0.04  0.00  0.00  0.00  0.00  0.00  0.00  0.00  0.00  0.00  0.00  0.00  0.00  0.00  0.00  0.00  0.00  0.00  0.00  0.00  0.00  0.00  0.00  0.00  0.00  0.00  0.00  0.00  0.00  0.00  0.00  0.00
  0.22  0.04  0.84  0.86  1.06  0.86  0.64  0.86  0.76  1.34  0.60  0.32  0.32  0.70  0.96  0.28  0.58  0.72  0.46  0.46  0.70  0.24  0.20  0.92  0.68  0.54  0.24  0.40  0.30  0.84  1.78  1.06  0.04  0.00  0.00  0.00  0.00  0.00  0.00  0.00  0.00  0.00  0.00  0.00  0.00  0.00  0.00  0.00  0.00  0.00  0.00  0.00  0.00  0.00  0.00  0.00  0.00  0.00  0.00  0.00  0.00  0.00  0.00  0.00
  0.98  0.04  0.80  0.98  1.52  0.66  0.60  0.58  0.76  1.76  1.34  1.06  1.68  0.42  0.20  1.18  0.74  0.38  1.08  0.86  1.04  0.64  0.20  0.26  0.44  0.46  0.58  0.82  0.86  0.40  1.32  0.92  0.04  0.00  0.00  0.00  0.00  0.00  0.00  0.00  0.00  0.00  0.00  0.00  0.00  0.00  0.00  0.00  0.00  0.00  0.00  0.00  0.00  0.00  0.00  0.00  0.00  0.00  0.00  0.00  0.00  0.00  0.00  0.00
  0.76  0.50  0.52  1.18  0.80  0.58  1.66  0.74  0.40  0.42  0.62  0.72  1.20  0.80  2.10  1.06  0.72  0.66  0.20  0.34  0.56  0.54  0.74  1.14  0.16  0.86  0.68  0.48  1.08  0.22  0.54  0.42  0.02  0.00  0.00  0.00  0.00  0.00  0.00  0.00  0.00  0.00  0.00  0.00  0.00  0.00  0.00  0.00  0.00  0.00  0.00  0.00  0.00  0.00  0.00  0.00  0.00  0.00  0.00  0.00  0.00  0.00  0.00  0.00
  0.20  0.90  0.42  0.68  0.92  0.58  1.06  0.66  1.00  0.54  0.30  0.88  0.74  1.24  0.96  0.68  0.20  0.40  0.28  0.50  0.56  0.60  0.52  0.66  0.94  1.04  0.42  0.44  1.02  0.34  0.90  0.34  0.04  0.00  0.00  0.00  0.00  0.00  0.00  0.00  0.00  0.00  0.00  0.00  0.00  0.00  0.00  0.00  0.00  0.00  0.00  0.00  0.00  0.00  0.00  0.00  0.00  0.00  0.00  0.00  0.00  0.00  0.00  0.00
  0.06  0.64  0.94  1.44  0.74  0.68  0.40  0.54  0.48  0.58  0.74  0.72  1.66  0.52  0.70  0.40  0.52  0.24  0.38  0.34  0.40  0.18  0.60  0.80  0.92  1.04  0.30  0.18  0.46  0.14  0.86  0.18  0.04  0.00  0.00  0.00  0.00  0.00  0.00  0.00  0.00  0.00  0.00  0.00  0.00  0.00  0.00  0.00  0.00  0.00  0.00  0.00  0.00  0.00  0.00  0.00  0.00  0.00  0.00  0.00  0.00  0.00  0.00  0.00
  0.70  0.64  1.02  0.70  0.56  0.78  0.26  0.58  0.56  0.94  1.96  1.60  0.54  1.00  0.54  0.24  0.88  0.94  0.52  0.36  0.40  0.96  1.14  0.90  0.66  1.08  0.20  0.44  0.42  0.24  0.78  0.24  0.04  0.00  0.00  0.00  0.00  0.00  0.00  0.00  0.00  0.00  0.00  0.00  0.00  0.00  0.00  0.00  0.00  0.00  0.00  0.00  0.00  0.00  0.00  0.00  0.00  0.00  0.00  0.00  0.00  0.00  0.00  0.00
  0.80  2.30  0.78  1.12  0.92  0.78  2.26  0.86  0.86  0.98  0.52  0.52  0.36  0.16  0.48  2.16  1.04  0.48  0.48  0.40  0.26  1.02  1.24  0.32  1.18  0.36  0.52  0.42  0.68  0.28  0.66  0.52  0.06  0.00  0.00  0.00  0.00  0.00  0.00  0.00  0.00  0.00  0.00  0.00  0.00  0.00  0.00  0.00  0.00  0.00  0.00  0.00  0.00  0.00  0.00  0.00  0.00  0.00  0.00  0.00  0.00  0.00  0.00  0.00
  0.64  1.56  1.06  0.86  1.04  1.54  0.74  1.40  1.48  0.58  0.66  0.58  1.40  0.12  1.38  1.40  0.40  0.14  0.58  0.60  0.54  1.74  1.54  0.78  0.40  0.18  1.22  0.58  0.80  0.16  0.68  0.44  0.02  0.00  0.00  0.00  0.00  0.00  0.00  0.00  0.00  0.00  0.00  0.00  0.00  0.00  0.00  0.00  0.00  0.00  0.00  0.00  0.00  0.00  0.00  0.00  0.00  0.00  0.00  0.00  0.00  0.00  0.00  0.00
  0.70  0.50  0.78  0.62  0.72  1.06  1.44  0.80  1.00  1.38  0.72  0.72  1.14  0.36  1.10  0.68  0.34  0.08  0.30  1.44  0.56  3.34  1.00  0.68  0.44  0.24  0.46  1.24  1.16  0.40  0.98  0.44  0.00  0.00  0.00  0.00  0.00  0.00  0.00  0.00  0.00  0.00  0.00  0.00  0.00  0.00  0.00  0.00  0.00  0.00  0.00  0.00  0.00  0.00  0.00  0.00  0.00  0.00  0.00  0.00  0.00  0.00  0.00  0.00
  1.42  1.82  1.62  1.48  0.36  0.68  0.46  0.54  0.50  1.26  1.12  0.60  1.28  0.86  1.28  0.62  0.30  0.56  0.42  0.82  2.34  1.58  2.50  0.66  1.06  0.88  0.36  1.02  1.44  1.00  0.72  0.88  0.00  0.00  0.00  0.00  0.00  0.00  0.00  0.00  0.00  0.00  0.00  0.00  0.00  0.00  0.00  0.00  0.00  0.00  0.00  0.00  0.00  0.00  0.00  0.00  0.00  0.00  0.00  0.00  0.00  0.00  0.00  0.00
  0.84  1.82  1.18  0.46  1.34  0.76  0.20  1.32  0.80  1.00  1.02  0.96  0.68  1.14  0.72  1.44  1.04  0.74  0.78  1.34  2.64  3.46  5.08  1.42  0.68  0.50  0.46  0.82  0.92  1.28  0.68  0.42  0.00  0.00  0.00  0.00  0.00  0.00  0.00  0.00  0.00  0.00  0.00  0.00  0.00  0.00  0.00  0.00  0.00  0.00  0.00  0.00  0.00  0.00  0.00  0.00  0.00  0.00  0.00  0.00  0.00  0.00  0.00  0.00
  0.06  1.18  0.94  0.76  0.42  0.34  0.40  0.84  0.16  0.86  0.74  2.18  0.98  0.58  1.26  0.78  1.44  1.82  1.30  1.82  2.08  1.82  0.96  0.80  0.78  0.78  0.38  0.84  1.02  1.18  1.10  0.88  0.18  0.00  0.00  0.00  0.00  0.00  0.00  0.00  0.00  0.00  0.00  0.00  0.00  0.00  0.00  0.00  0.00  0.00  0.00  0.00  0.00  0.00  0.00  0.00  0.00  0.00  0.00  0.00  0.00  0.00  0.00  0.00
  0.06  0.40  1.08  0.50  0.68  0.70  0.74  0.86  0.60  1.52  1.20  2.62  1.30  0.52  2.14  1.06  0.72  1.54  0.62  2.04  1.68  1.12  1.00  0.96  1.64  0.82  1.56  1.66  1.74  1.94  1.54  0.32  0.00  0.00  0.00  0.00  0.00  0.00  0.00  0.00  0.00  0.00  0.00  0.00  0.00  0.00  0.00  0.00  0.00  0.00  0.00  0.00  0.00  0.00  0.00  0.00  0.00  0.00  0.00  0.00  0.00  0.00  0.00  0.00
  0.20  0.82  0.64  0.90  0.90  0.86  1.48  0.80  1.28  1.40  1.74  1.20  1.68  2.42  2.68  1.44  2.86  0.96  0.68  1.82  1.06  0.82  1.00  1.58  1.04  0.38  0.78  0.70  0.78  1.16  1.26  0.60  0.18  0.00  0.00  0.00  0.00  0.00  0.00  0.00  0.00  0.00  0.00  0.00  0.00  0.00  0.00  0.00  0.00  0.00  0.00  0.00  0.00  0.00  0.00  0.00  0.00  0.00  0.00  0.00  0.00  0.00  0.00  0.00
  0.16  0.80  1.84  0.80  1.02  1.20  1.82  1.92  1.12  0.86  1.14  1.30  2.52  1.04  0.90  0.98  0.54  0.86  0.70  3.60  1.44  0.48  1.30  0.94  0.98  0.72  0.84  1.26  0.90  1.22  0.96  0.38  0.00  0.00  0.00  0.00  0.00  0.00  0.00  0.00  0.00  0.00  0.00  0.00  0.00  0.00  0.00  0.00  0.00  0.00  0.00  0.00  0.00  0.00  0.00  0.00  0.00  0.00  0.00  0.00  0.00  0.00  0.00  0.00
  0.10  0.52  1.46  0.96  0.74  0.60  0.74  0.54  0.86  1.04  1.02  1.54  1.10  0.82  0.84  0.50  0.84  1.02  1.26  3.36  0.52  0.34  0.54  0.28  0.20  0.42  1.12  1.20  0.86  1.14  0.72  0.70  0.00  0.00  0.00  0.00  0.00  0.00  0.00  0.00  0.00  0.00  0.00  0.00  0.00  0.00  0.00  0.00  0.00  0.00  0.00  0.00  0.00  0.00  0.00  0.00  0.00  0.00  0.00  0.00  0.00  0.00  0.00  0.00
  0.28  0.70  0.80  0.74  0.68  0.80  1.16  0.74  0.64  0.80  1.92  1.02  0.98  1.12  1.12  1.02  2.66  1.26  0.96  1.52  0.88  0.86  0.60  0.64  0.38  0.74  4.94  1.24  0.74  1.12  1.14  1.20  0.00  0.00  0.00  0.00  0.00  0.00  0.00  0.00  0.00  0.00  0.00  0.00  0.00  0.00  0.00  0.00  0.00  0.00  0.00  0.00  0.00  0.00  0.00  0.00  0.00  0.00  0.00  0.00  0.00  0.00  0.00  0.00
  0.70  0.30  1.38  1.36  0.78  0.92  0.70  0.48  0.80  1.20  1.36  1.06  1.82  2.38  2.20  1.50  0.90  1.48  1.88  1.02  3.42  1.38  0.52  0.48  0.50  0.86  2.04  1.00  0.42  0.74  0.44  0.96  0.88  0.00  0.00  0.00  0.00  0.00  0.00  0.00  0.00  0.00  0.00  0.00  0.00  0.00  0.00  0.00  0.00  0.00  0.00  0.00  0.00  0.00  0.00  0.00  0.00  0.00  0.00  0.00  0.00  0.00  0.00  0.00
  1.32  0.26  1.96  1.78  0.58  0.42  0.90  1.04  0.78  0.76  1.02  0.76  1.68  1.70  1.32  2.20  0.94  1.00  0.88  0.48  0.32  1.22  1.50  0.74  0.56  1.28  0.96  0.48  0.58  0.54  0.44  1.00  0.92  0.00  0.00  0.00  0.00  0.00  0.00  0.00  0.00  0.00  0.00  0.00  0.00  0.00  0.00  0.00  0.00  0.00  0.00  0.00  0.00  0.00  0.00  0.00  0.00  0.00  0.00  0.00  0.00  0.00  0.00  0.00
  1.66  1.38  1.00  0.82  0.70  0.60  1.88  1.32  1.06  1.64  1.54  1.44  1.52  1.40  1.22  1.98  1.62  2.12  1.14  1.20  1.74  1.32  1.20  3.44  2.50  1.14  3.68  0.86  0.82  0.52  0.50  0.92  0.08  0.00  0.00  0.00  0.00  0.00  0.00  0.00  0.00  0.00  0.00  0.00  0.00  0.00  0.00  0.00  0.00  0.00  0.00  0.00  0.00  0.00  0.00  0.00  0.00  0.00  0.00  0.00  0.00  0.00  0.00  0.00
  0.44  0.58  1.26  0.68  0.48  0.86  0.90  1.10  0.76  1.20  1.88  2.24  0.98  1.08  1.02  0.82  1.68  1.18  1.50  0.64  0.86  1.36  1.00  0.94  1.24  1.18  1.02  0.72  0.46  0.66  0.36  0.18  0.10  0.00  0.00  0.00  0.00  0.00  0.00  0.00  0.00  0.00  0.00  0.00  0.00  0.00  0.00  0.00  0.00  0.00  0.00  0.00  0.00  0.00  0.00  0.00  0.00  0.00  0.00  0.00  0.00  0.00  0.00  0.00
  0.92  0.52  0.72  0.70  0.38  0.48  0.86  0.44  0.54  1.40  1.12  0.96  0.98  0.88  0.56  0.60  1.32  0.36  0.32  0.90  0.58  0.66  0.70  0.66  1.34  0.88  0.60  0.34  0.76  1.24  0.42  0.20  0.10  0.00  0.00  0.00  0.00  0.00  0.00  0.00  0.00  0.00  0.00  0.00  0.00  0.00  0.00  0.00  0.00  0.00  0.00  0.00  0.00  0.00  0.00  0.00  0.00  0.00  0.00  0.00  0.00  0.00  0.00  0.00
  0.64  0.36  0.62  0.42  0.50  0.32  0.62  0.52  0.28  1.26  1.20  1.04  1.06  0.46  0.68  0.34  0.88  0.28  1.40  1.00  0.10  0.82  0.84  0.64  1.64  0.84  0.86  0.42  0.54  1.22  0.28  0.20  0.10  0.00  0.00  0.00  0.00  0.00  0.00  0.00  0.00  0.00  0.00  0.00  0.00  0.00  0.00  0.00  0.00  0.00  0.00  0.00  0.00  0.00  0.00  0.00  0.00  0.00  0.00  0.00  0.00  0.00  0.00  0.00
  1.32  0.38  0.42  0.50  0.34  0.34  1.06  0.78  0.78  0.70  0.78  1.18  1.66  0.64  0.70  0.14  0.90  1.06  0.68  0.56  0.68  0.30  0.30  1.00  1.02  0.82  0.88  0.74  1.26  0.58  0.40  0.20  0.14  0.00  0.00  0.00  0.00  0.00  0.00  0.00  0.00  0.00  0.00  0.00  0.00  0.00  0.00  0.00  0.00  0.00  0.00  0.00  0.00  0.00  0.00  0.00  0.00  0.00  0.00  0.00  0.00  0.00  0.00  0.00
  1.50  0.40  0.60  0.32  0.36  0.00  0.38  0.58  1.36  1.14  0.92  0.84  0.60  0.68  0.20  0.54  0.70  0.52  0.32  0.64  0.76  0.44  0.48  1.18  0.60  1.08  0.56  0.96  0.78  0.56  0.16  0.28  0.24  0.00  0.00  0.00  0.00  0.00  0.00  0.00  0.00  0.00  0.00  0.00  0.00  0.00  0.00  0.00  0.00  0.00  0.00  0.00  0.00  0.00  0.00  0.00  0.00  0.00  0.00  0.00  0.00  0.00  0.00  0.00
  0.48  0.58  0.80  0.96  0.06  0.36  0.26  0.50  0.50  1.28  0.70  0.50  0.08  0.26  0.06  0.14  1.12  1.16  1.02  0.36  0.14  0.46  0.20  0.26  0.58  0.86  0.52  0.94  0.90  0.38  0.58  0.30  0.20  0.00  0.00  0.00  0.00  0.00  0.00  0.00  0.00  0.00  0.00  0.00  0.00  0.00  0.00  0.00  0.00  0.00  0.00  0.00  0.00  0.00  0.00  0.00  0.00  0.00  0.00  0.00  0.00  0.00  0.00  0.00
  0.80  0.28  1.32  0.48  0.28  0.48  0.66  0.38  0.06  0.30  0.12  0.72  0.20  0.26  0.02  0.00  0.32  0.92  0.96  0.22  0.32  0.22  0.30  0.38  0.46  1.12  0.30  0.34  0.88  0.58  0.62  0.60  0.32  0.00  0.00  0.00  0.00  0.00  0.00  0.00  0.00  0.00  0.00  0.00  0.00  0.00  0.00  0.00  0.00  0.00  0.00  0.00  0.00  0.00  0.00  0.00  0.00  0.00  0.00  0.00  0.00  0.00  0.00  0.00
  1.08  0.24  0.44  0.72  0.64  0.08  0.00  0.00  0.20  0.48  0.42  0.10  0.22  0.20  0.62  0.44  0.68  0.62  0.88  0.68  0.20  0.20  0.40  0.58  0.86  1.26  1.46  0.76  0.94  0.50  0.56  0.42  0.82  0.00  0.00  0.00  0.00  0.00  0.00  0.00  0.00  0.00  0.00  0.00  0.00  0.00  0.00  0.00  0.00  0.00  0.00  0.00  0.00  0.00  0.00  0.00  0.00  0.00  0.00  0.00  0.00  0.00  0.00  0.00
  0.12  0.46  0.88  0.84  0.92  0.18  0.12  0.20  0.10  0.20  0.30  0.08  0.16  0.24  0.40  0.72  1.04  1.08  0.62  0.26  0.32  0.24  0.70  1.18  1.06  1.24  0.86  1.26  0.70  0.58  0.24  0.02  0.00  0.00  0.00  0.00  0.00  0.00  0.00  0.00  0.00  0.00  0.00  0.00  0.00  0.00  0.00  0.00  0.00  0.00  0.00  0.00  0.00  0.00  0.00  0.00  0.00  0.00  0.00  0.00  0.00  0.00  0.00  0.00
  0.00  0.54  0.64  0.84  0.80  0.68  0.26  0.16  0.14  0.12  0.36  1.54  0.10  0.06  0.08  0.26  0.60  1.16  0.94  0.42  0.52  0.50  1.04  0.70  0.50  0.44  0.10  0.64  0.56  0.18  0.80  0.12  1.32  0.00  0.00  0.00  0.00  0.00  0.00  0.00  0.00  0.00  0.00  0.00  0.00  0.00  0.00  0.00  0.00  0.00  0.00  0.00  0.00  0.00  0.00  0.00  0.00  0.00  0.00  0.00  0.00  0.00  0.00  0.00
  1.78  0.88  0.12  1.02  0.54  0.34  0.12  0.14  0.10  0.08  0.04  0.28  0.14  0.18  0.18  0.18  0.18  0.80  0.20  0.94  0.22  0.10  0.16  0.10  0.08  0.04  0.10  0.12  0.74  0.44  0.76  0.32  0.00  0.00  0.00  0.00  0.00  0.00  0.00  0.00  0.00  0.00  0.00  0.00  0.00  0.00  0.00  0.00  0.00  0.00  0.00  0.00  0.00  0.00  0.00  0.00  0.00  0.00  0.00  0.00  0.00  0.00  0.00  0.00
  0.00  0.00  0.00  0.00  0.00  0.00  0.00  0.00  0.00  0.00  0.00  0.00  0.00  0.00  0.00  0.00  0.00  0.00  0.00  0.00  0.00  0.00  0.00  0.00  0.00  0.00  0.00  0.00  0.00  0.00  0.00  0.00  0.00  0.00  0.00  0.00  0.00  0.00  0.00  0.00  0.00  0.00  0.00  0.00  0.00  0.00  0.00  0.00  0.00  0.00  0.00  0.00  0.00  0.00  0.00  0.00  0.00  0.00  0.00  0.00  0.00  0.00  0.00  0.00
  0.00  0.00  0.00  0.00  0.00  0.00  0.00  0.00  0.00  0.00  0.00  0.00  0.00  0.00  0.00  0.00  0.00  0.00  0.00  0.00  0.00  0.00  0.00  0.00  0.00  0.00  0.00  0.00  0.00  0.00  0.00  0.00  0.00  0.00  0.00  0.00  0.00  0.00  0.00  0.00  0.00  0.00  0.00  0.00  0.00  0.00  0.00  0.00  0.00  0.00  0.00  0.00  0.00  0.00  0.00  0.00  0.00  0.00  0.00  0.00  0.00  0.00  0.00  0.00
  0.00  0.00  0.00  0.00  0.00  0.00  0.00  0.00  0.00  0.00  0.00  0.00  0.00  0.00  0.00  0.00  0.00  0.00  0.00  0.00  0.00  0.00  0.00  0.00  0.00  0.00  0.00  0.00  0.00  0.00  0.00  0.00  0.00  0.00  0.00  0.00  0.00  0.00  0.00  0.00  0.00  0.00  0.00  0.00  0.00  0.00  0.00  0.00  0.00  0.00  0.00  0.00  0.00  0.00  0.00  0.00  0.00  0.00  0.00  0.00  0.00  0.00  0.00  0.00
  0.00  0.00  0.00  0.00  0.00  0.00  0.00  0.00  0.00  0.00  0.00  0.00  0.00  0.00  0.00  0.00  0.00  0.00  0.00  0.00  0.00  0.00  0.00  0.00  0.00  0.00  0.00  0.00  0.00  0.00  0.00  0.00  0.00  0.00  0.00  0.00  0.00  0.00  0.00  0.00  0.00  0.00  0.00  0.00  0.00  0.00  0.00  0.00  0.00  0.00  0.00  0.00  0.00  0.00  0.00  0.00  0.00  0.00  0.00  0.00  0.00  0.00  0.00  0.00
  0.00  0.00  0.00  0.00  0.00  0.00  0.00  0.00  0.00  0.00  0.00  0.00  0.00  0.00  0.00  0.00  0.00  0.00  0.00  0.00  0.00  0.00  0.00  0.00  0.00  0.00  0.00  0.00  0.00  0.00  0.00  0.00  0.00  0.00  0.00  0.00  0.00  0.00  0.00  0.00  0.00  0.00  0.00  0.00  0.00  0.00  0.00  0.00  0.00  0.00  0.00  0.00  0.00  0.00  0.00  0.00  0.00  0.00  0.00  0.00  0.00  0.00  0.00  0.00
  0.00  0.00  0.00  0.00  0.00  0.00  0.00  0.00  0.00  0.00  0.00  0.00  0.00  0.00  0.00  0.00  0.00  0.00  0.00  0.00  0.00  0.00  0.00  0.00  0.00  0.00  0.00  0.00  0.00  0.00  0.00  0.00  0.00  0.00  0.00  0.00  0.00  0.00  0.00  0.00  0.00  0.00  0.00  0.00  0.00  0.00  0.00  0.00  0.00  0.00  0.00  0.00  0.00  0.00  0.00  0.00  0.00  0.00  0.00  0.00  0.00  0.00  0.00  0.00
  0.00  0.00  0.00  0.00  0.00  0.00  0.00  0.00  0.00  0.00  0.00  0.00  0.00  0.00  0.00  0.00  0.00  0.00  0.00  0.00  0.00  0.00  0.00  0.00  0.00  0.00  0.00  0.00  0.00  0.00  0.00  0.00  0.00  0.00  0.00  0.00  0.00  0.00  0.00  0.00  0.00  0.00  0.00  0.00  0.00  0.00  0.00  0.00  0.00  0.00  0.00  0.00  0.00  0.00  0.00  0.00  0.00  0.00  0.00  0.00  0.00  0.00  0.00  0.00
  0.00  0.00  0.00  0.00  0.00  0.00  0.00  0.00  0.00  0.00  0.00  0.00  0.00  0.00  0.00  0.00  0.00  0.00  0.00  0.00  0.00  0.00  0.00  0.00  0.00  0.00  0.00  0.00  0.00  0.00  0.00  0.00  0.00  0.00  0.00  0.00  0.00  0.00  0.00  0.00  0.00  0.00  0.00  0.00  0.00  0.00  0.00  0.00  0.00  0.00  0.00  0.00  0.00  0.00  0.00  0.00  0.00  0.00  0.00  0.00  0.00  0.00  0.00  0.00
  0.00  0.00  0.00  0.00  0.00  0.00  0.00  0.00  0.00  0.00  0.00  0.00  0.00  0.00  0.00  0.00  0.00  0.00  0.00  0.00  0.00  0.00  0.00  0.00  0.00  0.00  0.00  0.00  0.00  0.00  0.00  0.00  0.00  0.00  0.00  0.00  0.00  0.00  0.00  0.00  0.00  0.00  0.00  0.00  0.00  0.00  0.00  0.00  0.00  0.00  0.00  0.00  0.00  0.00  0.00  0.00  0.00  0.00  0.00  0.00  0.00  0.00  0.00  0.00
  0.00  0.00  0.00  0.00  0.00  0.00  0.00  0.00  0.00  0.00  0.00  0.00  0.00  0.00  0.00  0.00  0.00  0.00  0.00  0.00  0.00  0.00  0.00  0.00  0.00  0.00  0.00  0.00  0.00  0.00  0.00  0.00  0.00  0.00  0.00  0.00  0.00  0.00  0.00  0.00  0.00  0.00  0.00  0.00  0.00  0.00  0.00  0.00  0.00  0.00  0.00  0.00  0.00  0.00  0.00  0.00  0.00  0.00  0.00  0.00  0.00  0.00  0.00  0.00
  0.00  0.00  0.00  0.00  0.00  0.00  0.00  0.00  0.00  0.00  0.00  0.00  0.00  0.00  0.00  0.00  0.00  0.00  0.00  0.00  0.00  0.00  0.00  0.00  0.00  0.00  0.00  0.00  0.00  0.00  0.00  0.00  0.00  0.00  0.00  0.00  0.00  0.00  0.00  0.00  0.00  0.00  0.00  0.00  0.00  0.00  0.00  0.00  0.00  0.00  0.00  0.00  0.00  0.00  0.00  0.00  0.00  0.00  0.00  0.00  0.00  0.00  0.00  0.00
  0.00  0.00  0.00  0.00  0.00  0.00  0.00  0.00  0.00  0.00  0.00  0.00  0.00  0.00  0.00  0.00  0.00  0.00  0.00  0.00  0.00  0.00  0.00  0.00  0.00  0.00  0.00  0.00  0.00  0.00  0.00  0.00  0.00  0.00  0.00  0.00  0.00  0.00  0.00  0.00  0.00  0.00  0.00  0.00  0.00  0.00  0.00  0.00  0.00  0.00  0.00  0.00  0.00  0.00  0.00  0.00  0.00  0.00  0.00  0.00  0.00  0.00  0.00  0.00
  0.00  0.00  0.00  0.00  0.00  0.00  0.00  0.00  0.00  0.00  0.00  0.00  0.00  0.00  0.00  0.00  0.00  0.00  0.00  0.00  0.00  0.00  0.00  0.00  0.00  0.00  0.00  0.00  0.00  0.00  0.00  0.00  0.00  0.00  0.00  0.00  0.00  0.00  0.00  0.00  0.00  0.00  0.00  0.00  0.00  0.00  0.00  0.00  0.00  0.00  0.00  0.00  0.00  0.00  0.00  0.00  0.00  0.00  0.00  0.00  0.00  0.00  0.00  0.00
  0.00  0.00  0.00  0.00  0.00  0.00  0.00  0.00  0.00  0.00  0.00  0.00  0.00  0.00  0.00  0.00  0.00  0.00  0.00  0.00  0.00  0.00  0.00  0.00  0.00  0.00  0.00  0.00  0.00  0.00  0.00  0.00  0.00  0.00  0.00  0.00  0.00  0.00  0.00  0.00  0.00  0.00  0.00  0.00  0.00  0.00  0.00  0.00  0.00  0.00  0.00  0.00  0.00  0.00  0.00  0.00  0.00  0.00  0.00  0.00  0.00  0.00  0.00  0.00
  0.00  0.00  0.00  0.00  0.00  0.00  0.00  0.00  0.00  0.00  0.00  0.00  0.00  0.00  0.00  0.00  0.00  0.00  0.00  0.00  0.00  0.00  0.00  0.00  0.00  0.00  0.00  0.00  0.00  0.00  0.00  0.00  0.00  0.00  0.00  0.00  0.00  0.00  0.00  0.00  0.00  0.00  0.00  0.00  0.00  0.00  0.00  0.00  0.00  0.00  0.00  0.00  0.00  0.00  0.00  0.00  0.00  0.00  0.00  0.00  0.00  0.00  0.00  0.00
  0.00  0.00  0.00  0.00  0.00  0.00  0.00  0.00  0.00  0.00  0.00  0.00  0.00  0.00  0.00  0.00  0.00  0.00  0.00  0.00  0.00  0.00  0.00  0.00  0.00  0.00  0.00  0.00  0.00  0.00  0.00  0.00  0.00  0.00  0.00  0.00  0.00  0.00  0.00  0.00  0.00  0.00  0.00  0.00  0.00  0.00  0.00  0.00  0.00  0.00  0.00  0.00  0.00  0.00  0.00  0.00  0.00  0.00  0.00  0.00  0.00  0.00  0.00  0.00
  0.00  0.00  0.00  0.00  0.00  0.00  0.00  0.00  0.00  0.00  0.00  0.00  0.00  0.00  0.00  0.00  0.00  0.00  0.00  0.00  0.00  0.00  0.00  0.00  0.00  0.00  0.00  0.00  0.00  0.00  0.00  0.00  0.00  0.00  0.00  0.00  0.00  0.00  0.00  0.00  0.00  0.00  0.00  0.00  0.00  0.00  0.00  0.00  0.00  0.00  0.00  0.00  0.00  0.00  0.00  0.00  0.00  0.00  0.00  0.00  0.00  0.00  0.00  0.00
  0.00  0.00  0.00  0.00  0.00  0.00  0.00  0.00  0.00  0.00  0.00  0.00  0.00  0.00  0.00  0.00  0.00  0.00  0.00  0.00  0.00  0.00  0.00  0.00  0.00  0.00  0.00  0.00  0.00  0.00  0.00  0.00  0.00  0.00  0.00  0.00  0.00  0.00  0.00  0.00  0.00  0.00  0.00  0.00  0.00  0.00  0.00  0.00  0.00  0.00  0.00  0.00  0.00  0.00  0.00  0.00  0.00  0.00  0.00  0.00  0.00  0.00  0.00  0.00

 density range (Hz): 0.000000 5.560000