Array Size: 64  64
  0.00  0.00  0.00  0.00  3.86  1.02  0.20  0.26  0.10  0.18  0.14  0.44  0.38  0.40  2.08  0.70  0.22  0.24  0.30  0.20  0.06  0.48  0.20  0.16  0.50  1.54  0.50  0.06  0.00  0.00  0.00  0.00  0.06  0.00  1.28  0.38  0.18  0.26  0.24  0.00  0.00  0.00  0.00  0.00  0.06  0.36  0.00  0.00  0.00  0.00  0.00  0.00  0.00  0.00  0.00  0.00  0.00  0.00  0.00  0.00  0.00  0.00  0.00  0.00
  0.00  0.58  0.62  0.94  3.80  1.14  1.70  1.34  0.46  0.30  0.18  0.28  0.44  0.42  0.16  0.12  0.00  0.02  0.50  0.40  0.56  0.42  0.00  0.30  0.88  2.30  0.10  0.32  0.48  0.10  0.54  0.00  0.28  0.24  0.22  0.80  0.34  0.14  0.58  0.32  0.26  0.36  0.32  0.28  0.30  1.36  0.00  0.00  0.00  0.00  0.00  0.00  0.00  0.00  0.00  0.00  0.00  0.00  0.00  0.00  0.00  0.00  0.00  0.00
  0.48  0.60  1.36  1.06  0.78  1.26  0.60  1.24  0.74  1.04  1.06  0.36  0.48  1.06  1.00  0.56  0.10  0.16  0.24  0.10  0.30  0.64  1.56  0.88  0.16  0.36  0.30  0.42  1.22  0.76  1.34  0.38  0.28  0.82  0.58  0.62  0.48  0.36  0.46  0.60  0.56  0.26  0.98  0.74  0.34  3.20  0.00  0.00  0.00  0.00  0.00  0.00  0.00  0.00  0.00  0.00  0.00  0.00  0.00  0.00  0.00  0.00  0.00  0.00
  0.44  0.58  0.72  0.28  0.88  0.72  0.72  0.94  1.10  0.34  1.40  1.12  0.80  1.02  0.74  0.54  0.44  0.58  1.32  1.36  0.84  0.82  1.10  3.42  1.20  1.22  0.78  1.84  1.02  0.40  0.18  0.42  1.12  0.24  0.30  0.34  0.54  0.20  0.26  0.48  0.98  0.38  0.54  0.34  0.00  1.52  0.00  0.00  0.00  0.00  0.00  0.00  0.00  0.00  0.00  0.00  0.00  0.00  0.00  0.00  0.00  0.00  0.00  0.00
  0.12  1.04  0.38  0.58  0.62  0.80  0.46  0.16  0.80  0.54  0.44  0.62  0.68  1.08  0.48  0.30  0.34  0.66  0.40  0.48  0.58  1.98  1.46  1.50  0.72  1.04  0.64  0.70  0.28  0.44  0.18  0.18  1.56  0.64  0.80  0.20  0.36  0.32  0.10  0.26  0.30  0.26  0.12  0.20  0.00  0.00  0.00  0.00  0.00  0.00  0.00  0.00  0.00  0.00  0.00  0.00  0.00  0.00  0.00  0.00  0.00  0.00  0.00  0.00
  0.20  0.92  0.34  0.26  0.74  0.48  0.26  0.50  0.62  0.44  0.36  0.60  0.24  0.66  2.06  0.48  0.42  0.84  0.14  0.74  0.28  0.78  0.32  0.12  0.12  0.32  0.22  0.28  0.22  0.06  0.14  0.04  0.12  0.00  0.34  0.72  0.74  0.28  0.42  0.70  0.32  1.08  0.76  0.36  0.20  0.00  0.00  0.00  0.00  0.00  0.00  0.00  0.00  0.00  0.00  0.00  0.00  0.00  0.00  0.00  0.00  0.00  0.00  0.00
  0.50  0.68  0.54  0.72  0.08  0.10  0.40  0.44  0.42  0.30  0.40  0.96  0.44  0.44  0.54  0.26  0.56  0.70  0.64  0.86  1.64  0.62  0.02  0.20  0.24  0.34  0.20  0.48  0.24  0.06  0.00  0.00  0.36  0.10  0.20  0.32  0.26  0.34  0.08  0.20  0.30  0.38  0.16  0.20  0.08  0.00  0.00  0.00  0.00  0.00  0.00  0.00  0.00  0.00  0.00  0.00  0.00  0.00  0.00  0.00  0.00  0.00  0.00  0.00
  1.66  0.72  0.36  0.42  0.38  0.26  0.92  1.18  0.18  0.52  0.30  1.00  1.48  0.30  0.68  0.26  0.50  0.66  1.22  1.44  1.44  0.12  0.30  0.08  0.06  0.20  0.42  0.64  0.20  0.16  0.22  0.28  0.54  0.08  0.22  0.48  0.76  0.16  0.04  0.12  0.04  1.96  0.14  0.14  0.16  0.22  0.00  0.00  0.00  0.00  0.00  0.00  0.00  0.00  0.00  0.00  0.00  0.00  0.00  0.00  0.00  0.00  0.00  0.00
  0.14  0.30  0.06  0.52  0.24  1.22  1.68  1.76  0.66  0.28  0.80  0.56  0.96  0.32  0.12  0.34  0.30  0.26  0.62  0.46  0.26  0.58  0.36  0.20  0.42  0.38  0.94  1.66  0.28  0.44  1.36  3.26  0.90  0.74  0.82  1.24  0.24  0.18  0.16  0.30  0.26  0.58  0.32  0.16  0.14  0.78  0.00  0.00  0.00  0.00  0.00  0.00  0.00  0.00  0.00  0.00  0.00  0.00  0.00  0.00  0.00  0.00  0.00  0.00
  0.40  0.06  0.52  0.38  0.30  0.80  0.74  0.88  1.70  1.08  1.86  1.42  1.62  0.26  0.16  0.40  0.40  0.40  0.32  0.24  2.58  0.26  0.40  0.16  0.32  0.66  0.46  0.36  0.32  0.30  0.34  3.94  0.98  1.12  2.34  0.56  0.20  0.32  0.06  0.18  0.26  0.26  0.16  0.12  0.14  1.94  0.00  0.00  0.00  0.00  0.00  0.00  0.00  0.00  0.00  0.00  0.00  0.00  0.00  0.00  0.00  0.00  0.00  0.00
  0.22  0.00  0.30  1.06  1.24  0.94  0.08  0.70  0.56  1.80  0.42  0.38  0.48  0.22  0.06  0.38  0.14  0.26  0.00  0.20  0.68  0.80  0.68  0.42  0.28  0.32  0.50  0.00  0.00  0.14  0.00  1.14  0.36  0.26  0.22  0.68  0.52  0.48  0.14  0.20  0.26  0.32  0.50  1.00  0.50  0.00  0.00  0.00  0.00  0.00  0.00  0.00  0.00  0.00  0.00  0.00  0.00  0.00  0.00  0.00  0.00  0.00  0.00  0.00
  0.10  0.12  0.72  1.40  2.88  0.74  0.38  0.32  0.50  0.40  0.82  2.20  1.24  0.16  0.16  0.48  0.26  0.12  0.18  0.10  0.18  0.86  2.14  0.98  0.08  0.32  0.60  0.00  0.00  0.28  0.26  0.56  0.12  0.08  0.30  0.40  1.54  0.66  0.24  0.54  0.12  0.10  0.06  1.30  0.02  0.02  0.00  0.00  0.00  0.00  0.00  0.00  0.00  0.00  0.00  0.00  0.00  0.00  0.00  0.00  0.00  0.00  0.00  0.00
  0.14  0.60  3.58  1.14  0.54  0.40  0.50  0.34  0.38  0.44  0.76  0.98  2.52  0.12  0.12  0.72  0.28  0.00  0.06  0.06  0.38  0.68  1.28  0.26  0.20  0.14  0.48  0.12  0.52  0.82  0.68  0.92  0.46  1.06  1.36  0.18  1.38  0.52  0.44  0.68  2.18  0.38  0.62  0.70  0.00  0.04  0.00  0.00  0.00  0.00  0.00  0.00  0.00  0.00  0.00  0.00  0.00  0.00  0.00  0.00  0.00  0.00  0.00  0.00
  0.66  0.50  0.96  0.56  0.04  0.36  0.36  0.08  0.34  0.50  0.48  0.00  0.28  0.18  0.32  1.18  1.64  0.00  0.00  0.40  0.34  1.92  0.72  0.34  0.18  0.26  5.22  1.66  0.94  1.04  0.00  0.22  0.20  0.32  0.62  1.24  0.92  0.62  1.72  2.04  0.42  0.66  0.14  0.18  0.00  0.06  0.00  0.00  0.00  0.00  0.00  0.00  0.00  0.00  0.00  0.00  0.00  0.00  0.00  0.00  0.00  0.00  0.00  0.00
  0.02  0.74  1.04  0.48  0.04  0.54  0.28  0.14  0.32  0.20  0.66  0.16  0.18  0.28  1.66  2.80  0.36  0.12  0.10  0.46  0.18  0.10  0.28  0.46  0.34  0.20  0.66  1.96  0.22  0.00  0.00  0.10  0.20  0.24  0.74  0.92  2.66  0.84  2.76  0.86  0.30  0.40  0.88  0.36  0.28  0.06  0.00  0.00  0.00  0.00  0.00  0.00  0.00  0.00  0.00  0.00  0.00  0.00  0.00  0.00  0.00  0.00  0.00  0.00
  0.18  0.66  0.54  0.98  0.54  0.76  0.16  0.12  0.30  0.00  0.24  1.98  4.34  1.32  0.38  1.38  0.32  0.26  0.26  0.16  0.30  0.18  0.48  0.34  0.38  0.30  0.62  1.36  0.20  0.18  0.28  0.42  0.14  0.42  0.80  1.84  1.70  0.34  2.18  2.16  0.64  0.44  0.28  0.32  0.18  0.12  0.00  0.00  0.00  0.00  0.00  0.00  0.00  0.00  0.00  0.00  0.00  0.00  0.00  0.00  0.00  0.00  0.00  0.00
  0.36  0.00  0.44  0.48  0.20  0.74  0.08  0.22  0.24  0.06  0.34  0.68  1.68  1.50  0.42  0.84  0.30  1.74  0.74  0.10  0.16  0.06  0.52  0.74  0.54  0.40  1.00  0.44  0.36  0.20  0.16  1.10  0.84  0.60  1.96  0.48  0.20  0.78  0.90  0.40  0.08  0.34  0.94  0.28  0.10  0.00  0.00  0.00  0.00  0.00  0.00  0.00  0.00  0.00  0.00  0.00  0.00  0.00  0.00  0.00  0.00  0.00  0.00  0.00
  0.22  0.00  0.10  0.24  0.38  0.64  0.30  0.38  0.26  0.20  0.22  0.48  1.72  0.26  0.44  1.02  0.32  1.36  0.52  0.00  0.10  0.00  0.24  0.30  0.26  0.30  0.44  0.44  0.16  0.26  0.24  0.82  1.22  1.18  2.90  0.18  0.16  0.36  0.86  0.58  0.12  0.26  0.34  0.58  0.06  0.00  0.00  0.00  0.00  0.00  0.00  0.00  0.00  0.00  0.00  0.00  0.00  0.00  0.00  0.00  0.00  0.00  0.00  0.00
  0.22  0.00  0.04  0.08  0.12  0.60  0.40  0.08  0.28  0.10  0.44  0.42  0.56  0.56  0.20  0.54  0.14  0.58  0.28  0.08  0.08  0.02  0.08  0.22  0.40  0.66  1.32  0.90  0.50  0.32  1.60  0.72  0.86  0.84  0.58  0.40  0.10  2.98  0.96  0.50  0.40  0.52  0.26  0.68  0.10  0.00  0.00  0.00  0.00  0.00  0.00  0.00  0.00  0.00  0.00  0.00  0.00  0.00  0.00  0.00  0.00  0.00  0.00  0.00
  0.18  0.20  0.22  0.12  0.16  0.58  0.12  0.76  1.00  0.64  0.36  0.28  0.88  0.42  0.62  0.82  0.26  0.60  0.52  0.50  0.28  0.30  0.22  0.72  0.52  1.12  0.46  0.32  0.56  1.96  1.00  1.94  0.44  0.56  0.42  0.52  0.38  0.86  1.22  0.50  0.16  0.24  0.14  0.16  0.18  0.00  0.00  0.00  0.00  0.00  0.00  0.00  0.00  0.00  0.00  0.00  0.00  0.00  0.00  0.00  0.00  0.00  0.00  0.00
  0.12  0.00  0.00  0.06  0.16  0.76  0.42  0.92  0.52  0.40  0.30  0.10  0.60  0.96  0.52  0.64  0.74  1.26  0.52  0.52  0.18  0.06  0.02  0.40  0.04  0.22  0.24  0.36  0.30  0.94  0.58  0.06  0.16  0.36  0.20  0.46  0.34  0.72  1.66  0.64  0.54  1.10  0.12  0.10  0.38  2.24  0.00  0.00  0.00  0.00  0.00  0.00  0.00  0.00  0.00  0.00  0.00  0.00  0.00  0.00  0.00  0.00  0.00  0.00
  0.14  0.00  0.00  0.06  0.54  0.50  0.50  3.08  0.18  0.36  0.54  0.18  0.44  0.70  1.62  0.94  0.46  1.46  0.24  0.02  0.16  0.98  1.44  0.18  0.24  0.42  0.54  0.12  0.16  0.26  0.26  0.16  0.40  2.24  1.98  0.98  1.74  1.90  0.74  1.10  0.70  0.76  0.52  0.16  0.52  0.08  0.00  0.00  0.00  0.00  0.00  0.00  0.00  0.00  0.00  0.00  0.00  0.00  0.00  0.00  0.00  0.00  0.00  0.00
  0.16  0.00  0.10  0.08  0.48  0.14  0.38  0.82  0.82  0.64  0.66  0.74  1.36  1.30  0.38  0.36  0.62  0.46  0.30  0.30  0.28  0.34  0.14  0.38  0.60  0.96  0.84  0.14  0.00  0.14  0.42  0.42  0.42  0.34  1.32  2.66  2.76  3.24  0.56  0.44  0.30  0.46  0.18  0.32  0.24  0.00  0.00  0.00  0.00  0.00  0.00  0.00  0.00  0.00  0.00  0.00  0.00  0.00  0.00  0.00  0.00  0.00  0.00  0.00
  0.16  0.22  0.18  0.08  0.42  0.38  1.30  0.22  0.18  0.12  0.12  0.22  2.48  2.08  0.22  0.92  0.84  0.68  0.56  0.28  0.26  0.62  0.42  0.24  0.56  3.08  0.44  0.14  0.08  0.18  0.48  0.22  0.30  1.18  2.36  2.06  2.32  2.70  2.34  1.76  0.52  0.40  0.24  0.18  0.18  0.00  0.00  0.00  0.00  0.00  0.00  0.00  0.00  0.00  0.00  0.00  0.00  0.00  0.00  0.00  0.00  0.00  0.00  0.00
  0.10  0.00  0.62  0.28  0.50  0.32  0.16  0.18  0.12  0.02  0.28  0.66  1.80  0.62  2.24  0.34  0.18  0.50  0.40  0.56  0.46  0.52  0.52  0.60  1.68  0.56  0.44  0.12  0.30  0.24  0.14  0.34  1.30  0.96  1.06  1.14  0.64  0.90  1.12  0.64  0.94  0.96  0.20  0.44  0.00  0.00  0.00  0.00  0.00  0.00  0.00  0.00  0.00  0.00  0.00  0.00  0.00  0.00  0.00  0.00  0.00  0.00  0.00  0.00
  0.10  0.00  0.68  0.34  0.58  0.18  0.32  0.74  1.08  0.36  1.26  0.66  1.98  0.20  0.36  0.24  0.78  1.16  0.54  0.24  0.40  0.28  0.28  0.32  0.56  0.32  0.80  0.60  0.92  0.84  0.22  0.44  2.28  0.26  0.44  0.68  0.38  0.14  0.86  0.58  0.46  5.28  3.60  0.58  0.00  0.00  0.00  0.00  0.00  0.00  0.00  0.00  0.00  0.00  0.00  0.00  0.00  0.00  0.00  0.00  0.00  0.00  0.00  0.00
  0.08  0.32  0.80  0.22  0.84  0.24  0.34  0.72  0.54  0.16  0.34  0.44  1.40  0.54  0.22  0.16  0.66  0.34  0.36  0.80  0.62  0.48  0.74  0.60  0.62  0.42  0.50  0.52  1.10  0.64  0.50  2.34  0.14  0.12  0.28  0.16  0.26  0.18  0.56  0.64  1.58  1.24  3.20  0.46  0.00  0.00  0.00  0.00  0.00  0.00  0.00  0.00  0.00  0.00  0.00  0.00  0.00  0.00  0.00  0.00  0.00  0.00  0.00  0.00
  0.08  0.34  0.46  0.30  0.34  0.38  0.36  0.06  0.20  0.16  0.38  0.46  0.54  0.50  0.56  0.68  0.94  0.34  0.28  0.96  0.30  0.24  0.22  0.24  0.14  0.40  0.40  0.56  0.62  0.16  1.30  1.22  0.10  0.18  0.10  0.26  0.50  0.44  0.66  0.70  0.84  0.98  1.34  0.22  0.28  0.16  0.00  0.00  0.00  0.00  0.00  0.00  0.00  0.00  0.00  0.00  0.00  0.00  0.00  0.00  0.00  0.00  0.00  0.00
  0.10  0.30  0.88  0.48  0.08  0.40  0.18  0.20  0.36  0.28  0.72  0.22  0.58  0.38  1.76  1.82  1.00  1.26  1.04  0.98  0.60  0.92  1.22  0.24  0.14  0.24  0.32  0.82  0.62  0.08  2.06  1.08  0.42  0.60  0.50  1.28  2.38  0.28  0.96  0.60  0.74  0.36  0.34  0.22  0.06  0.24  0.00  0.00  0.00  0.00  0.00  0.00  0.00  0.00  0.00  0.00  0.00  0.00  0.00  0.00  0.00  0.00  0.00  0.00
  0.12  0.10  0.30  0.14  0.32  0.06  0.64  0.52  0.16  0.14  3.08  0.82  0.46  0.34  2.62  0.50  0.34  0.98  2.26  0.90  0.74  2.00  1.26  0.34  0.32  0.08  0.38  0.34  0.30  0.12  2.50  0.32  0.02  0.18  0.34  0.42  1.32  0.50  1.12  0.42  0.28  0.56  0.20  0.06  0.00  0.24  0.00  0.00  0.00  0.00  0.00  0.00  0.00  0.00  0.00  0.00  0.00  0.00  0.00  0.00  0.00  0.00  0.00  0.00
  0.10  0.32  0.20  0.06  0.02  0.30  0.60  0.50  0.76  1.30  1.44  2.44  0.28  0.50  1.44  0.80  0.74  0.50  0.60  1.50  0.90  0.86  0.90  0.88  0.44  1.50  0.22  0.22  0.40  0.26  0.80  0.16  0.32  0.50  0.44  0.56  0.70  0.26  1.34  0.80  0.00  0.14  1.36  0.28  1.36  0.86  0.00  0.00  0.00  0.00  0.00  0.00  0.00  0.00  0.00  0.00  0.00  0.00  0.00  0.00  0.00  0.00  0.00  0.00
  0.00  0.18  0.54  0.16  0.00  0.06  0.22  0.24  0.52  0.80  1.24  1.44  0.38  0.86  1.22  0.86  0.32  1.10  0.32  3.94  0.36  0.96  0.80  1.90  0.44  0.62  0.16  0.16  0.26  0.26  0.06  0.40  0.38  0.52  0.32  0.70  0.08  0.76  0.98  1.28  0.18  0.22  1.16  0.38  0.14  0.00  0.00  0.00  0.00  0.00  0.00  0.00  0.00  0.00  0.00  0.00  0.00  0.00  0.00  0.00  0.00  0.00  0.00  0.00
  0.18  0.16  0.60  1.08  0.56  0.14  0.38  0.32  1.62  1.36  0.94  0.92  0.76  0.82  0.22  0.76  0.44  1.06  0.42  0.90  1.02  0.28  0.44  0.64  0.88  1.02  0.44  0.60  0.36  0.26  0.00  0.28  0.30  0.68  1.30  0.26  0.18  0.74  0.90  1.04  0.08  1.34  0.10  0.08  0.22  0.00  0.00  0.00  0.00  0.00  0.00  0.00  0.00  0.00  0.00  0.00  0.00  0.00  0.00  0.00  0.00  0.00  0.00  0.00
  0.08  0.26  0.12  0.88  0.20  0.48  0.26  0.46  0.30  0.28  0.24  0.40  0.36  0.30  0.26  0.46  0.74  0.62  0.90  0.80  0.92  0.28  0.74  0.60  4.52  5.14  0.92  0.82  0.18  0.40  0.04  0.28  0.24  0.62  0.64  0.20  0.22  0.68  1.60  1.00  2.44  2.70  0.36  0.00  0.00  0.00  0.00  0.00  0.00  0.00  0.00  0.00  0.00  0.00  0.00  0.00  0.00  0.00  0.00  0.00  0.00  0.00  0.00  0.00
  0.18  0.16  0.10  0.60  0.56  0.08  0.28  0.44  0.44  0.34  0.50  1.00  0.44  0.40  0.20  0.42  0.78  0.60  0.80  0.34  0.22  0.06  0.54  1.34  2.30  1.28  0.90  0.80  0.30  0.66  0.24  0.60  0.60  1.40  1.08  0.66  0.44  0.90  1.44  1.58  1.06  0.48  0.26  0.00  1.76  0.00  0.00  0.00  0.00  0.00  0.00  0.00  0.00  0.00  0.00  0.00  0.00  0.00  0.00  0.00  0.00  0.00  0.00  0.00
  0.18  0.10  0.04  0.18  0.06  0.16  0.10  0.30  1.20  0.32  0.42  2.02  0.40  0.86  0.20  0.20  0.46  0.16  0.22  0.38  0.60  0.22  0.46  0.56  0.76  1.22  2.54  0.42  0.64  0.68  0.48  0.78  0.42  1.20  1.62  1.82  1.18  1.56  0.90  0.74  0.26  0.72  0.52  0.06  1.64  0.00  0.00  0.00  0.00  0.00  0.00  0.00  0.00  0.00  0.00  0.00  0.00  0.00  0.00  0.00  0.00  0.00  0.00  0.00
  0.28  0.08  0.00  0.30  0.26  0.26  0.12  0.16  1.04  0.84  0.82  0.58  2.02  0.82  0.24  0.20  0.22  0.46  0.46  0.34  0.32  0.54  1.44  1.56  0.96  0.24  0.42  0.66  0.74  0.64  0.88  1.26  0.36  0.94  0.64  0.38  0.44  0.66  0.78  0.70  0.18  0.58  1.30  0.30  0.08  0.00  0.00  0.00  0.00  0.00  0.00  0.00  0.00  0.00  0.00  0.00  0.00  0.00  0.00  0.00  0.00  0.00  0.00  0.00
  0.36  0.16  0.00  0.20  0.20  0.12  0.06  0.42  0.76  0.68  0.32  1.22  0.44  0.48  0.38  0.28  0.34  0.20  0.18  0.50  0.64  0.66  0.42  0.58  0.28  0.44  0.86  0.50  0.58  0.74  1.12  1.74  0.84  0.48  0.52  0.30  0.26  1.36  0.62  0.72  0.70  1.16  1.58  0.00  0.00  0.00  0.00  0.00  0.00  0.00  0.00  0.00  0.00  0.00  0.00  0.00  0.00  0.00  0.00  0.00  0.00  0.00  0.00  0.00
  0.38  1.64  0.74  0.22  0.10  0.30  0.20  0.24  0.06  0.30  0.60  1.02  0.26  0.82  0.20  0.40  0.16  0.12  0.58  0.22  0.38  0.60  0.26  0.34  0.30  0.44  0.76  0.50  0.62  0.46  1.46  3.22  1.34  2.20  0.60  0.58  0.46  0.60  1.10  1.10  0.26  0.74  1.50  1.24  0.00  0.00  0.00  0.00  0.00  0.00  0.00  0.00  0.00  0.00  0.00  0.00  0.00  0.00  0.00  0.00  0.00  0.00  0.00  0.00
  0.16  1.32  0.48  0.08  0.00  0.34  0.50  0.26  0.24  0.34  0.08  0.36  0.42  0.08  0.00  0.42  0.38  0.24  0.10  0.30  0.44  0.28  0.42  0.36  0.26  0.72  1.18  0.78  0.92  0.64  1.10  2.12  1.04  0.62  0.70  0.72  0.86  0.26  1.18  0.68  0.50  0.64  0.80  1.02  0.02  0.00  0.00  0.00  0.00  0.00  0.00  0.00  0.00  0.00  0.00  0.00  0.00  0.00  0.00  0.00  0.00  0.00  0.00  0.00
  0.12  0.10  0.16  0.50  0.42  0.70  0.38  0.38  0.00  0.00  0.34  0.38  0.06  0.04  0.04  1.52  0.16  0.56  0.68  0.70  0.10  0.34  0.56  0.32  0.22  0.40  0.78  0.24  0.26  0.58  0.28  1.26  1.02  0.12  0.28  0.18  0.48  0.60  0.76  0.38  0.78  0.64  0.78  0.64  0.08  0.00  0.00  0.00  0.00  0.00  0.00  0.00  0.00  0.00  0.00  0.00  0.00  0.00  0.00  0.00  0.00  0.00  0.00  0.00
  0.26  0.50  0.00  0.04  0.28  0.30  0.10  0.22  0.84  0.54  0.10  0.64  0.34  0.34  0.42  1.12  0.28  0.30  0.70  0.36  0.22  0.18  0.36  0.26  0.60  0.36  0.70  0.34  0.22  0.36  0.40  0.92  0.68  0.48  0.44  0.34  0.24  0.38  0.94  0.64  0.32  0.64  3.08  1.16  0.50  0.00  0.00  0.00  0.00  0.00  0.00  0.00  0.00  0.00  0.00  0.00  0.00  0.00  0.00  0.00  0.00  0.00  0.00  0.00
  0.30  0.64  0.38  0.00  0.02  0.38  0.30  0.12  0.34  0.84  0.66  0.08  0.30  0.08  0.26  0.16  0.10  0.06  0.24  0.10  0.06  0.12  0.54  0.56  0.36  0.82  0.82  0.62  0.56  0.36  0.22  0.40  0.56  0.90  0.52  0.30  0.30  0.84  1.22  1.38  0.16  0.54  0.50  1.28  0.16  0.00  0.00  0.00  0.00  0.00  0.00  0.00  0.00  0.00  0.00  0.00  0.00  0.00  0.00  0.00  0.00  0.00  0.00  0.00
  0.24  0.00  0.16  0.54  0.36  0.60  0.24  0.00  0.20  1.36  0.02  0.00  0.20  0.30  0.44  0.18  0.08  0.00  0.20  0.16  0.18  0.32  0.56  0.44  0.52  0.12  0.14  0.44  0.18  0.38  0.08  0.24  0.84  0.36  0.24  0.12  0.22  0.06  0.30  0.52  0.32  0.14  0.48  0.40  0.00  0.00  0.00  0.00  0.00  0.00  0.00  0.00  0.00  0.00  0.00  0.00  0.00  0.00  0.00  0.00  0.00  0.00  0.00  0.00
  0.18  0.20  0.30  0.30  0.14  0.20  0.00  0.02  0.38  2.26  0.16  0.18  0.00  0.16  0.06  0.38  0.00  0.00  0.00  0.08  0.28  0.14  0.06  0.26  0.40  0.16  0.08  0.14  0.20  0.34  0.46  0.34  0.34  0.58  0.78  0.00  0.00  0.00  0.44  0.12  0.48  0.54  0.30  0.44  0.16  0.00  0.00  0.00  0.00  0.00  0.00  0.00  0.00  0.00  0.00  0.00  0.00  0.00  0.00  0.00  0.00  0.00  0.00  0.00
  2.88  2.02  1.68  0.36  0.06  0.08  1.36  0.34  0.58  0.72  0.96  0.00  0.00  0.04  0.48  0.50  0.70  0.04  0.06  0.40  0.16  0.46  2.28  1.58  0.28  0.30  0.36  0.34  0.14  1.42  0.08  0.38  0.38  0.32  0.40  0.28  0.30  0.24  0.24  0.30  0.42  0.00  0.00  0.40  0.30  2.78  0.00  0.00  0.00  0.00  0.00  0.00  0.00  0.00  0.00  0.00  0.00  0.00  0.00  0.00  0.00  0.00  0.00  0.00
  0.00  0.00  0.00  0.00  0.00  0.00  0.00  0.00  0.00  0.00  0.00  0.00  0.00  0.00  0.00  0.00  0.00  0.00  0.00  0.00  0.04  0.18  1.78  0.90  0.00  0.00  0.00  0.00  0.00  0.00  0.00  0.00  0.00  0.00  0.00  0.00  0.00  0.00  0.04  0.22  0.48  0.12  0.00  0.00  0.00  0.00  0.00  0.00  0.00  0.00  0.00  0.00  0.00  0.00  0.00  0.00  0.00  0.00  0.00  0.00  0.00  0.00  0.00  0.00
  0.00  0.00  0.00  0.00  0.00  0.00  0.00  0.00  0.00  0.00  0.00  0.00  0.00  0.00  0.00  0.00  0.00  0.00  0.00  0.00  0.00  0.00  0.00  0.00  0.00  0.00  0.00  0.00  0.00  0.00  0.00  0.00  0.00  0.00  0.00  0.00  0.00  0.00  0.00  0.00  0.00  0.00  0.00  0.00  0.00  0.00  0.00  0.00  0.00  0.00  0.00  0.00  0.00  0.00  0.00  0.00  0.00  0.00  0.00  0.00  0.00  0.00  0.00  0.00
  0.00  0.00  0.00  0.00  0.00  0.00  0.00  0.00  0.00  0.00  0.00  0.00  0.00  0.00  0.00  0.00  0.00  0.00  0.00  0.00  0.00  0.00  0.00  0.00  0.00  0.00  0.00  0.00  0.00  0.00  0.00  0.00  0.00  0.00  0.00  0.00  0.00  0.00  0.00  0.00  0.00  0.00  0.00  0.00  0.00  0.00  0.00  0.00  0.00  0.00  0.00  0.00  0.00  0.00  0.00  0.00  0.00  0.00  0.00  0.00  0.00  0.00  0.00  0.00
  0.00  0.00  0.00  0.00  0.00  0.00  0.00  0.00  0.00  0.00  0.00  0.00  0.00  0.00  0.00  0.00  0.00  0.00  0.00  0.00  0.00  0.00  0.00  0.00  0.00  0.00  0.00  0.00  0.00  0.00  0.00  0.00  0.00  0.00  0.00  0.00  0.00  0.00  0.00  0.00  0.00  0.00  0.00  0.00  0.00  0.00  0.00  0.00  0.00  0.00  0.00  0.00  0.00  0.00  0.00  0.00  0.00  0.00  0.00  0.00  0.00  0.00  0.00  0.00
  0.00  0.00  0.00  0.00  0.00  0.00  0.00  0.00  0.00  0.00  0.00  0.00  0.00  0.00  0.00  0.00  0.00  0.00  0.00  0.00  0.00  0.00  0.00  0.00  0.00  0.00  0.00  0.00  0.00  0.00  0.00  0.00  0.00  0.00  0.00  0.00  0.00  0.00  0.00  0.00  0.00  0.00  0.00  0.00  0.00  0.00  0.00  0.00  0.00  0.00  0.00  0.00  0.00  0.00  0.00  0.00  0.00  0.00  0.00  0.00  0.00  0.00  0.00  0.00
  0.00  0.00  0.00  0.00  0.00  0.00  0.00  0.00  0.00  0.00  0.00  0.00  0.00  0.00  0.00  0.00  0.00  0.00  0.00  0.00  0.00  0.00  0.00  0.00  0.00  0.00  0.00  0.00  0.00  0.00  0.00  0.00  0.00  0.00  0.00  0.00  0.00  0.00  0.00  0.00  0.00  0.00  0.00  0.00  0.00  0.00  0.00  0.00  0.00  0.00  0.00  0.00  0.00  0.00  0.00  0.00  0.00  0.00  0.00  0.00  0.00  0.00  0.00  0.00
  0.00  0.00  0.00  0.00  0.00  0.00  0.00  0.00  0.00  0.00  0.00  0.00  0.00  0.00  0.00  0.00  0.00  0.00  0.00  0.00  0.00  0.00  0.00  0.00  0.00  0.00  0.00  0.00  0.00  0.00  0.00  0.00  0.00  0.00  0.00  0.00  0.00  0.00  0.00  0.00  0.00  0.00  0.00  0.00  0.00  0.00  0.00  0.00  0.00  0.00  0.00  0.00  0.00  0.00  0.00  0.00  0.00  0.00  0.00  0.00  0.00  0.00  0.00  0.00
  0.00  0.00  0.00  0.00  0.00  0.00  0.00  0.00  0.00  0.00  0.00  0.00  0.00  0.00  0.00  0.00  0.00  0.00  0.00  0.00  0.00  0.00  0.00  0.00  0.00  0.00  0.00  0.00  0.00  0.00  0.00  0.00  0.00  0.00  0.00  0.00  0.00  0.00  0.00  0.00  0.00  0.00  0.00  0.00  0.00  0.00  0.00  0.00  0.00  0.00  0.00  0.00  0.00  0.00  0.00  0.00  0.00  0.00  0.00  0.00  0.00  0.00  0.00  0.00
  0.00  0.00  0.00  0.00  0.00  0.00  0.00  0.00  0.00  0.00  0.00  0.00  0.00  0.00  0.00  0.00  0.00  0.00  0.00  0.00  0.00  0.00  0.00  0.00  0.00  0.00  0.00  0.00  0.00  0.00  0.00  0.00  0.00  0.00  0.00  0.00  0.00  0.00  0.00  0.00  0.00  0.00  0.00  0.00  0.00  0.00  0.00  0.00  0.00  0.00  0.00  0.00  0.00  0.00  0.00  0.00  0.00  0.00  0.00  0.00  0.00  0.00  0.00  0.00
  0.00  0.00  0.00  0.00  0.00  0.00  0.00  0.00  0.00  0.00  0.00  0.00  0.00  0.00  0.00  0.00  0.00  0.00  0.00  0.00  0.00  0.00  0.00  0.00  0.00  0.00  0.00  0.00  0.00  0.00  0.00  0.00  0.00  0.00  0.00  0.00  0.00  0.00  0.00  0.00  0.00  0.00  0.00  0.00  0.00  0.00  0.00  0.00  0.00  0.00  0.00  0.00  0.00  0.00  0.00  0.00  0.00  0.00  0.00  0.00  0.00  0.00  0.00  0.00
  0.00  0.00  0.00  0.00  0.00  0.00  0.00  0.00  0.00  0.00  0.00  0.00  0.00  0.00  0.00  0.00  0.00  0.00  0.00  0.00  0.00  0.00  0.00  0.00  0.00  0.00  0.00  0.00  0.00  0.00  0.00  0.00  0.00  0.00  0.00  0.00  0.00  0.00  0.00  0.00  0.00  0.00  0.00  0.00  0.00  0.00  0.00  0.00  0.00  0.00  0.00  0.00  0.00  0.00  0.00  0.00  0.00  0.00  0.00  0.00  0.00  0.00  0.00  0.00
  0.00  0.00  0.00  0.00  0.00  0.00  0.00  0.00  0.00  0.00  0.00  0.00  0.00  0.00  0.00  0.00  0.00  0.00  0.00  0.00  0.00  0.00  0.00  0.00  0.00  0.00  0.00  0.00  0.00  0.00  0.00  0.00  0.00  0.00  0.00  0.00  0.00  0.00  0.00  0.00  0.00  0.00  0.00  0.00  0.00  0.00  0.00  0.00  0.00  0.00  0.00  0.00  0.00  0.00  0.00  0.00  0.00  0.00  0.00  0.00  0.00  0.00  0.00  0.00
  0.00  0.00  0.00  0.00  0.00  0.00  0.00  0.00  0.00  0.00  0.00  0.00  0.00  0.00  0.00  0.00  0.00  0.00  0.00  0.00  0.00  0.00  0.00  0.00  0.00  0.00  0.00  0.00  0.00  0.00  0.00  0.00  0.00  0.00  0.00  0.00  0.00  0.00  0.00  0.00  0.00  0.00  0.00  0.00  0.00  0.00  0.00  0.00  0.00  0.00  0.00  0.00  0.00  0.00  0.00  0.00  0.00  0.00  0.00  0.00  0.00  0.00  0.00  0.00
  0.00  0.00  0.00  0.00  0.00  0.00  0.00  0.00  0.00  0.00  0.00  0.00  0.00  0.00  0.00  0.00  0.00  0.00  0.00  0.00  0.00  0.00  0.00  0.00  0.00  0.00  0.00  0.00  0.00  0.00  0.00  0.00  0.00  0.00  0.00  0.00  0.00  0.00  0.00  0.00  0.00  0.00  0.00  0.00  0.00  0.00  0.00  0.00  0.00  0.00  0.00  0.00  0.00  0.00  0.00  0.00  0.00  0.00  0.00  0.00  0.00  0.00  0.00  0.00
  0.00  0.00  0.00  0.00  0.00  0.00  0.00  0.00  0.00  0.00  0.00  0.00  0.00  0.00  0.00  0.00  0.00  0.00  0.00  0.00  0.00  0.00  0.00  0.00  0.00  0.00  0.00  0.00  0.00  0.00  0.00  0.00  0.00  0.00  0.00  0.00  0.00  0.00  0.00  0.00  0.00  0.00  0.00  0.00  0.00  0.00  0.00  0.00  0.00  0.00  0.00  0.00  0.00  0.00  0.00  0.00  0.00  0.00  0.00  0.00  0.00  0.00  0.00  0.00
  0.00  0.00  0.00  0.00  0.00  0.00  0.00  0.00  0.00  0.00  0.00  0.00  0.00  0.00  0.00  0.00  0.00  0.00  0.00  0.00  0.00  0.00  0.00  0.00  0.00  0.00  0.00  0.00  0.00  0.00  0.00  0.00  0.00  0.00  0.00  0.00  0.00  0.00  0.00  0.00  0.00  0.00  0.00  0.00  0.00  0.00  0.00  0.00  0.00  0.00  0.00  0.00  0.00  0.00  0.00  0.00  0.00  0.00  0.00  0.00  0.00  0.00  0.00  0.00
  0.00  0.00  0.00  0.00  0.00  0.00  0.00  0.00  0.00  0.00  0.00  0.00  0.00  0.00  0.00  0.00  0.00  0.00  0.00  0.00  0.00  0.00  0.00  0.00  0.00  0.00  0.00  0.00  0.00  0.00  0.00  0.00  0.00  0.00  0.00  0.00  0.00  0.00  0.00  0.00  0.00  0.00  0.00  0.00  0.00  0.00  0.00  0.00  0.00  0.00  0.00  0.00  0.00  0.00  0.00  0.00  0.00  0.00  0.00  0.00  0.00  0.00  0.00  0.00
  0.00  0.00  0.00  0.00  0.00  0.00  0.00  0.00  0.00  0.00  0.00  0.00  0.00  0.00  0.00  0.00  0.00  0.00  0.00  0.00  0.00  0.00  0.00  0.00  0.00  0.00  0.00  0.00  0.00  0.00  0.00  0.00  0.00  0.00  0.00  0.00  0.00  0.00  0.00  0.00  0.00  0.00  0.00  0.00  0.00  0.00  0.00  0.00  0.00  0.00  0.00  0.00  0.00  0.00  0.00  0.00  0.00  0.00  0.00  0.00  0.00  0.00  0.00  0.00

 density range (Hz): 0.000000 5.280000