Array Size: 64  64
  0.00  0.00 11.02  1.34  2.16  0.70  0.58  0.64  0.44  0.22  0.20  0.38  0.96  0.42  0.42  0.36  0.20  0.38  0.50  0.34  1.58  1.32  0.00  0.00  0.04  0.64  1.60  1.22  2.18  0.38  1.08  0.26  0.18  0.12  0.08  0.00  0.00  0.00  0.00  0.36  0.32  0.36  0.72  0.30  0.72  0.00  0.00  0.00  0.00  0.00  0.00  0.00  0.00  0.00  0.00  0.00  0.00  0.00  0.00  0.00  0.00  0.00  0.00  0.00
  0.00  0.00  0.90  1.00  0.30  0.50  0.18  0.20  0.30  0.28  0.24  0.22  0.50  0.92  0.56  0.30  0.56  0.66  0.28  0.42  0.36  0.58  0.80  0.64  0.62  0.72  1.12  1.48  0.36  0.18  0.06  0.42  0.50  0.32  0.28  0.86  0.64  1.14  1.04  0.70  0.22  0.98  0.26  0.18  0.36  0.00  0.00  0.00  0.00  0.00  0.00  0.00  0.00  0.00  0.00  0.00  0.00  0.00  0.00  0.00  0.00  0.00  0.00  0.00
  0.00  0.12  0.58  0.64  0.22  0.16  0.20  0.22  0.30  0.62  0.42  0.60  1.32  0.40  0.60  0.50  0.52  0.58  0.28  0.40  0.40  0.38  0.84  0.38  0.34  0.38  0.80  1.18  1.02  0.30  0.28  0.32  0.60  1.02  1.38  1.12  1.02  2.36  0.90  0.78  1.26  0.34  0.38  0.36  0.38  0.00  0.00  0.00  0.00  0.00  0.00  0.00  0.00  0.00  0.00  0.00  0.00  0.00  0.00  0.00  0.00  0.00  0.00  0.00
  0.00  0.10  0.42  0.64  0.46  0.44  0.52  0.48  0.32  0.38  0.36  0.54  0.34  0.38  0.42  0.46  0.40  1.26  0.56  0.78  0.54  0.30  0.36  0.10  0.30  0.26  0.44  1.02  0.20  0.24  0.64  0.24  0.18  0.56  0.26  0.90  0.70  0.18  0.52  0.56  0.28  0.54  0.98  0.42  0.68  0.00  0.00  0.00  0.00  0.00  0.00  0.00  0.00  0.00  0.00  0.00  0.00  0.00  0.00  0.00  0.00  0.00  0.00  0.00
  0.00  0.12  0.56  1.54  0.86  0.52  1.04  0.84  0.82  0.38  0.36  0.18  0.20  2.38  0.92  0.48  0.30  0.96  0.54  0.50  0.98  0.04  0.10  0.24  0.32  0.50  0.46  0.14  0.20  0.46  0.62  0.18  0.16  0.70  0.32  0.44  1.54  0.86  0.40  0.18  0.38  0.34  0.82  0.34  0.86  0.02  0.00  0.00  0.00  0.00  0.00  0.00  0.00  0.00  0.00  0.00  0.00  0.00  0.00  0.00  0.00  0.00  0.00  0.00
  0.00  0.18  0.34  0.44  1.12  0.88  0.96  0.50  1.08  0.44  0.58  0.42  0.76  1.36  0.58  3.00  0.28  0.32  0.98  0.38  1.36  0.38  0.30  0.16  0.10  0.42  0.46  0.90  0.94  0.64  0.56  0.38  0.86  0.46  0.36  0.44  0.84  0.56  0.74  0.34  0.64  0.34  1.14  0.30  0.40  0.08  0.00  0.00  0.00  0.00  0.00  0.00  0.00  0.00  0.00  0.00  0.00  0.00  0.00  0.00  0.00  0.00  0.00  0.00
  0.00  0.12  0.24  0.34  1.12  1.08  1.10  0.72  0.46  0.32  0.14  0.30  0.40  0.32  0.34  0.66  0.28  0.30  0.44  1.44  0.72  1.04  0.98  0.74  0.64  0.18  0.32  0.56  0.22  0.28  0.42  0.44  0.48  0.44  2.26  4.46  3.72  0.68  0.96  0.50  1.02  0.56  0.32  0.20  0.94  4.56  0.00  0.00  0.00  0.00  0.00  0.00  0.00  0.00  0.00  0.00  0.00  0.00  0.00  0.00  0.00  0.00  0.00  0.00
  0.00  0.58  1.16  0.70  0.28  0.86  0.96  0.32  0.44  0.66  0.58  0.30  1.24  0.84  0.78  0.14  0.06  0.22  0.22  2.44  0.72  0.46  0.80  0.20  0.44  0.36  0.22  0.04  0.00  0.34  0.18  0.30  0.24  0.24  1.42  1.00  0.58  0.00  0.98  0.98  0.90  0.16  0.62  1.64  0.96  0.00  0.00  0.00  0.00  0.00  0.00  0.00  0.00  0.00  0.00  0.00  0.00  0.00  0.00  0.00  0.00  0.00  0.00  0.00
  0.00  0.14  1.36  0.58  0.60  0.58  1.18  0.22  0.20  0.22  0.58  0.38  0.86  3.02  0.36  0.22  0.32  0.30  2.38  0.10  0.28  0.26  0.44  0.58  0.42  0.78  1.72  1.02  0.46  0.20  0.30  0.42  0.34  0.26  0.44  0.44  0.26  0.24  0.92  0.58  0.04  0.20  0.46  0.26  0.50  0.00  0.00  0.00  0.00  0.00  0.00  0.00  0.00  0.00  0.00  0.00  0.00  0.00  0.00  0.00  0.00  0.00  0.00  0.00
  0.00  0.26  0.48  0.68  0.26  0.44  0.94  0.36  0.50  0.32  0.36  0.00  0.24  0.56  0.40  0.20  1.92  0.52  1.64  0.14  0.38  0.36  0.48  0.50  0.46  0.18  2.22  0.48  0.00  0.48  0.02  0.22  0.64  0.36  0.34  0.48  0.22  0.22  0.38  0.66  0.22  0.24  0.26  0.50  1.10  0.00  0.00  0.00  0.00  0.00  0.00  0.00  0.00  0.00  0.00  0.00  0.00  0.00  0.00  0.00  0.00  0.00  0.00  0.00
  0.00  0.12  0.68  0.20  0.12  0.62  0.78  0.28  0.56  0.34  0.66  0.22  0.38  0.36  0.68  0.34  0.36  0.56  2.16  1.62  0.22  0.10  0.10  0.02  0.34  0.70  0.58  0.42  0.06  0.38  0.00  0.24  0.46  0.92  0.94  0.54  0.58  0.34  0.90  0.22  0.28  0.08  0.22  0.14  0.68  0.00  0.00  0.00  0.00  0.00  0.00  0.00  0.00  0.00  0.00  0.00  0.00  0.00  0.00  0.00  0.00  0.00  0.00  0.00
  0.00  0.16  0.48  0.98  0.20  0.20  0.22  0.32  0.16  0.24  0.38  0.54  0.12  0.30  0.50  0.60  0.86  0.32  1.48  1.00  0.26  0.34  0.08  0.00  0.02  0.38  0.40  0.32  0.14  0.34  0.14  0.18  0.28  1.16  0.46  0.28  0.86  1.16  1.24  0.02  0.16  0.08  0.16  0.40  0.70  0.00  0.00  0.00  0.00  0.00  0.00  0.00  0.00  0.00  0.00  0.00  0.00  0.00  0.00  0.00  0.00  0.00  0.00  0.00
  0.00  0.20  1.54  1.52  1.04  0.40  0.02  0.12  0.18  0.26  0.68  1.22  0.48  0.40  0.38  0.60  0.70  0.96  0.58  1.04  0.50  0.24  0.08  0.08  0.14  0.20  0.56  0.36  0.12  0.30  0.40  0.44  1.24  0.42  0.64  0.34  0.46  1.12  0.88  0.56  0.50  0.74  0.26  0.46  0.72  0.00  0.00  0.00  0.00  0.00  0.00  0.00  0.00  0.00  0.00  0.00  0.00  0.00  0.00  0.00  0.00  0.00  0.00  0.00
  0.00  0.16  0.14  1.04  0.38  0.08  0.10  0.06  0.24  0.24  0.92  0.72  0.34  0.30  0.48  0.80  0.10  0.44  0.36  0.34  0.40  0.20  0.26  0.00  0.10  0.26  0.40  0.50  0.30  0.96  0.40  0.24  0.50  1.30  0.42  2.54  0.74  0.16  0.76  0.42  0.58  0.74  0.56  0.24  0.72  0.00  0.00  0.00  0.00  0.00  0.00  0.00  0.00  0.00  0.00  0.00  0.00  0.00  0.00  0.00  0.00  0.00  0.00  0.00
  0.00  0.22  0.42  0.56  0.18  0.34  0.10  0.12  0.40  0.24  0.12  0.18  0.20  0.46  0.84  0.62  0.30  0.30  0.22  1.00  0.22  0.40  0.44  0.50  0.60  0.00  0.64  0.12  0.30  0.20  0.26  0.76  0.34  0.24  0.28  5.00  0.74  0.84  0.76  0.70  0.70  0.80  0.60  0.24  0.90  0.00  0.00  0.00  0.00  0.00  0.00  0.00  0.00  0.00  0.00  0.00  0.00  0.00  0.00  0.00  0.00  0.00  0.00  0.00
  0.00  0.12  0.64  0.24  0.50  0.58  0.24  0.28  0.54  1.22  0.36  0.44  0.48  0.40  0.50  0.70  0.72  0.30  0.52  0.60  0.22  0.26  0.32  0.36  0.48  0.34  1.40  0.44  0.38  0.46  0.60  0.38  0.38  0.16  4.52  0.80  0.14  0.18  0.18  0.62  0.62  0.36  0.30  0.80  0.38  0.00  0.00  0.00  0.00  0.00  0.00  0.00  0.00  0.00  0.00  0.00  0.00  0.00  0.00  0.00  0.00  0.00  0.00  0.00
  0.00  0.06  0.66  0.28  0.32  0.40  0.24  0.60  0.36  0.38  0.40  0.34  0.36  0.60  0.54  0.66  0.54  0.26  0.18  0.40  0.60  0.48  0.66  0.46  0.30  0.86  0.34  0.62  0.60  0.20  0.18  0.00  0.44  0.54  0.58  0.10  0.04  0.72  0.46  0.26  0.34  0.06  1.64  0.32  0.74  0.00  0.00  0.00  0.00  0.00  0.00  0.00  0.00  0.00  0.00  0.00  0.00  0.00  0.00  0.00  0.00  0.00  0.00  0.00
  0.00  0.22  0.32  0.12  0.34  0.42  0.32  0.14  0.30  0.50  0.16  0.26  0.34  0.38  0.74  0.52  0.80  0.52  0.42  0.82  0.66  0.20  0.60  2.48  0.88  0.98  1.94  1.04  0.12  0.50  0.34  0.20  0.40  0.14  0.18  0.06  0.48  0.48  0.42  0.32  0.32  0.40  1.32  0.72  1.06  0.00  0.00  0.00  0.00  0.00  0.00  0.00  0.00  0.00  0.00  0.00  0.00  0.00  0.00  0.00  0.00  0.00  0.00  0.00
  0.02  0.62  0.76  0.28  0.46  0.64  0.32  1.02  0.40  0.16  0.22  0.36  0.14  0.60  0.18  0.54  0.14  0.44  0.64  0.70  0.28  1.06  0.94  1.52  1.76  1.20  0.74  0.24  0.26  0.38  0.70  0.40  1.30  0.42  1.76  1.12  1.14  0.30  0.38  0.20  0.04  0.70  0.96  2.08  1.12  0.00  0.00  0.00  0.00  0.00  0.00  0.00  0.00  0.00  0.00  0.00  0.00  0.00  0.00  0.00  0.00  0.00  0.00  0.00
  1.12  0.48  0.60  0.52  0.58  0.70  0.66  1.30  0.14  0.32  0.78  0.58  0.38  0.50  0.20  0.94  0.74  0.86  0.34  0.74  1.16  0.58  0.44  0.80  0.76  1.72  0.84  0.42  0.64  0.80  0.20  0.28  1.12  0.24  0.56  0.60  0.34  1.14  0.56  0.68  0.34  0.70  1.60  1.48  0.46  0.00  0.00  0.00  0.00  0.00  0.00  0.00  0.00  0.00  0.00  0.00  0.00  0.00  0.00  0.00  0.00  0.00  0.00  0.00
  0.60  0.54  0.50  0.44  1.84  0.12  0.72  0.52  0.36  0.24  0.52  0.22  0.22  0.24  0.26  0.64  0.98  0.86  1.02  1.18  0.84  0.60  0.86  0.54  0.34  0.34  0.64  1.14  1.88  0.50  0.82  0.40  1.16  0.86  0.60  0.28  0.50  0.76  0.66  0.30  0.34  0.46  0.92  1.16  0.58  0.00  0.00  0.00  0.00  0.00  0.00  0.00  0.00  0.00  0.00  0.00  0.00  0.00  0.00  0.00  0.00  0.00  0.00  0.00
  0.00  0.28  0.66  0.14  0.64  1.26  0.62  0.56  0.76  0.50  0.38  0.00  0.50  0.68  1.08  0.90  0.98  0.90  1.00  1.06  0.54  0.90  0.62  0.46  0.68  0.62  0.66  0.44  0.80  0.90  0.96  1.30  0.88  0.58  0.44  0.08  0.26  0.42  0.44  0.32  0.74  0.62  1.22  1.64  0.82  0.00  0.00  0.00  0.00  0.00  0.00  0.00  0.00  0.00  0.00  0.00  0.00  0.00  0.00  0.00  0.00  0.00  0.00  0.00
  0.00  0.18  0.26  0.14  0.34  0.66  0.44  0.66  0.32  0.88  0.90  0.04  0.30  0.60  0.38  0.70  0.64  0.64  0.62  0.28  0.28  0.90  0.88  0.68  0.12  0.34  0.76  0.68  0.54  3.46  0.48  0.46  0.62  0.20  0.94  0.84  0.52  0.22  0.46  0.36  0.64  0.20  0.98  0.42  0.92  0.00  0.00  0.00  0.00  0.00  0.00  0.00  0.00  0.00  0.00  0.00  0.00  0.00  0.00  0.00  0.00  0.00  0.00  0.00
  0.00  0.16  0.42  0.32  0.26  0.42  1.08  0.60  0.64  0.68  0.32  0.36  0.36  0.42  0.12  0.56  1.26  0.66  0.50  0.50  0.26  0.80  0.36  0.46  0.68  0.18  0.48  1.24  1.04  1.62  0.78  0.26  0.10  0.10  1.02  0.36  0.44  0.16  0.30  0.30  0.10  0.52  0.62  0.06  0.98  0.00  0.00  0.00  0.00  0.00  0.00  0.00  0.00  0.00  0.00  0.00  0.00  0.00  0.00  0.00  0.00  0.00  0.00  0.00
  0.00  0.26  0.48  0.42  0.26  0.62  1.80  0.90  0.44  0.56  0.42  0.34  0.70  0.28  0.48  0.62  0.78  0.60  0.36  0.26  0.54  0.54  0.34  2.76  0.36  0.36  0.48  0.66  1.02  0.82  0.76  0.26  0.46  0.06  0.28  0.14  0.92  0.52  0.68  0.54  0.64  0.78  0.40  0.74  1.16  0.00  0.00  0.00  0.00  0.00  0.00  0.00  0.00  0.00  0.00  0.00  0.00  0.00  0.00  0.00  0.00  0.00  0.00  0.00
  0.02  0.30  0.20  0.38  0.38  1.48  0.14  0.42  0.76  0.68  0.70  0.88  0.80  0.54  4.42  1.34  1.32  0.22  0.38  0.38  0.22  0.34  0.76  1.02  1.02  0.64  0.54  0.76  0.70  0.54  0.76  0.54  0.20  0.92  0.62  0.50  0.50  0.90  0.58  0.32  0.40  0.62  0.48  0.42  0.68  0.00  0.00  0.00  0.00  0.00  0.00  0.00  0.00  0.00  0.00  0.00  0.00  0.00  0.00  0.00  0.00  0.00  0.00  0.00
  0.14  0.12  0.22  0.34  0.06  0.52  0.56  0.74  0.54  0.62  0.68  1.06  0.76  1.32  0.92  0.94  0.60  0.34  0.34  0.56  0.24  0.42  1.00  0.98  0.80  1.02  0.66  0.82  0.84  0.48  0.68  0.58  0.60  1.88  1.28  0.60  0.86  0.38  0.42  0.24  0.18  0.42  0.38  0.82  1.10  0.00  0.00  0.00  0.00  0.00  0.00  0.00  0.00  0.00  0.00  0.00  0.00  0.00  0.00  0.00  0.00  0.00  0.00  0.00
  0.34  0.08  0.32  0.10  0.10  0.10  0.26  0.62  0.58  0.22  0.90  0.58  0.50  0.98  0.46  0.08  0.48  0.34  0.62  0.36  0.54  0.54  0.64  2.48  1.10  0.20  1.46  0.64  0.76  0.88  2.36  3.90  0.84  0.80  1.14  1.20  0.60  0.20  0.20  0.18  0.24  0.12  0.14  0.62  2.58  0.00  0.00  0.00  0.00  0.00  0.00  0.00  0.00  0.00  0.00  0.00  0.00  0.00  0.00  0.00  0.00  0.00  0.00  0.00
  0.22  0.10  0.32  0.06  0.00  0.38  0.28  0.98  0.48  1.02  1.40  0.82  0.74  0.76  0.58  0.26  0.34  0.10  0.64  0.46  0.34  0.52  0.46  0.84  0.72  0.22  0.66  0.98  0.50  1.50  2.06  2.96  0.94  0.58  1.18  0.84  0.36  0.24  0.14  0.42  0.40  0.18  0.14  0.66  1.50  0.00  0.00  0.00  0.00  0.00  0.00  0.00  0.00  0.00  0.00  0.00  0.00  0.00  0.00  0.00  0.00  0.00  0.00  0.00
  0.10  0.48  0.32  0.24  0.12  0.46  0.80  2.10  0.60  1.58  1.74  0.94  1.06  1.06  1.08  0.78  0.46  0.58  0.48  0.66  0.54  0.80  0.34  0.66  0.74  2.30  0.78  1.42  1.10  1.42  0.84  2.00  1.34  1.04  0.94  0.92  0.68  0.22  0.30  0.64  0.70  0.42  0.18  0.88  2.06  0.00  0.00  0.00  0.00  0.00  0.00  0.00  0.00  0.00  0.00  0.00  0.00  0.00  0.00  0.00  0.00  0.00  0.00  0.00
  0.04  0.26  0.44  0.12  0.14  0.26  0.62  0.82  0.74  1.26  0.74  1.52  0.62  1.44  1.72  0.98  1.50  0.52  0.46  0.72  0.68  0.48  0.44  0.32  1.08  0.96  0.70  0.30  1.28  0.84  1.30  1.28  0.38  0.32  0.56  1.32  1.56  0.46  0.56  0.56  0.10  0.10  0.30  0.82  0.90  0.00  0.00  0.00  0.00  0.00  0.00  0.00  0.00  0.00  0.00  0.00  0.00  0.00  0.00  0.00  0.00  0.00  0.00  0.00
  0.10  0.30  0.24  0.14  0.08  0.10  0.40  0.62  0.52  0.82  0.46  0.68  0.86  0.90  1.52  0.96  2.26  0.60  0.82  1.52  0.98  1.08  0.96  0.60  1.08  1.04  1.14  0.42  0.94  2.04  2.68  0.80  0.40  0.30  0.36  0.64  1.38  0.30  0.74  0.44  0.34  0.14  0.60  0.80  0.66  0.00  0.00  0.00  0.00  0.00  0.00  0.00  0.00  0.00  0.00  0.00  0.00  0.00  0.00  0.00  0.00  0.00  0.00  0.00
  0.10  0.32  0.30  0.36  0.04  0.02  0.34  0.48  0.66  0.58  0.32  0.58  0.50  0.54  0.80  0.40  0.44  1.10  0.72  1.16  1.02  1.24  0.90  0.60  1.24  0.92  0.94  0.70  0.72  1.34  4.54  0.72  0.90  1.26  2.12  0.78  0.50  0.72  0.96  0.14  0.34  0.40  1.74  1.86  0.68  0.00  0.00  0.00  0.00  0.00  0.00  0.00  0.00  0.00  0.00  0.00  0.00  0.00  0.00  0.00  0.00  0.00  0.00  0.00
  0.08  0.30  0.78  0.14  0.10  0.08  0.40  0.80  0.38  0.82  0.78  0.70  1.52  0.80  0.40  0.54  0.68  0.92  0.68  0.62  1.34  1.02  0.60  0.80  0.88  1.10  0.84  0.70  0.46  0.48  1.18  0.50  0.24  0.52  2.68  1.16  0.62  0.18  0.58  0.84  0.52  0.32  0.60  0.76  1.96  0.00  0.00  0.00  0.00  0.00  0.00  0.00  0.00  0.00  0.00  0.00  0.00  0.00  0.00  0.00  0.00  0.00  0.00  0.00
  0.12  0.56  0.54  0.42  0.00  0.04  0.52  0.14  0.76  1.06  0.82  0.42  0.22  0.42  0.40  0.10  0.44  0.34  0.46  0.54  0.30  0.80  0.42  0.30  0.60  1.22  0.40  0.96  0.62  0.42  0.52  1.02  0.78  0.84  0.56  0.02  0.04  0.24  0.80  0.44  1.02  0.44  0.90  1.32  0.46  0.00  0.00  0.00  0.00  0.00  0.00  0.00  0.00  0.00  0.00  0.00  0.00  0.00  0.00  0.00  0.00  0.00  0.00  0.00
  0.38  0.46  1.96  0.74  0.08  0.12  0.26  0.08  0.30  0.18  0.52  0.52  0.92  0.72  0.64  0.32  0.52  0.34  0.86  0.32  0.62  1.06  0.44  0.48  0.52  0.78  0.66  0.96  0.98  0.70  0.62  0.44  0.56  0.66  0.40  0.26  0.24  1.00  0.80  0.52  0.46  0.42  0.30  1.54  0.80  0.00  0.00  0.00  0.00  0.00  0.00  0.00  0.00  0.00  0.00  0.00  0.00  0.00  0.00  0.00  0.00  0.00  0.00  0.00
  0.72  0.40  2.68  0.54  0.12  0.40  0.20  0.06  0.26  0.28  0.44  0.60  0.56  0.60  0.88  0.62  0.44  1.48  2.98  1.24  0.62  0.84  0.70  1.06  0.68  0.60  0.42  0.34  0.48  0.80  0.30  0.34  0.52  0.60  0.40  0.50  0.22  0.76  0.56  0.46  0.56  0.16  0.10  0.46  0.26  0.00  0.00  0.00  0.00  0.00  0.00  0.00  0.00  0.00  0.00  0.00  0.00  0.00  0.00  0.00  0.00  0.00  0.00  0.00
  0.24  0.24  0.36  1.44  1.58  1.08  0.62  0.22  0.28  0.38  0.26  1.06  0.48  1.94  0.84  0.76  0.44  0.42  0.94  0.34  0.44  0.62  0.48  0.34  0.10  0.38  0.32  0.26  0.34  0.38  0.40  0.38  0.64  0.16  0.36  0.32  0.26  0.28  0.44  0.80  0.38  0.96  0.24  0.12  0.26  0.00  0.00  0.00  0.00  0.00  0.00  0.00  0.00  0.00  0.00  0.00  0.00  0.00  0.00  0.00  0.00  0.00  0.00  0.00
  0.20  0.80  1.32  1.08  0.56  1.22  0.32  0.30  0.26  0.56  0.36  0.28  0.78  0.66  0.76  0.30  0.40  0.64  0.62  0.22  0.24  0.12  0.06  0.02  0.14  0.10  2.68  0.08  0.34  0.06  0.44  0.16  0.70  0.52  0.54  0.56  0.46  0.10  1.12  1.20  0.50  0.64  0.16  0.10  0.34  0.00  0.00  0.00  0.00  0.00  0.00  0.00  0.00  0.00  0.00  0.00  0.00  0.00  0.00  0.00  0.00  0.00  0.00  0.00
  0.22  0.56  0.50  0.48  0.00  0.32  0.12  1.46  0.06  0.40  0.08  0.44  0.46  0.00  0.90  0.32  0.34  0.62  0.30  0.84  0.20  0.18  0.20  0.14  0.26  0.10  0.30  0.36  0.46  0.28  0.58  0.38  0.82  0.62  0.58  0.84  0.40  0.44  0.50  0.64  0.44  0.84  0.26  0.24  0.44  0.00  0.00  0.00  0.00  0.00  0.00  0.00  0.00  0.00  0.00  0.00  0.00  0.00  0.00  0.00  0.00  0.00  0.00  0.00
  0.40  0.36  0.20  0.14  0.26  0.26  0.60  0.66  0.04  0.20  0.58  0.38  0.08  0.08  0.46  0.74  0.70  0.64  0.04  0.10  0.00  0.02  0.26  1.70  0.70  0.52  0.28  0.10  0.78  0.10  0.18  0.22  0.32  0.28  0.44  0.36  0.62  0.58  1.96  0.80  0.18  0.20  0.10  0.32  0.54  0.00  0.00  0.00  0.00  0.00  0.00  0.00  0.00  0.00  0.00  0.00  0.00  0.00  0.00  0.00  0.00  0.00  0.00  0.00
  0.26  0.24  0.32  0.06  0.00  0.30  0.48  0.64  0.24  0.28  1.12  0.22  0.18  0.38  0.92  0.84  0.44  0.54  0.26  0.12  0.06  0.10  0.28  0.18  0.66  0.74  0.40  0.46  0.30  0.22  0.20  0.18  0.44  1.04  0.78  1.50  0.56  0.24  0.38  0.44  0.54  0.36  1.76  0.60  0.36  0.00  0.00  0.00  0.00  0.00  0.00  0.00  0.00  0.00  0.00  0.00  0.00  0.00  0.00  0.00  0.00  0.00  0.00  0.00
  0.06  0.42  0.28  0.24  0.52  0.12  0.18  0.24  0.14  0.58  0.50  0.28  0.30  0.50  0.90  0.84  0.20  0.12  0.00  0.14  0.64  0.74  0.66  0.00  0.14  0.38  1.06  1.52  0.34  0.38  0.30  0.30  0.28  0.50  0.40  0.90  0.66  0.56  0.64  0.16  0.14  0.08  0.06  0.32  0.14  0.00  0.00  0.00  0.00  0.00  0.00  0.00  0.00  0.00  0.00  0.00  0.00  0.00  0.00  0.00  0.00  0.00  0.00  0.00
  0.12  0.40  0.76  0.08  0.00  0.00  0.00  0.14  0.00  0.44  0.82  0.28  0.18  0.38  0.20  0.10  0.12  0.66  1.04  0.48  0.36  0.46  0.46  1.46  0.54  0.30  2.20  0.26  1.08  0.32  0.10  0.44  0.04  0.00  0.08  0.78  0.32  0.52  0.32  0.26  0.10  0.06  0.02  0.00  0.10  0.00  0.00  0.00  0.00  0.00  0.00  0.00  0.00  0.00  0.00  0.00  0.00  0.00  0.00  0.00  0.00  0.00  0.00  0.00
  0.48  0.18  3.30  0.30  0.30  0.26  0.32  0.22  0.82  0.58  0.70  0.32  0.28  0.36  0.14  0.26  0.18  0.60  0.38  0.84  1.04  0.56  1.08  1.02  0.74  0.66  1.62  1.96  0.80  0.48  0.80  0.40  0.26  0.20  0.32  0.24  0.42  0.32  0.54  0.18  0.02  0.00  0.04  0.32  0.02  0.00  0.00  0.00  0.00  0.00  0.00  0.00  0.00  0.00  0.00  0.00  0.00  0.00  0.00  0.00  0.00  0.00  0.00  0.00
  1.06  0.00  0.48  0.26  0.24  0.18  0.30  0.80  0.54  0.70  1.88  0.44  0.22  0.18  0.48  0.58  0.18  0.16  0.08  0.50  1.94  0.90  0.12  0.50  0.50  0.60  0.14  0.36  0.26  0.18  0.04  0.04  0.12  0.16  0.26  0.06  0.04  0.02  0.04  0.30  0.06  0.08  0.04  0.00  0.00  0.00  0.00  0.00  0.00  0.00  0.00  0.00  0.00  0.00  0.00  0.00  0.00  0.00  0.00  0.00  0.00  0.00  0.00  0.00
  0.00  0.00  0.00  0.00  0.00  0.00  0.00  0.48  0.20  0.00  0.00  0.00  0.00  0.00  0.00  0.00  0.00  0.00  0.00  0.00  0.62  0.00  0.00  0.00  0.00  0.00  0.00  0.00  0.00  0.26  0.10  0.00  0.00  0.16  0.22  0.16  0.10  0.10  0.08  0.12  0.00  0.00  0.00  0.00  0.00  0.00  0.00  0.00  0.00  0.00  0.00  0.00  0.00  0.00  0.00  0.00  0.00  0.00  0.00  0.00  0.00  0.00  0.00  0.00
  0.00  0.00  0.00  0.00  0.00  0.00  0.00  0.00  0.00  0.00  0.00  0.00  0.00  0.00  0.00  0.00  0.00  0.00  0.00  0.00  0.00  0.00  0.00  0.00  0.00  0.00  0.00  0.00  0.00  0.00  0.00  0.00  0.00  0.00  0.00  0.00  0.00  0.00  0.00  0.00  0.00  0.00  0.00  0.00  0.00  0.00  0.00  0.00  0.00  0.00  0.00  0.00  0.00  0.00  0.00  0.00  0.00  0.00  0.00  0.00  0.00  0.00  0.00  0.00
  0.00  0.00  0.00  0.00  0.00  0.00  0.00  0.00  0.00  0.00  0.00  0.00  0.00  0.00  0.00  0.00  0.00  0.00  0.00  0.00  0.00  0.00  0.00  0.00  0.00  0.00  0.00  0.00  0.00  0.00  0.00  0.00  0.00  0.00  0.00  0.00  0.00  0.00  0.00  0.00  0.00  0.00  0.00  0.00  0.00  0.00  0.00  0.00  0.00  0.00  0.00  0.00  0.00  0.00  0.00  0.00  0.00  0.00  0.00  0.00  0.00  0.00  0.00  0.00
  0.00  0.00  0.00  0.00  0.00  0.00  0.00  0.00  0.00  0.00  0.00  0.00  0.00  0.00  0.00  0.00  0.00  0.00  0.00  0.00  0.00  0.00  0.00  0.00  0.00  0.00  0.00  0.00  0.00  0.00  0.00  0.00  0.00  0.00  0.00  0.00  0.00  0.00  0.00  0.00  0.00  0.00  0.00  0.00  0.00  0.00  0.00  0.00  0.00  0.00  0.00  0.00  0.00  0.00  0.00  0.00  0.00  0.00  0.00  0.00  0.00  0.00  0.00  0.00
  0.00  0.00  0.00  0.00  0.00  0.00  0.00  0.00  0.00  0.00  0.00  0.00  0.00  0.00  0.00  0.00  0.00  0.00  0.00  0.00  0.00  0.00  0.00  0.00  0.00  0.00  0.00  0.00  0.00  0.00  0.00  0.00  0.00  0.00  0.00  0.00  0.00  0.00  0.00  0.00  0.00  0.00  0.00  0.00  0.00  0.00  0.00  0.00  0.00  0.00  0.00  0.00  0.00  0.00  0.00  0.00  0.00  0.00  0.00  0.00  0.00  0.00  0.00  0.00
  0.00  0.00  0.00  0.00  0.00  0.00  0.00  0.00  0.00  0.00  0.00  0.00  0.00  0.00  0.00  0.00  0.00  0.00  0.00  0.00  0.00  0.00  0.00  0.00  0.00  0.00  0.00  0.00  0.00  0.00  0.00  0.00  0.00  0.00  0.00  0.00  0.00  0.00  0.00  0.00  0.00  0.00  0.00  0.00  0.00  0.00  0.00  0.00  0.00  0.00  0.00  0.00  0.00  0.00  0.00  0.00  0.00  0.00  0.00  0.00  0.00  0.00  0.00  0.00
  0.00  0.00  0.00  0.00  0.00  0.00  0.00  0.00  0.00  0.00  0.00  0.00  0.00  0.00  0.00  0.00  0.00  0.00  0.00  0.00  0.00  0.00  0.00  0.00  0.00  0.00  0.00  0.00  0.00  0.00  0.00  0.00  0.00  0.00  0.00  0.00  0.00  0.00  0.00  0.00  0.00  0.00  0.00  0.00  0.00  0.00  0.00  0.00  0.00  0.00  0.00  0.00  0.00  0.00  0.00  0.00  0.00  0.00  0.00  0.00  0.00  0.00  0.00  0.00
  0.00  0.00  0.00  0.00  0.00  0.00  0.00  0.00  0.00  0.00  0.00  0.00  0.00  0.00  0.00  0.00  0.00  0.00  0.00  0.00  0.00  0.00  0.00  0.00  0.00  0.00  0.00  0.00  0.00  0.00  0.00  0.00  0.00  0.00  0.00  0.00  0.00  0.00  0.00  0.00  0.00  0.00  0.00  0.00  0.00  0.00  0.00  0.00  0.00  0.00  0.00  0.00  0.00  0.00  0.00  0.00  0.00  0.00  0.00  0.00  0.00  0.00  0.00  0.00
  0.00  0.00  0.00  0.00  0.00  0.00  0.00  0.00  0.00  0.00  0.00  0.00  0.00  0.00  0.00  0.00  0.00  0.00  0.00  0.00  0.00  0.00  0.00  0.00  0.00  0.00  0.00  0.00  0.00  0.00  0.00  0.00  0.00  0.00  0.00  0.00  0.00  0.00  0.00  0.00  0.00  0.00  0.00  0.00  0.00  0.00  0.00  0.00  0.00  0.00  0.00  0.00  0.00  0.00  0.00  0.00  0.00  0.00  0.00  0.00  0.00  0.00  0.00  0.00
  0.00  0.00  0.00  0.00  0.00  0.00  0.00  0.00  0.00  0.00  0.00  0.00  0.00  0.00  0.00  0.00  0.00  0.00  0.00  0.00  0.00  0.00  0.00  0.00  0.00  0.00  0.00  0.00  0.00  0.00  0.00  0.00  0.00  0.00  0.00  0.00  0.00  0.00  0.00  0.00  0.00  0.00  0.00  0.00  0.00  0.00  0.00  0.00  0.00  0.00  0.00  0.00  0.00  0.00  0.00  0.00  0.00  0.00  0.00  0.00  0.00  0.00  0.00  0.00
  0.00  0.00  0.00  0.00  0.00  0.00  0.00  0.00  0.00  0.00  0.00  0.00  0.00  0.00  0.00  0.00  0.00  0.00  0.00  0.00  0.00  0.00  0.00  0.00  0.00  0.00  0.00  0.00  0.00  0.00  0.00  0.00  0.00  0.00  0.00  0.00  0.00  0.00  0.00  0.00  0.00  0.00  0.00  0.00  0.00  0.00  0.00  0.00  0.00  0.00  0.00  0.00  0.00  0.00  0.00  0.00  0.00  0.00  0.00  0.00  0.00  0.00  0.00  0.00
  0.00  0.00  0.00  0.00  0.00  0.00  0.00  0.00  0.00  0.00  0.00  0.00  0.00  0.00  0.00  0.00  0.00  0.00  0.00  0.00  0.00  0.00  0.00  0.00  0.00  0.00  0.00  0.00  0.00  0.00  0.00  0.00  0.00  0.00  0.00  0.00  0.00  0.00  0.00  0.00  0.00  0.00  0.00  0.00  0.00  0.00  0.00  0.00  0.00  0.00  0.00  0.00  0.00  0.00  0.00  0.00  0.00  0.00  0.00  0.00  0.00  0.00  0.00  0.00
  0.00  0.00  0.00  0.00  0.00  0.00  0.00  0.00  0.00  0.00  0.00  0.00  0.00  0.00  0.00  0.00  0.00  0.00  0.00  0.00  0.00  0.00  0.00  0.00  0.00  0.00  0.00  0.00  0.00  0.00  0.00  0.00  0.00  0.00  0.00  0.00  0.00  0.00  0.00  0.00  0.00  0.00  0.00  0.00  0.00  0.00  0.00  0.00  0.00  0.00  0.00  0.00  0.00  0.00  0.00  0.00  0.00  0.00  0.00  0.00  0.00  0.00  0.00  0.00
  0.00  0.00  0.00  0.00  0.00  0.00  0.00  0.00  0.00  0.00  0.00  0.00  0.00  0.00  0.00  0.00  0.00  0.00  0.00  0.00  0.00  0.00  0.00  0.00  0.00  0.00  0.00  0.00  0.00  0.00  0.00  0.00  0.00  0.00  0.00  0.00  0.00  0.00  0.00  0.00  0.00  0.00  0.00  0.00  0.00  0.00  0.00  0.00  0.00  0.00  0.00  0.00  0.00  0.00  0.00  0.00  0.00  0.00  0.00  0.00  0.00  0.00  0.00  0.00
  0.00  0.00  0.00  0.00  0.00  0.00  0.00  0.00  0.00  0.00  0.00  0.00  0.00  0.00  0.00  0.00  0.00  0.00  0.00  0.00  0.00  0.00  0.00  0.00  0.00  0.00  0.00  0.00  0.00  0.00  0.00  0.00  0.00  0.00  0.00  0.00  0.00  0.00  0.00  0.00  0.00  0.00  0.00  0.00  0.00  0.00  0.00  0.00  0.00  0.00  0.00  0.00  0.00  0.00  0.00  0.00  0.00  0.00  0.00  0.00  0.00  0.00  0.00  0.00
  0.00  0.00  0.00  0.00  0.00  0.00  0.00  0.00  0.00  0.00  0.00  0.00  0.00  0.00  0.00  0.00  0.00  0.00  0.00  0.00  0.00  0.00  0.00  0.00  0.00  0.00  0.00  0.00  0.00  0.00  0.00  0.00  0.00  0.00  0.00  0.00  0.00  0.00  0.00  0.00  0.00  0.00  0.00  0.00  0.00  0.00  0.00  0.00  0.00  0.00  0.00  0.00  0.00  0.00  0.00  0.00  0.00  0.00  0.00  0.00  0.00  0.00  0.00  0.00
  0.00  0.00  0.00  0.00  0.00  0.00  0.00  0.00  0.00  0.00  0.00  0.00  0.00  0.00  0.00  0.00  0.00  0.00  0.00  0.00  0.00  0.00  0.00  0.00  0.00  0.00  0.00  0.00  0.00  0.00  0.00  0.00  0.00  0.00  0.00  0.00  0.00  0.00  0.00  0.00  0.00  0.00  0.00  0.00  0.00  0.00  0.00  0.00  0.00  0.00  0.00  0.00  0.00  0.00  0.00  0.00  0.00  0.00  0.00  0.00  0.00  0.00  0.00  0.00
  0.00  0.00  0.00  0.00  0.00  0.00  0.00  0.00  0.00  0.00  0.00  0.00  0.00  0.00  0.00  0.00  0.00  0.00  0.00  0.00  0.00  0.00  0.00  0.00  0.00  0.00  0.00  0.00  0.00  0.00  0.00  0.00  0.00  0.00  0.00  0.00  0.00  0.00  0.00  0.00  0.00  0.00  0.00  0.00  0.00  0.00  0.00  0.00  0.00  0.00  0.00  0.00  0.00  0.00  0.00  0.00  0.00  0.00  0.00  0.00  0.00  0.00  0.00  0.00

 density range (Hz): 0.000000 11.020000