Array Size: 64  64
  0.00  0.16  0.13  0.13  0.15  0.14  0.00  0.00  0.00  0.00  0.00  0.00  0.16  0.30  0.36  0.35  0.30  0.11  0.05  0.00  0.00  0.00  0.00  0.00  0.00  0.00  0.00  0.19  0.39  1.10  1.80  2.00  2.65  3.40  4.02  0.00  0.00  0.00  0.00  0.00  5.25  0.00  0.00  0.00  0.00  0.00  0.00  0.00  0.00  0.00  0.00  0.00  0.00  0.00  0.00  0.00  0.00  0.00  0.00  0.00  0.00  0.00  0.00  0.00
  0.00  0.11  0.09  0.09  0.11  0.09  0.00  0.00  0.00  0.00  0.00  0.00  0.14  0.25  0.30  0.30  0.26  0.10  0.05  0.00  0.00  0.00  0.00  0.00  0.00  0.00  0.07  0.16  0.24  0.63  1.07  1.27  1.92  2.81  3.17  4.19  4.55  4.53  4.43  4.71  4.39  4.49  0.00  0.00  0.00  0.00  0.00  0.00  0.00  0.00  0.00  0.00  0.00  0.00  0.00  0.00  0.00  0.00  0.00  0.00  0.00  0.00  0.00  0.00
  0.00  0.08  0.07  0.07  0.08  0.07  0.00  0.11  0.10  0.09  0.10  0.09  0.09  0.15  0.19  0.21  0.20  0.09  0.04  0.00  0.00  0.04  0.04  0.04  0.04  0.09  0.09  0.16  0.30  0.56  0.98  1.29  1.83  2.54  2.96  3.82  4.07  4.07  3.90  4.04  3.54  3.41  2.76  0.00  1.18  0.00  0.00  0.00  0.00  0.00  0.00  0.00  0.00  0.00  0.00  0.00  0.00  0.00  0.00  0.00  0.00  0.00  0.00  0.00
  0.00  0.09  0.14  0.15  0.17  0.13  0.06  0.10  0.10  0.09  0.10  0.09  0.09  0.18  0.23  0.25  0.26  0.15  0.05  0.00  0.00  0.04  0.04  0.04  0.04  0.06  0.05  0.08  0.15  0.31  0.58  0.94  1.48  2.19  2.45  3.35  3.59  3.47  3.22  3.35  2.82  2.40  2.03  1.65  1.12  0.00  0.00  0.00  0.00  0.00  0.00  0.00  0.00  0.00  0.00  0.00  0.00  0.00  0.00  0.00  0.00  0.00  0.00  0.00
  0.00  0.09  0.21  0.23  0.26  0.21  0.13  0.11  0.10  0.14  0.15  0.14  0.09  0.14  0.15  0.16  0.17  0.15  0.08  0.00  0.00  0.11  0.10  0.10  0.09  0.09  0.05  0.05  0.11  0.16  0.32  0.56  0.85  1.09  1.26  2.61  2.83  2.88  2.93  3.15  2.51  2.11  1.76  1.39  0.99  0.00  0.00  0.00  0.00  0.00  0.00  0.00  0.00  0.00  0.00  0.00  0.00  0.00  0.00  0.00  0.00  0.00  0.00  0.00
  0.00  0.08  0.20  0.23  0.27  0.23  0.15  0.12  0.12  0.16  0.17  0.15  0.05  0.14  0.10  0.11  0.12  0.16  0.00  0.00  0.00  0.12  0.11  0.11  0.09  0.09  0.05  0.05  0.09  0.13  0.23  0.37  0.46  0.66  0.70  1.47  1.55  1.65  1.78  1.90  1.57  1.41  1.16  0.73  0.61  0.00  0.00  0.00  0.00  0.00  0.00  0.00  0.00  0.00  0.00  0.00  0.00  0.00  0.00  0.00  0.00  0.00  0.00  0.00
  0.00  0.09  0.21  0.25  0.28  0.26  0.17  0.15  0.19  0.22  0.22  0.20  0.09  0.13  0.09  0.09  0.09  0.13  0.00  0.00  0.00  0.13  0.12  0.13  0.10  0.10  0.03  0.03  0.07  0.12  0.23  0.42  0.48  0.51  0.49  0.71  0.70  0.88  0.95  1.03  0.86  0.79  0.58  0.50  0.41  0.00  0.00  0.00  0.00  0.00  0.00  0.00  0.00  0.00  0.00  0.00  0.00  0.00  0.00  0.00  0.00  0.00  0.00  0.00
  0.00  0.10  0.24  0.27  0.53  0.53  0.43  0.22  0.24  0.11  0.11  0.12  0.10  0.16  0.11  0.10  0.09  0.12  0.00  0.00  0.00  0.06  0.12  0.15  0.12  0.09  0.05  0.05  0.06  0.08  0.09  0.12  0.09  0.12  0.12  0.48  0.58  0.60  0.52  0.52  0.33  0.29  0.24  0.32  0.36  0.00  0.00  0.00  0.00  0.00  0.00  0.00  0.00  0.00  0.00  0.00  0.00  0.00  0.00  0.00  0.00  0.00  0.00  0.00
  0.00  0.00  0.08  0.08  0.34  0.38  0.37  0.34  0.35  0.20  0.16  0.18  0.11  0.12  0.06  0.05  0.05  0.05  0.00  0.05  0.05  0.10  0.20  0.23  0.15  0.14  0.10  0.06  0.08  0.11  0.12  0.13  0.09  0.11  0.11  0.45  0.47  0.52  0.46  0.45  0.20  0.16  0.15  0.19  0.18  0.00  0.00  0.00  0.00  0.00  0.00  0.00  0.00  0.00  0.00  0.00  0.00  0.00  0.00  0.00  0.00  0.00  0.00  0.00
  0.16  0.22  0.16  0.15  0.41  0.42  0.33  0.36  0.38  0.15  0.17  0.19  0.12  0.13  0.11  0.05  0.04  0.05  0.00  0.08  0.12  0.20  0.29  0.34  0.25  0.23  0.16  0.11  0.11  0.14  0.09  0.10  0.07  0.10  0.13  0.17  0.17  0.21  0.17  0.23  0.23  0.25  0.28  0.34  0.25  0.00  0.00  0.00  0.00  0.00  0.00  0.00  0.00  0.00  0.00  0.00  0.00  0.00  0.00  0.00  0.00  0.00  0.00  0.00
  0.33  0.44  0.39  0.36  0.65  0.58  0.44  0.41  0.43  0.15  0.16  0.25  0.19  0.14  0.12  0.06  0.00  0.00  0.05  0.13  0.16  0.33  0.48  0.55  0.48  0.39  0.23  0.13  0.11  0.15  0.12  0.13  0.11  0.14  0.08  0.08  0.08  0.08  0.04  0.19  0.39  0.57  0.64  0.79  0.80  0.00  0.00  0.00  0.00  0.00  0.00  0.00  0.00  0.00  0.00  0.00  0.00  0.00  0.00  0.00  0.00  0.00  0.00  0.00
  0.43  0.48  0.44  0.42  0.70  0.55  0.42  0.38  0.42  0.15  0.15  0.23  0.25  0.20  0.20  0.13  0.06  0.06  0.19  0.28  0.29  0.44  0.59  0.63  0.49  0.43  0.29  0.17  0.12  0.17  0.12  0.13  0.10  0.14  0.08  0.08  0.08  0.08  0.08  0.22  0.40  0.64  0.93  1.09  1.24  0.00  0.00  0.00  0.00  0.00  0.00  0.00  0.00  0.00  0.00  0.00  0.00  0.00  0.00  0.00  0.00  0.00  0.00  0.00
  0.56  0.75  0.67  0.70  0.66  0.59  0.39  0.36  0.41  0.28  0.23  0.24  0.26  0.20  0.20  0.15  0.14  0.13  0.27  0.39  0.38  0.59  0.72  0.72  0.55  0.52  0.30  0.16  0.10  0.14  0.07  0.10  0.11  0.13  0.08  0.07  0.04  0.04  0.08  0.26  0.66  1.06  1.46  1.62  1.87  0.00  0.00  0.00  0.00  0.00  0.00  0.00  0.00  0.00  0.00  0.00  0.00  0.00  0.00  0.00  0.00  0.00  0.00  0.00
  0.65  0.82  0.76  0.85  0.78  0.63  0.41  0.31  0.35  0.24  0.28  0.31  0.39  0.31  0.29  0.30  0.22  0.26  0.39  0.54  0.56  0.86  0.98  0.97  0.75  0.64  0.37  0.21  0.14  0.17  0.08  0.11  0.12  0.14  0.08  0.07  0.04  0.04  0.08  0.25  0.79  1.20  1.62  1.80  2.02  0.00  0.00  0.00  0.00  0.00  0.00  0.00  0.00  0.00  0.00  0.00  0.00  0.00  0.00  0.00  0.00  0.00  0.00  0.00
  0.56  0.64  0.60  0.68  0.66  0.52  0.39  0.30  0.39  0.28  0.27  0.31  0.39  0.30  0.33  0.41  0.33  0.37  0.48  0.58  0.57  0.85  0.98  0.90  0.67  0.58  0.37  0.22  0.15  0.20  0.14  0.17  0.18  0.18  0.04  0.04  0.00  0.04  0.19  0.30  0.84  1.31  1.66  1.69  2.02  0.00  0.00  0.00  0.00  0.00  0.00  0.00  0.00  0.00  0.00  0.00  0.00  0.00  0.00  0.00  0.00  0.00  0.00  0.00
  0.44  0.49  0.41  0.47  0.45  0.36  0.31  0.60  0.76  0.72  0.78  1.02  0.95  0.63  0.63  0.67  0.48  0.50  0.48  0.57  0.63  0.69  0.73  0.68  0.51  0.41  0.32  0.25  0.21  0.11  0.05  0.09  0.09  0.08  0.04  0.04  0.00  0.03  0.24  0.30  0.62  0.87  1.29  1.32  1.63  0.00  0.00  0.00  0.00  0.00  0.00  0.00  0.00  0.00  0.00  0.00  0.00  0.00  0.00  0.00  0.00  0.00  0.00  0.00
  0.37  0.46  0.44  0.44  0.40  0.39  0.48  0.76  0.92  1.04  1.45  1.75  1.88  1.49  1.17  0.68  0.43  0.46  0.35  0.37  0.42  0.44  0.46  0.45  0.46  0.32  0.27  0.22  0.21  0.10  0.10  0.10  0.10  0.10  0.07  0.07  0.04  0.11  0.38  0.50  0.93  1.24  1.34  1.21  1.21  0.00  0.00  0.00  0.00  0.00  0.00  0.00  0.00  0.00  0.00  0.00  0.00  0.00  0.00  0.00  0.00  0.00  0.00  0.00
  0.16  0.11  0.17  0.23  0.41  0.33  0.52  0.82  1.06  1.20  1.65  2.10  2.41  1.70  1.31  0.76  0.51  0.47  0.39  0.29  0.37  0.32  0.34  0.33  0.40  0.28  0.26  0.21  0.20  0.13  0.09  0.07  0.06  0.06  0.06  0.07  0.10  0.21  0.50  0.64  0.94  1.19  1.27  1.06  0.95  0.00  0.00  0.00  0.00  0.00  0.00  0.00  0.00  0.00  0.00  0.00  0.00  0.00  0.00  0.00  0.00  0.00  0.00  0.00
  0.00  0.00  0.07  0.14  0.39  0.36  0.56  0.91  1.25  1.39  1.81  2.34  2.84  2.11  1.71  1.11  0.70  0.46  0.36  0.23  0.25  0.19  0.17  0.15  0.20  0.19  0.20  0.18  0.18  0.15  0.11  0.06  0.11  0.11  0.11  0.13  0.16  0.22  0.54  0.66  0.90  1.18  1.43  1.34  1.43  0.00  0.00  0.00  0.00  0.00  0.00  0.00  0.00  0.00  0.00  0.00  0.00  0.00  0.00  0.00  0.00  0.00  0.00  0.00
  0.00  0.00  0.07  0.19  0.35  0.35  0.64  1.00  1.39  1.55  1.95  2.46  2.90  2.19  1.95  1.34  0.86  0.57  0.48  0.29  0.23  0.18  0.16  0.14  0.16  0.15  0.15  0.12  0.11  0.08  0.07  0.08  0.13  0.13  0.16  0.18  0.16  0.33  0.58  0.75  1.16  1.50  1.59  1.72  1.96  0.00  0.00  0.00  0.00  0.00  0.00  0.00  0.00  0.00  0.00  0.00  0.00  0.00  0.00  0.00  0.00  0.00  0.00  0.00
  0.00  0.00  0.06  0.24  0.34  0.40  0.85  1.20  1.72  2.04  2.31  2.71  2.67  2.14  1.87  1.38  0.94  0.72  0.62  0.41  0.21  0.20  0.11  0.09  0.06  0.12  0.13  0.10  0.09  0.09  0.07  0.10  0.18  0.18  0.20  0.24  0.23  0.41  0.69  0.93  1.36  1.66  1.81  1.90  2.21  0.00  0.00  0.00  0.00  0.00  0.00  0.00  0.00  0.00  0.00  0.00  0.00  0.00  0.00  0.00  0.00  0.00  0.00  0.00
  0.11  0.08  0.05  0.22  0.32  0.39  0.95  1.49  2.20  2.28  2.41  2.53  2.52  1.97  1.96  1.65  1.39  1.08  0.88  0.53  0.32  0.24  0.13  0.10  0.07  0.13  0.10  0.08  0.07  0.07  0.03  0.09  0.19  0.19  0.21  0.23  0.29  0.47  0.64  0.90  1.29  1.49  1.77  1.95  2.37  0.00  0.00  0.00  0.00  0.00  0.00  0.00  0.00  0.00  0.00  0.00  0.00  0.00  0.00  0.00  0.00  0.00  0.00  0.00
  0.09  0.00  0.05  0.16  0.28  0.39  0.92  1.59  2.16  2.22  2.33  2.45  2.54  2.26  2.32  2.14  1.78  1.28  0.98  0.53  0.32  0.26  0.14  0.11  0.07  0.00  0.06  0.05  0.08  0.16  0.14  0.21  0.32  0.30  0.24  0.26  0.27  0.53  0.57  0.77  1.22  1.38  1.58  1.78  2.27  0.00  0.00  0.00  0.00  0.00  0.00  0.00  0.00  0.00  0.00  0.00  0.00  0.00  0.00  0.00  0.00  0.00  0.00  0.00
  0.10  0.08  0.05  0.22  0.33  0.45  0.98  1.88  2.36  2.52  2.65  2.51  2.41  2.30  2.34  2.19  2.04  1.61  1.05  0.46  0.23  0.17  0.09  0.05  0.07  0.00  0.00  0.00  0.06  0.16  0.14  0.25  0.32  0.30  0.22  0.23  0.22  0.53  0.56  0.79  1.18  1.49  1.64  1.85  2.20  0.00  0.00  0.00  0.00  0.00  0.00  0.00  0.00  0.00  0.00  0.00  0.00  0.00  0.00  0.00  0.00  0.00  0.00  0.00
  0.11  0.09  0.06  0.20  0.34  0.50  1.05  1.85  2.21  2.41  2.45  2.42  2.47  2.44  2.40  2.25  1.93  1.45  0.94  0.40  0.26  0.19  0.19  0.23  0.28  0.31  0.28  0.10  0.11  0.31  0.26  0.28  0.37  0.31  0.22  0.22  0.30  0.38  0.46  0.72  0.91  1.18  1.46  1.61  1.79  0.00  0.00  0.00  0.00  0.00  0.00  0.00  0.00  0.00  0.00  0.00  0.00  0.00  0.00  0.00  0.00  0.00  0.00  0.00
  0.14  0.11  0.08  0.15  0.37  0.47  0.95  1.66  2.02  2.18  2.33  2.40  2.46  2.33  2.22  1.98  1.62  1.04  0.69  0.27  0.25  0.15  0.24  0.28  0.34  0.37  0.45  0.67  0.74  0.85  0.70  0.63  0.39  0.34  0.22  0.18  0.26  0.37  0.42  0.60  0.76  1.03  1.23  1.33  1.47  0.00  0.00  0.00  0.00  0.00  0.00  0.00  0.00  0.00  0.00  0.00  0.00  0.00  0.00  0.00  0.00  0.00  0.00  0.00
  0.00  0.00  0.00  0.10  0.42  0.50  0.77  1.29  1.44  1.62  1.84  2.18  2.27  2.13  1.86  1.61  1.09  0.56  0.37  0.14  0.14  0.11  0.20  0.28  0.33  0.35  0.42  0.75  0.80  1.05  0.97  0.92  0.64  0.55  0.31  0.23  0.17  0.22  0.24  0.37  0.46  0.85  1.00  1.12  1.20  0.00  0.00  0.00  0.00  0.00  0.00  0.00  0.00  0.00  0.00  0.00  0.00  0.00  0.00  0.00  0.00  0.00  0.00  0.00
  0.00  0.00  0.00  0.14  0.33  0.34  0.64  1.06  1.29  1.46  1.65  1.95  1.87  1.63  1.36  1.14  0.79  0.44  0.29  0.17  0.14  0.08  0.17  0.24  0.28  0.35  0.41  0.73  0.70  0.93  0.87  0.81  0.54  0.47  0.27  0.20  0.19  0.06  0.15  0.29  0.31  0.68  0.86  0.94  0.96  0.00  0.00  0.00  0.00  0.00  0.00  0.00  0.00  0.00  0.00  0.00  0.00  0.00  0.00  0.00  0.00  0.00  0.00  0.00
  0.00  0.00  0.00  0.00  0.13  0.20  0.46  0.57  0.78  0.87  0.93  1.27  1.43  1.07  0.90  0.76  0.43  0.17  0.17  0.13  0.14  0.09  0.20  0.30  0.30  0.34  0.38  0.65  0.60  0.83  0.80  0.79  0.56  0.50  0.30  0.22  0.22  0.07  0.17  0.32  0.27  0.29  0.33  0.31  0.19  0.00  0.00  0.00  0.00  0.00  0.00  0.00  0.00  0.00  0.00  0.00  0.00  0.00  0.00  0.00  0.00  0.00  0.00  0.00
  0.00  0.00  0.00  0.00  0.13  0.10  0.26  0.44  0.69  0.78  0.84  0.87  0.83  0.50  0.33  0.26  0.23  0.14  0.15  0.17  0.16  0.11  0.07  0.09  0.08  0.08  0.17  0.62  0.57  0.73  0.80  0.81  0.48  0.44  0.23  0.16  0.15  0.08  0.09  0.34  0.29  0.24  0.27  0.32  0.10  0.00  0.00  0.00  0.00  0.00  0.00  0.00  0.00  0.00  0.00  0.00  0.00  0.00  0.00  0.00  0.00  0.00  0.00  0.00
  0.00  0.00  0.00  0.10  0.10  0.10  0.15  0.26  0.39  0.47  0.50  0.54  0.55  0.35  0.23  0.20  0.18  0.11  0.11  0.13  0.11  0.08  0.00  0.00  0.00  0.00  0.00  0.28  0.25  0.50  0.57  0.60  0.48  0.43  0.18  0.10  0.18  0.00  0.11  0.41  0.34  0.29  0.31  0.37  0.11  0.00  0.00  0.00  0.00  0.00  0.00  0.00  0.00  0.00  0.00  0.00  0.00  0.00  0.00  0.00  0.00  0.00  0.00  0.00
  0.00  0.00  0.00  0.11  0.12  0.12  0.09  0.24  0.43  0.47  0.42  0.46  0.38  0.14  0.06  0.12  0.15  0.15  0.16  0.19  0.16  0.13  0.00  0.00  0.00  0.00  0.00  0.13  0.11  0.21  0.21  0.22  0.12  0.11  0.00  0.00  0.17  0.18  0.25  0.57  0.45  0.31  0.30  0.35  0.14  0.00  0.00  0.00  0.00  0.00  0.00  0.00  0.00  0.00  0.00  0.00  0.00  0.00  0.00  0.00  0.00  0.00  0.00  0.00
  0.00  0.00  0.00  0.13  0.15  0.16  0.13  0.00  0.00  0.00  0.00  0.00  0.00  0.10  0.09  0.17  0.13  0.13  0.15  0.17  0.00  0.00  0.00  0.00  0.00  0.00  0.00  0.19  0.16  0.14  0.13  0.00  0.00  0.00  0.00  0.00  0.00  0.00  0.00  0.61  0.51  0.52  0.00  0.00  0.00  0.00  0.00  0.00  0.00  0.00  0.00  0.00  0.00  0.00  0.00  0.00  0.00  0.00  0.00  0.00  0.00  0.00  0.00  0.00
  0.00  0.00  0.00  0.00  0.00  0.00  0.00  0.00  0.00  0.00  0.00  0.00  0.00  0.00  0.00  0.00  0.00  0.00  0.00  0.00  0.00  0.00  0.00  0.00  0.00  0.00  0.00  0.00  0.00  0.00  0.00  0.00  0.00  0.00  0.00  0.00  0.00  0.00  0.00  0.00  0.00  0.00  0.00  0.00  0.00  0.00  0.00  0.00  0.00  0.00  0.00  0.00  0.00  0.00  0.00  0.00  0.00  0.00  0.00  0.00  0.00  0.00  0.00  0.00
  0.00  0.00  0.00  0.00  0.00  0.00  0.00  0.00  0.00  0.00  0.00  0.00  0.00  0.00  0.00  0.00  0.00  0.00  0.00  0.00  0.00  0.00  0.00  0.00  0.00  0.00  0.00  0.00  0.00  0.00  0.00  0.00  0.00  0.00  0.00  0.00  0.00  0.00  0.00  0.00  0.00  0.00  0.00  0.00  0.00  0.00  0.00  0.00  0.00  0.00  0.00  0.00  0.00  0.00  0.00  0.00  0.00  0.00  0.00  0.00  0.00  0.00  0.00  0.00
  0.00  0.00  0.00  0.00  0.00  0.00  0.00  0.00  0.00  0.00  0.00  0.00  0.00  0.00  0.00  0.00  0.00  0.00  0.00  0.00  0.00  0.00  0.00  0.00  0.00  0.00  0.00  0.00  0.00  0.00  0.00  0.00  0.00  0.00  0.00  0.00  0.00  0.00  0.00  0.00  0.00  0.00  0.00  0.00  0.00  0.00  0.00  0.00  0.00  0.00  0.00  0.00  0.00  0.00  0.00  0.00  0.00  0.00  0.00  0.00  0.00  0.00  0.00  0.00
  0.00  0.00  0.00  0.00  0.00  0.00  0.00  0.00  0.00  0.00  0.00  0.00  0.00  0.00  0.00  0.00  0.00  0.00  0.00  0.00  0.00  0.00  0.00  0.00  0.00  0.00  0.00  0.00  0.00  0.00  0.00  0.00  0.00  0.00  0.00  0.00  0.00  0.00  0.00  0.00  0.00  0.00  0.00  0.00  0.00  0.00  0.00  0.00  0.00  0.00  0.00  0.00  0.00  0.00  0.00  0.00  0.00  0.00  0.00  0.00  0.00  0.00  0.00  0.00
  0.00  0.00  0.00  0.00  0.00  0.00  0.00  0.00  0.00  0.00  0.00  0.00  0.00  0.00  0.00  0.00  0.00  0.00  0.00  0.00  0.00  0.00  0.00  0.00  0.00  0.00  0.00  0.00  0.00  0.00  0.00  0.00  0.00  0.00  0.00  0.00  0.00  0.00  0.00  0.00  0.00  0.00  0.00  0.00  0.00  0.00  0.00  0.00  0.00  0.00  0.00  0.00  0.00  0.00  0.00  0.00  0.00  0.00  0.00  0.00  0.00  0.00  0.00  0.00
  0.00  0.00  0.00  0.00  0.00  0.00  0.00  0.00  0.00  0.00  0.00  0.00  0.00  0.00  0.00  0.00  0.00  0.00  0.00  0.00  0.00  0.00  0.00  0.00  0.00  0.00  0.00  0.00  0.00  0.00  0.00  0.00  0.00  0.00  0.00  0.00  0.00  0.00  0.00  0.00  0.00  0.00  0.00  0.00  0.00  0.00  0.00  0.00  0.00  0.00  0.00  0.00  0.00  0.00  0.00  0.00  0.00  0.00  0.00  0.00  0.00  0.00  0.00  0.00
  0.00  0.00  0.00  0.00  0.00  0.00  0.00  0.00  0.00  0.00  0.00  0.00  0.00  0.00  0.00  0.00  0.00  0.00  0.00  0.00  0.00  0.00  0.00  0.00  0.00  0.00  0.00  0.00  0.00  0.00  0.00  0.00  0.00  0.00  0.00  0.00  0.00  0.00  0.00  0.00  0.00  0.00  0.00  0.00  0.00  0.00  0.00  0.00  0.00  0.00  0.00  0.00  0.00  0.00  0.00  0.00  0.00  0.00  0.00  0.00  0.00  0.00  0.00  0.00
  0.00  0.00  0.00  0.00  0.00  0.00  0.00  0.00  0.00  0.00  0.00  0.00  0.00  0.00  0.00  0.00  0.00  0.00  0.00  0.00  0.00  0.00  0.00  0.00  0.00  0.00  0.00  0.00  0.00  0.00  0.00  0.00  0.00  0.00  0.00  0.00  0.00  0.00  0.00  0.00  0.00  0.00  0.00  0.00  0.00  0.00  0.00  0.00  0.00  0.00  0.00  0.00  0.00  0.00  0.00  0.00  0.00  0.00  0.00  0.00  0.00  0.00  0.00  0.00
  0.00  0.00  0.00  0.00  0.00  0.00  0.00  0.00  0.00  0.00  0.00  0.00  0.00  0.00  0.00  0.00  0.00  0.00  0.00  0.00  0.00  0.00  0.00  0.00  0.00  0.00  0.00  0.00  0.00  0.00  0.00  0.00  0.00  0.00  0.00  0.00  0.00  0.00  0.00  0.00  0.00  0.00  0.00  0.00  0.00  0.00  0.00  0.00  0.00  0.00  0.00  0.00  0.00  0.00  0.00  0.00  0.00  0.00  0.00  0.00  0.00  0.00  0.00  0.00
  0.00  0.00  0.00  0.00  0.00  0.00  0.00  0.00  0.00  0.00  0.00  0.00  0.00  0.00  0.00  0.00  0.00  0.00  0.00  0.00  0.00  0.00  0.00  0.00  0.00  0.00  0.00  0.00  0.00  0.00  0.00  0.00  0.00  0.00  0.00  0.00  0.00  0.00  0.00  0.00  0.00  0.00  0.00  0.00  0.00  0.00  0.00  0.00  0.00  0.00  0.00  0.00  0.00  0.00  0.00  0.00  0.00  0.00  0.00  0.00  0.00  0.00  0.00  0.00
  0.00  0.00  0.00  0.00  0.00  0.00  0.00  0.00  0.00  0.00  0.00  0.00  0.00  0.00  0.00  0.00  0.00  0.00  0.00  0.00  0.00  0.00  0.00  0.00  0.00  0.00  0.00  0.00  0.00  0.00  0.00  0.00  0.00  0.00  0.00  0.00  0.00  0.00  0.00  0.00  0.00  0.00  0.00  0.00  0.00  0.00  0.00  0.00  0.00  0.00  0.00  0.00  0.00  0.00  0.00  0.00  0.00  0.00  0.00  0.00  0.00  0.00  0.00  0.00
  0.00  0.00  0.00  0.00  0.00  0.00  0.00  0.00  0.00  0.00  0.00  0.00  0.00  0.00  0.00  0.00  0.00  0.00  0.00  0.00  0.00  0.00  0.00  0.00  0.00  0.00  0.00  0.00  0.00  0.00  0.00  0.00  0.00  0.00  0.00  0.00  0.00  0.00  0.00  0.00  0.00  0.00  0.00  0.00  0.00  0.00  0.00  0.00  0.00  0.00  0.00  0.00  0.00  0.00  0.00  0.00  0.00  0.00  0.00  0.00  0.00  0.00  0.00  0.00
  0.00  0.00  0.00  0.00  0.00  0.00  0.00  0.00  0.00  0.00  0.00  0.00  0.00  0.00  0.00  0.00  0.00  0.00  0.00  0.00  0.00  0.00  0.00  0.00  0.00  0.00  0.00  0.00  0.00  0.00  0.00  0.00  0.00  0.00  0.00  0.00  0.00  0.00  0.00  0.00  0.00  0.00  0.00  0.00  0.00  0.00  0.00  0.00  0.00  0.00  0.00  0.00  0.00  0.00  0.00  0.00  0.00  0.00  0.00  0.00  0.00  0.00  0.00  0.00
  0.00  0.00  0.00  0.00  0.00  0.00  0.00  0.00  0.00  0.00  0.00  0.00  0.00  0.00  0.00  0.00  0.00  0.00  0.00  0.00  0.00  0.00  0.00  0.00  0.00  0.00  0.00  0.00  0.00  0.00  0.00  0.00  0.00  0.00  0.00  0.00  0.00  0.00  0.00  0.00  0.00  0.00  0.00  0.00  0.00  0.00  0.00  0.00  0.00  0.00  0.00  0.00  0.00  0.00  0.00  0.00  0.00  0.00  0.00  0.00  0.00  0.00  0.00  0.00
  0.00  0.00  0.00  0.00  0.00  0.00  0.00  0.00  0.00  0.00  0.00  0.00  0.00  0.00  0.00  0.00  0.00  0.00  0.00  0.00  0.00  0.00  0.00  0.00  0.00  0.00  0.00  0.00  0.00  0.00  0.00  0.00  0.00  0.00  0.00  0.00  0.00  0.00  0.00  0.00  0.00  0.00  0.00  0.00  0.00  0.00  0.00  0.00  0.00  0.00  0.00  0.00  0.00  0.00  0.00  0.00  0.00  0.00  0.00  0.00  0.00  0.00  0.00  0.00
  0.00  0.00  0.00  0.00  0.00  0.00  0.00  0.00  0.00  0.00  0.00  0.00  0.00  0.00  0.00  0.00  0.00  0.00  0.00  0.00  0.00  0.00  0.00  0.00  0.00  0.00  0.00  0.00  0.00  0.00  0.00  0.00  0.00  0.00  0.00  0.00  0.00  0.00  0.00  0.00  0.00  0.00  0.00  0.00  0.00  0.00  0.00  0.00  0.00  0.00  0.00  0.00  0.00  0.00  0.00  0.00  0.00  0.00  0.00  0.00  0.00  0.00  0.00  0.00
  0.00  0.00  0.00  0.00  0.00  0.00  0.00  0.00  0.00  0.00  0.00  0.00  0.00  0.00  0.00  0.00  0.00  0.00  0.00  0.00  0.00  0.00  0.00  0.00  0.00  0.00  0.00  0.00  0.00  0.00  0.00  0.00  0.00  0.00  0.00  0.00  0.00  0.00  0.00  0.00  0.00  0.00  0.00  0.00  0.00  0.00  0.00  0.00  0.00  0.00  0.00  0.00  0.00  0.00  0.00  0.00  0.00  0.00  0.00  0.00  0.00  0.00  0.00  0.00
  0.00  0.00  0.00  0.00  0.00  0.00  0.00  0.00  0.00  0.00  0.00  0.00  0.00  0.00  0.00  0.00  0.00  0.00  0.00  0.00  0.00  0.00  0.00  0.00  0.00  0.00  0.00  0.00  0.00  0.00  0.00  0.00  0.00  0.00  0.00  0.00  0.00  0.00  0.00  0.00  0.00  0.00  0.00  0.00  0.00  0.00  0.00  0.00  0.00  0.00  0.00  0.00  0.00  0.00  0.00  0.00  0.00  0.00  0.00  0.00  0.00  0.00  0.00  0.00
  0.00  0.00  0.00  0.00  0.00  0.00  0.00  0.00  0.00  0.00  0.00  0.00  0.00  0.00  0.00  0.00  0.00  0.00  0.00  0.00  0.00  0.00  0.00  0.00  0.00  0.00  0.00  0.00  0.00  0.00  0.00  0.00  0.00  0.00  0.00  0.00  0.00  0.00  0.00  0.00  0.00  0.00  0.00  0.00  0.00  0.00  0.00  0.00  0.00  0.00  0.00  0.00  0.00  0.00  0.00  0.00  0.00  0.00  0.00  0.00  0.00  0.00  0.00  0.00
  0.00  0.00  0.00  0.00  0.00  0.00  0.00  0.00  0.00  0.00  0.00  0.00  0.00  0.00  0.00  0.00  0.00  0.00  0.00  0.00  0.00  0.00  0.00  0.00  0.00  0.00  0.00  0.00  0.00  0.00  0.00  0.00  0.00  0.00  0.00  0.00  0.00  0.00  0.00  0.00  0.00  0.00  0.00  0.00  0.00  0.00  0.00  0.00  0.00  0.00  0.00  0.00  0.00  0.00  0.00  0.00  0.00  0.00  0.00  0.00  0.00  0.00  0.00  0.00
  0.00  0.00  0.00  0.00  0.00  0.00  0.00  0.00  0.00  0.00  0.00  0.00  0.00  0.00  0.00  0.00  0.00  0.00  0.00  0.00  0.00  0.00  0.00  0.00  0.00  0.00  0.00  0.00  0.00  0.00  0.00  0.00  0.00  0.00  0.00  0.00  0.00  0.00  0.00  0.00  0.00  0.00  0.00  0.00  0.00  0.00  0.00  0.00  0.00  0.00  0.00  0.00  0.00  0.00  0.00  0.00  0.00  0.00  0.00  0.00  0.00  0.00  0.00  0.00
  0.00  0.00  0.00  0.00  0.00  0.00  0.00  0.00  0.00  0.00  0.00  0.00  0.00  0.00  0.00  0.00  0.00  0.00  0.00  0.00  0.00  0.00  0.00  0.00  0.00  0.00  0.00  0.00  0.00  0.00  0.00  0.00  0.00  0.00  0.00  0.00  0.00  0.00  0.00  0.00  0.00  0.00  0.00  0.00  0.00  0.00  0.00  0.00  0.00  0.00  0.00  0.00  0.00  0.00  0.00  0.00  0.00  0.00  0.00  0.00  0.00  0.00  0.00  0.00
  0.00  0.00  0.00  0.00  0.00  0.00  0.00  0.00  0.00  0.00  0.00  0.00  0.00  0.00  0.00  0.00  0.00  0.00  0.00  0.00  0.00  0.00  0.00  0.00  0.00  0.00  0.00  0.00  0.00  0.00  0.00  0.00  0.00  0.00  0.00  0.00  0.00  0.00  0.00  0.00  0.00  0.00  0.00  0.00  0.00  0.00  0.00  0.00  0.00  0.00  0.00  0.00  0.00  0.00  0.00  0.00  0.00  0.00  0.00  0.00  0.00  0.00  0.00  0.00
  0.00  0.00  0.00  0.00  0.00  0.00  0.00  0.00  0.00  0.00  0.00  0.00  0.00  0.00  0.00  0.00  0.00  0.00  0.00  0.00  0.00  0.00  0.00  0.00  0.00  0.00  0.00  0.00  0.00  0.00  0.00  0.00  0.00  0.00  0.00  0.00  0.00  0.00  0.00  0.00  0.00  0.00  0.00  0.00  0.00  0.00  0.00  0.00  0.00  0.00  0.00  0.00  0.00  0.00  0.00  0.00  0.00  0.00  0.00  0.00  0.00  0.00  0.00  0.00
  0.00  0.00  0.00  0.00  0.00  0.00  0.00  0.00  0.00  0.00  0.00  0.00  0.00  0.00  0.00  0.00  0.00  0.00  0.00  0.00  0.00  0.00  0.00  0.00  0.00  0.00  0.00  0.00  0.00  0.00  0.00  0.00  0.00  0.00  0.00  0.00  0.00  0.00  0.00  0.00  0.00  0.00  0.00  0.00  0.00  0.00  0.00  0.00  0.00  0.00  0.00  0.00  0.00  0.00  0.00  0.00  0.00  0.00  0.00  0.00  0.00  0.00  0.00  0.00
  0.00  0.00  0.00  0.00  0.00  0.00  0.00  0.00  0.00  0.00  0.00  0.00  0.00  0.00  0.00  0.00  0.00  0.00  0.00  0.00  0.00  0.00  0.00  0.00  0.00  0.00  0.00  0.00  0.00  0.00  0.00  0.00  0.00  0.00  0.00  0.00  0.00  0.00  0.00  0.00  0.00  0.00  0.00  0.00  0.00  0.00  0.00  0.00  0.00  0.00  0.00  0.00  0.00  0.00  0.00  0.00  0.00  0.00  0.00  0.00  0.00  0.00  0.00  0.00
  0.00  0.00  0.00  0.00  0.00  0.00  0.00  0.00  0.00  0.00  0.00  0.00  0.00  0.00  0.00  0.00  0.00  0.00  0.00  0.00  0.00  0.00  0.00  0.00  0.00  0.00  0.00  0.00  0.00  0.00  0.00  0.00  0.00  0.00  0.00  0.00  0.00  0.00  0.00  0.00  0.00  0.00  0.00  0.00  0.00  0.00  0.00  0.00  0.00  0.00  0.00  0.00  0.00  0.00  0.00  0.00  0.00  0.00  0.00  0.00  0.00  0.00  0.00  0.00
  0.00  0.00  0.00  0.00  0.00  0.00  0.00  0.00  0.00  0.00  0.00  0.00  0.00  0.00  0.00  0.00  0.00  0.00  0.00  0.00  0.00  0.00  0.00  0.00  0.00  0.00  0.00  0.00  0.00  0.00  0.00  0.00  0.00  0.00  0.00  0.00  0.00  0.00  0.00  0.00  0.00  0.00  0.00  0.00  0.00  0.00  0.00  0.00  0.00  0.00  0.00  0.00  0.00  0.00  0.00  0.00  0.00  0.00  0.00  0.00  0.00  0.00  0.00  0.00
  0.00  0.00  0.00  0.00  0.00  0.00  0.00  0.00  0.00  0.00  0.00  0.00  0.00  0.00  0.00  0.00  0.00  0.00  0.00  0.00  0.00  0.00  0.00  0.00  0.00  0.00  0.00  0.00  0.00  0.00  0.00  0.00  0.00  0.00  0.00  0.00  0.00  0.00  0.00  0.00  0.00  0.00  0.00  0.00  0.00  0.00  0.00  0.00  0.00  0.00  0.00  0.00  0.00  0.00  0.00  0.00  0.00  0.00  0.00  0.00  0.00  0.00  0.00  0.00
  0.00  0.00  0.00  0.00  0.00  0.00  0.00  0.00  0.00  0.00  0.00  0.00  0.00  0.00  0.00  0.00  0.00  0.00  0.00  0.00  0.00  0.00  0.00  0.00  0.00  0.00  0.00  0.00  0.00  0.00  0.00  0.00  0.00  0.00  0.00  0.00  0.00  0.00  0.00  0.00  0.00  0.00  0.00  0.00  0.00  0.00  0.00  0.00  0.00  0.00  0.00  0.00  0.00  0.00  0.00  0.00  0.00  0.00  0.00  0.00  0.00  0.00  0.00  0.00
  0.00  0.00  0.00  0.00  0.00  0.00  0.00  0.00  0.00  0.00  0.00  0.00  0.00  0.00  0.00  0.00  0.00  0.00  0.00  0.00  0.00  0.00  0.00  0.00  0.00  0.00  0.00  0.00  0.00  0.00  0.00  0.00  0.00  0.00  0.00  0.00  0.00  0.00  0.00  0.00  0.00  0.00  0.00  0.00  0.00  0.00  0.00  0.00  0.00  0.00  0.00  0.00  0.00  0.00  0.00  0.00  0.00  0.00  0.00  0.00  0.00  0.00  0.00  0.00

 density range (Hz): 0.000000 5.250000