Array Size: 64  64
  0.00  0.00  0.00  0.00  0.11  0.05  0.05  0.00  0.00  0.00  0.00  0.00  0.11  0.23  0.25  0.55  0.78  1.55  1.76  1.73  1.17  1.12  0.70  0.39  0.21  0.11  0.11  0.12  0.00  0.00  0.00  0.00  1.50  0.00  1.98  1.94  2.31  2.08  1.26  0.00  0.00  0.00  0.00  0.00  0.13  0.00  0.00  0.00  0.00  0.00  0.00  0.00  0.00  0.00  0.00  0.00  0.00  0.00  0.00  0.00  0.00  0.00  0.00  0.00
  0.00  0.26  0.18  0.15  0.09  0.09  0.13  0.13  0.21  0.31  0.26  0.17  0.21  0.23  0.17  0.38  0.00  1.48  1.51  1.57  1.23  0.80  0.00  0.39  0.23  0.17  0.26  0.22  0.68  0.74  0.82  0.00  1.33  1.79  1.98  2.16  2.34  1.98  1.10  1.04  1.06  0.68  0.60  0.26  0.10  0.00  0.00  0.00  0.00  0.00  0.00  0.00  0.00  0.00  0.00  0.00  0.00  0.00  0.00  0.00  0.00  0.00  0.00  0.00
  0.29  0.20  0.15  0.13  0.08  0.16  0.19  0.22  0.30  0.39  0.21  0.13  0.17  0.18  0.14  0.30  0.66  1.17  1.15  1.10  0.86  0.56  0.39  0.28  0.18  0.14  0.22  0.18  0.56  0.80  1.07  1.28  1.55  1.87  1.97  2.16  2.32  2.15  1.40  1.13  1.04  0.59  0.53  0.25  0.09  0.00  0.00  0.00  0.00  0.00  0.00  0.00  0.00  0.00  0.00  0.00  0.00  0.00  0.00  0.00  0.00  0.00  0.00  0.00
  0.36  0.26  0.16  0.14  0.09  0.13  0.17  0.21  0.28  0.35  0.19  0.13  0.11  0.06  0.00  0.07  0.40  0.80  0.85  0.79  0.69  0.43  0.33  0.25  0.19  0.15  0.23  0.19  0.54  0.75  1.11  1.34  1.55  1.87  1.89  1.98  2.10  1.98  1.35  1.27  1.11  0.77  0.59  0.36  0.00  0.00  0.00  0.00  0.00  0.00  0.00  0.00  0.00  0.00  0.00  0.00  0.00  0.00  0.00  0.00  0.00  0.00  0.00  0.00
  0.34  0.25  0.20  0.18  0.13  0.20  0.25  0.26  0.32  0.35  0.18  0.18  0.16  0.11  0.06  0.19  0.41  0.68  0.61  0.56  0.47  0.27  0.23  0.24  0.22  0.17  0.27  0.22  0.48  0.71  1.09  1.32  1.65  2.06  2.08  2.28  2.39  2.07  1.52  1.42  1.19  0.87  0.81  0.41  0.00  0.00  0.00  0.00  0.00  0.00  0.00  0.00  0.00  0.00  0.00  0.00  0.00  0.00  0.00  0.00  0.00  0.00  0.00  0.00
  0.22  0.17  0.21  0.22  0.16  0.30  0.35  0.29  0.35  0.45  0.31  0.30  0.27  0.22  0.13  0.19  0.32  0.50  0.42  0.43  0.33  0.18  0.15  0.16  0.12  0.12  0.22  0.16  0.40  0.69  1.43  1.99  2.06  0.00  1.85  1.90  1.71  1.61  1.64  1.41  1.16  0.93  0.85  0.54  0.00  0.00  0.00  0.00  0.00  0.00  0.00  0.00  0.00  0.00  0.00  0.00  0.00  0.00  0.00  0.00  0.00  0.00  0.00  0.00
  0.13  0.10  0.16  0.16  0.23  0.46  0.46  0.39  0.47  0.47  0.27  0.34  0.30  0.25  0.21  0.22  0.15  0.14  0.12  0.11  0.00  0.00  0.00  0.08  0.18  0.17  0.18  0.18  0.38  1.02  0.00  0.00  2.37  2.05  1.88  1.90  1.74  1.34  2.07  1.86  1.71  1.35  1.28  0.83  0.24  0.00  0.00  0.00  0.00  0.00  0.00  0.00  0.00  0.00  0.00  0.00  0.00  0.00  0.00  0.00  0.00  0.00  0.00  0.00
  0.14  0.10  0.17  0.18  0.24  0.32  0.30  0.28  0.32  0.31  0.26  0.34  0.27  0.24  0.21  0.24  0.15  0.15  0.17  0.17  0.06  0.07  0.08  0.13  0.40  0.32  0.30  0.30  0.60  0.92  1.29  1.61  1.84  1.57  1.60  1.49  1.31  0.88  1.73  1.89  1.84  1.59  1.50  0.86  0.32  0.22  0.00  0.00  0.00  0.00  0.00  0.00  0.00  0.00  0.00  0.00  0.00  0.00  0.00  0.00  0.00  0.00  0.00  0.00
  0.00  0.00  0.08  0.08  0.14  0.29  0.28  0.26  0.30  0.29  0.24  0.32  0.31  0.28  0.26  0.22  0.10  0.08  0.12  0.12  0.06  0.13  0.15  0.24  0.47  0.40  0.30  0.31  0.62  0.95  1.26  1.58  1.82  1.56  1.66  1.56  1.27  0.61  1.49  1.58  1.63  1.29  1.29  0.68  0.29  0.18  0.00  0.00  0.00  0.00  0.00  0.00  0.00  0.00  0.00  0.00  0.00  0.00  0.00  0.00  0.00  0.00  0.00  0.00
  0.00  0.00  0.21  0.19  0.22  0.33  0.33  0.25  0.29  0.27  0.22  0.24  0.22  0.19  0.17  0.00  0.00  0.00  0.08  0.07  0.06  0.13  0.14  0.18  0.34  0.38  0.32  0.42  0.71  0.99  1.28  1.57  1.71  1.43  1.40  1.16  0.85  0.29  0.75  1.13  1.37  1.06  1.11  0.72  0.38  0.30  0.00  0.00  0.00  0.00  0.00  0.00  0.00  0.00  0.00  0.00  0.00  0.00  0.00  0.00  0.00  0.00  0.00  0.00
  0.00  0.00  0.12  0.10  0.13  0.28  0.29  0.26  0.30  0.23  0.12  0.14  0.11  0.06  0.08  0.00  0.00  0.00  0.00  0.09  0.07  0.13  0.13  0.15  0.31  0.39  0.32  0.00  0.00  0.79  0.00  1.17  1.31  1.21  1.00  0.86  0.66  0.25  0.50  0.92  0.97  0.78  0.76  0.59  0.35  0.00  0.00  0.00  0.00  0.00  0.00  0.00  0.00  0.00  0.00  0.00  0.00  0.00  0.00  0.00  0.00  0.00  0.00  0.00
  0.00  0.00  0.11  0.10  0.10  0.12  0.12  0.07  0.06  0.05  0.04  0.05  0.00  0.00  0.00  0.00  0.00  0.00  0.11  0.09  0.06  0.12  0.12  0.07  0.17  0.21  0.14  0.00  0.00  0.41  0.69  0.83  0.90  0.81  0.75  0.56  0.40  0.24  0.24  0.29  0.24  0.30  0.29  0.33  0.27  0.33  0.00  0.00  0.00  0.00  0.00  0.00  0.00  0.00  0.00  0.00  0.00  0.00  0.00  0.00  0.00  0.00  0.00  0.00
  0.00  0.00  0.10  0.14  0.15  0.19  0.23  0.09  0.00  0.00  0.00  0.00  0.00  0.00  0.00  0.00  0.00  0.00  0.00  0.00  0.00  0.07  0.07  0.07  0.17  0.19  0.13  0.18  0.19  0.17  0.44  0.53  0.58  0.54  0.65  0.59  0.45  0.39  0.35  0.17  0.06  0.13  0.09  0.12  0.00  0.22  0.00  0.00  0.00  0.00  0.00  0.00  0.00  0.00  0.00  0.00  0.00  0.00  0.00  0.00  0.00  0.00  0.00  0.00
  0.00  0.00  0.10  0.19  0.20  0.28  0.35  0.23  0.00  0.24  0.30  0.00  0.32  0.28  0.18  0.07  0.00  0.00  0.00  0.14  0.08  0.07  0.07  0.00  0.12  0.11  0.12  0.17  0.17  0.08  0.00  0.22  0.19  0.22  0.50  0.55  0.45  0.41  0.39  0.18  0.05  0.12  0.09  0.13  0.00  0.27  0.00  0.00  0.00  0.00  0.00  0.00  0.00  0.00  0.00  0.00  0.00  0.00  0.00  0.00  0.00  0.00  0.00  0.00
  0.00  0.07  0.13  0.36  0.38  0.60  0.62  0.64  0.13  0.40  0.39  0.45  0.37  0.31  0.20  0.11  0.00  0.00  0.11  0.11  0.10  0.09  0.09  0.00  0.12  0.11  0.11  0.10  0.10  0.00  0.00  0.09  0.22  0.23  0.51  0.57  0.46  0.42  0.40  0.17  0.04  0.06  0.00  0.00  0.00  0.00  0.00  0.00  0.00  0.00  0.00  0.00  0.00  0.00  0.00  0.00  0.00  0.00  0.00  0.00  0.00  0.00  0.00  0.00
  0.00  0.11  0.19  0.50  0.53  0.66  0.64  0.66  0.15  0.00  0.44  0.50  0.40  0.31  0.20  0.10  0.00  0.00  0.10  0.10  0.12  0.11  0.11  0.00  0.13  0.10  0.11  0.11  0.11  0.08  0.11  0.10  0.25  0.25  0.49  0.56  0.45  0.36  0.37  0.14  0.05  0.07  0.12  0.14  0.00  0.00  0.00  0.00  0.00  0.00  0.00  0.00  0.00  0.00  0.00  0.00  0.00  0.00  0.00  0.00  0.00  0.00  0.00  0.00
  0.44  0.00  0.49  0.77  0.98  0.89  0.86  0.95  0.50  0.47  0.44  0.48  0.38  0.31  0.21  0.10  0.00  0.00  0.11  0.13  0.18  0.18  0.15  0.00  0.09  0.07  0.07  0.07  0.07  0.08  0.09  0.15  0.21  0.20  0.41  0.45  0.35  0.31  0.34  0.14  0.05  0.08  0.11  0.13  0.00  0.00  0.00  0.00  0.00  0.00  0.00  0.00  0.00  0.00  0.00  0.00  0.00  0.00  0.00  0.00  0.00  0.00  0.00  0.00
  0.60  0.00  0.60  0.79  1.00  0.76  0.64  0.78  0.55  0.50  0.45  0.51  0.39  0.34  0.24  0.12  0.07  0.07  0.20  0.00  0.32  0.00  0.13  0.00  0.00  0.00  0.00  0.00  0.00  0.06  0.06  0.11  0.18  0.18  0.25  0.28  0.25  0.19  0.20  0.16  0.13  0.09  0.13  0.15  0.00  0.00  0.00  0.00  0.00  0.00  0.00  0.00  0.00  0.00  0.00  0.00  0.00  0.00  0.00  0.00  0.00  0.00  0.00  0.00
  0.95  0.00  0.98  0.95  1.08  0.67  0.48  0.56  0.55  0.31  0.24  0.28  0.13  0.12  0.12  0.12  0.19  0.20  0.17  0.19  0.33  0.17  0.15  0.12  0.09  0.08  0.00  0.00  0.00  0.06  0.06  0.11  0.19  0.25  0.24  0.22  0.19  0.18  0.12  0.17  0.22  0.20  0.12  0.11  0.00  0.00  0.00  0.00  0.00  0.00  0.00  0.00  0.00  0.00  0.00  0.00  0.00  0.00  0.00  0.00  0.00  0.00  0.00  0.00
  1.39  1.00  0.60  0.54  0.70  0.42  0.37  0.43  0.47  0.32  0.17  0.17  0.07  0.13  0.12  0.11  0.24  0.28  0.18  0.19  0.41  0.28  0.27  0.21  0.18  0.09  0.00  0.00  0.00  0.07  0.06  0.10  0.18  0.24  0.20  0.17  0.17  0.19  0.15  0.25  0.33  0.36  0.22  0.21  0.00  0.00  0.00  0.00  0.00  0.00  0.00  0.00  0.00  0.00  0.00  0.00  0.00  0.00  0.00  0.00  0.00  0.00  0.00  0.00
  1.45  0.00  0.00  0.60  0.76  0.42  0.35  0.47  0.48  0.34  0.23  0.29  0.13  0.19  0.24  0.23  0.40  0.46  0.37  0.29  0.51  0.25  0.24  0.28  0.24  0.16  0.08  0.07  0.00  0.00  0.00  0.06  0.11  0.21  0.23  0.24  0.24  0.28  0.28  0.34  0.41  0.45  0.32  0.21  0.00  0.00  0.00  0.00  0.00  0.00  0.00  0.00  0.00  0.00  0.00  0.00  0.00  0.00  0.00  0.00  0.00  0.00  0.00  0.00
  0.60  0.00  0.00  0.37  0.13  0.23  0.20  0.32  0.33  0.35  0.21  0.24  0.11  0.15  0.24  0.25  0.42  0.47  0.41  0.26  0.42  0.22  0.21  0.42  0.42  0.38  0.32  0.29  0.00  0.00  0.00  0.00  0.05  0.14  0.15  0.20  0.22  0.26  0.27  0.39  0.46  0.68  0.80  0.67  0.51  0.42  0.00  0.00  0.00  0.00  0.00  0.00  0.00  0.00  0.00  0.00  0.00  0.00  0.00  0.00  0.00  0.00  0.00  0.00
  0.56  0.00  0.22  0.34  0.12  0.24  0.21  0.30  0.30  0.32  0.14  0.28  0.28  0.31  0.39  0.43  0.46  0.43  0.33  0.17  0.30  0.20  0.18  0.39  0.39  0.37  0.32  0.36  0.00  0.00  0.00  0.00  0.06  0.13  0.13  0.19  0.18  0.22  0.22  0.41  0.53  1.02  1.24  1.23  1.15  0.00  0.00  0.00  0.00  0.00  0.00  0.00  0.00  0.00  0.00  0.00  0.00  0.00  0.00  0.00  0.00  0.00  0.00  0.00
  0.41  0.30  0.17  0.30  0.11  0.24  0.28  0.46  0.55  0.77  0.58  0.61  0.52  0.43  0.38  0.46  0.42  0.37  0.33  0.25  0.28  0.20  0.16  0.37  0.30  0.27  0.27  0.32  0.00  0.00  0.00  0.00  0.05  0.08  0.09  0.16  0.16  0.20  0.30  0.50  0.90  1.47  1.71  1.83  2.82  0.00  0.00  0.00  0.00  0.00  0.00  0.00  0.00  0.00  0.00  0.00  0.00  0.00  0.00  0.00  0.00  0.00  0.00  0.00
  0.28  0.00  0.14  0.12  0.00  0.00  0.17  0.38  0.59  0.83  0.60  0.59  0.58  0.46  0.49  0.67  0.65  0.48  0.48  0.26  0.19  0.09  0.08  0.32  0.24  0.25  0.25  0.28  0.00  0.00  0.00  0.00  0.00  0.04  0.08  0.18  0.19  0.27  0.48  0.87  1.31  1.91  2.19  2.31  0.00  0.00  0.00  0.00  0.00  0.00  0.00  0.00  0.00  0.00  0.00  0.00  0.00  0.00  0.00  0.00  0.00  0.00  0.00  0.00
  0.48  0.00  0.25  0.22  0.00  0.00  0.37  0.57  0.82  1.14  0.75  0.56  0.63  0.49  0.47  0.61  0.55  0.29  0.30  0.16  0.09  0.09  0.08  0.27  0.20  0.20  0.19  0.21  0.08  0.14  0.12  0.12  0.11  0.05  0.05  0.10  0.18  0.31  0.62  1.09  1.52  2.07  2.36  2.56  0.00  0.00  0.00  0.00  0.00  0.00  0.00  0.00  0.00  0.00  0.00  0.00  0.00  0.00  0.00  0.00  0.00  0.00  0.00  0.00
  0.21  0.15  0.11  0.10  0.19  0.34  0.85  1.12  1.47  1.42  1.00  0.80  0.89  0.72  0.63  0.73  0.72  0.42  0.32  0.27  0.29  0.15  0.15  0.16  0.08  0.00  0.07  0.08  0.13  0.22  0.21  0.17  0.16  0.11  0.06  0.07  0.37  0.53  1.06  1.50  1.80  2.28  2.47  2.53  0.00  0.00  0.00  0.00  0.00  0.00  0.00  0.00  0.00  0.00  0.00  0.00  0.00  0.00  0.00  0.00  0.00  0.00  0.00  0.00
  0.21  0.16  0.12  0.11  0.20  0.45  0.91  1.14  1.43  1.64  1.31  1.04  1.06  0.87  0.61  0.64  0.71  0.46  0.32  0.32  0.32  0.19  0.29  0.32  0.18  0.10  0.17  0.08  0.12  0.20  0.20  0.17  0.17  0.14  0.07  0.08  0.40  0.61  1.15  1.57  1.81  2.24  2.36  2.29  2.77  5.16  0.00  0.00  0.00  0.00  0.00  0.00  0.00  0.00  0.00  0.00  0.00  0.00  0.00  0.00  0.00  0.00  0.00  0.00
  0.22  0.18  0.14  0.12  0.67  1.20  1.86  1.99  2.26  1.95  1.64  1.23  1.25  1.03  0.86  0.80  0.90  0.58  0.30  0.24  0.28  0.10  0.19  0.19  0.16  0.09  0.17  0.09  0.13  0.21  0.23  0.19  0.18  0.17  0.08  0.08  0.38  0.52  0.94  1.73  1.96  2.39  2.61  2.54  2.21  2.48  0.00  0.00  0.00  0.00  0.00  0.00  0.00  0.00  0.00  0.00  0.00  0.00  0.00  0.00  0.00  0.00  0.00  0.00
  0.25  0.19  0.17  0.15  0.80  1.51  2.27  2.13  2.66  2.28  2.04  1.67  1.50  1.02  0.73  0.63  0.70  0.40  0.17  0.20  0.24  0.12  0.23  0.23  0.22  0.17  0.20  0.11  0.15  0.27  0.28  0.21  0.20  0.18  0.08  0.07  0.29  0.36  0.66  1.04  1.37  1.83  2.31  2.15  0.00  2.44  0.00  0.00  0.00  0.00  0.00  0.00  0.00  0.00  0.00  0.00  0.00  0.00  0.00  0.00  0.00  0.00  0.00  0.00
  0.00  0.00  0.00  0.00  0.71  1.44  1.97  1.99  2.43  2.28  2.09  1.87  1.62  1.29  0.89  0.71  0.78  0.51  0.17  0.19  0.27  0.16  0.26  0.26  0.32  0.22  0.27  0.20  0.17  0.16  0.17  0.08  0.07  0.08  0.00  0.00  0.16  0.25  0.45  0.50  0.00  1.23  1.62  1.41  1.92  2.17  0.00  0.00  0.00  0.00  0.00  0.00  0.00  0.00  0.00  0.00  0.00  0.00  0.00  0.00  0.00  0.00  0.00  0.00
  0.00  0.00  0.00  0.00  0.00  0.93  1.45  1.69  2.18  2.20  2.14  1.96  1.68  1.43  1.01  0.80  0.78  0.53  0.17  0.16  0.16  0.12  0.17  0.14  0.16  0.13  0.10  0.06  0.10  0.00  0.00  0.00  0.00  0.00  0.00  0.00  0.06  0.17  0.21  0.19  0.37  0.55  0.73  0.85  1.47  0.00  0.00  0.00  0.00  0.00  0.00  0.00  0.00  0.00  0.00  0.00  0.00  0.00  0.00  0.00  0.00  0.00  0.00  0.00
  0.00  0.00  0.00  0.00  0.47  0.90  1.64  1.92  2.47  2.32  2.29  2.03  1.79  1.51  1.08  0.79  0.78  0.53  0.14  0.10  0.10  0.09  0.09  0.07  0.10  0.07  0.04  0.06  0.10  0.00  0.00  0.10  0.08  0.07  0.07  0.07  0.06  0.10  0.24  0.21  0.38  0.55  1.06  1.14  1.80  0.00  0.00  0.00  0.00  0.00  0.00  0.00  0.00  0.00  0.00  0.00  0.00  0.00  0.00  0.00  0.00  0.00  0.00  0.00
  0.00  0.00  0.00  0.00  0.00  0.24  0.85  1.35  1.70  1.77  1.82  1.63  1.31  1.24  0.91  0.63  0.58  0.44  0.11  0.06  0.06  0.10  0.09  0.07  0.10  0.06  0.04  0.05  0.16  0.20  0.22  0.34  0.28  0.17  0.12  0.10  0.05  0.09  0.23  0.20  0.21  0.39  0.80  0.00  0.00  0.00  0.00  0.00  0.00  0.00  0.00  0.00  0.00  0.00  0.00  0.00  0.00  0.00  0.00  0.00  0.00  0.00  0.00  0.00
  0.00  0.18  0.14  0.13  0.13  0.35  0.69  1.11  1.11  1.27  1.23  1.05  0.81  1.11  0.85  0.67  0.70  0.68  0.21  0.15  0.15  0.13  0.05  0.04  0.06  0.06  0.07  0.09  0.47  0.85  0.86  0.84  0.71  0.38  0.17  0.15  0.09  0.14  0.28  0.20  0.22  0.28  0.61  0.00  1.05  0.00  0.00  0.00  0.00  0.00  0.00  0.00  0.00  0.00  0.00  0.00  0.00  0.00  0.00  0.00  0.00  0.00  0.00  0.00
  0.00  0.23  0.18  0.18  0.18  0.28  0.46  0.71  0.72  0.71  0.81  0.67  0.52  0.69  0.67  0.49  0.50  0.54  0.25  0.18  0.15  0.13  0.05  0.04  0.03  0.03  0.04  0.04  0.41  0.80  0.78  0.79  0.74  0.41  0.17  0.15  0.10  0.09  0.22  0.20  0.25  0.31  0.66  0.67  1.02  0.00  0.00  0.00  0.00  0.00  0.00  0.00  0.00  0.00  0.00  0.00  0.00  0.00  0.00  0.00  0.00  0.00  0.00  0.00
  0.00  0.17  0.00  0.15  0.19  0.34  0.51  0.65  0.64  0.56  0.61  0.45  0.36  0.45  0.43  0.21  0.24  0.33  0.10  0.20  0.26  0.22  0.12  0.11  0.14  0.14  0.15  0.17  0.54  0.82  0.84  0.93  0.88  0.63  0.39  0.27  0.05  0.05  0.15  0.14  0.24  0.45  0.85  0.86  1.07  0.00  0.00  0.00  0.00  0.00  0.00  0.00  0.00  0.00  0.00  0.00  0.00  0.00  0.00  0.00  0.00  0.00  0.00  0.00
  0.00  0.14  0.00  0.14  0.20  0.19  0.13  0.21  0.29  0.21  0.30  0.24  0.20  0.21  0.28  0.12  0.15  0.27  0.12  0.22  0.27  0.23  0.15  0.14  0.17  0.17  0.23  0.27  0.59  0.84  0.93  1.01  0.94  0.76  0.58  0.38  0.20  0.20  0.17  0.11  0.20  0.39  0.51  0.00  0.00  0.00  0.00  0.00  0.00  0.00  0.00  0.00  0.00  0.00  0.00  0.00  0.00  0.00  0.00  0.00  0.00  0.00  0.00  0.00
  0.00  0.14  0.12  0.12  0.15  0.15  0.00  0.00  0.11  0.09  0.15  0.15  0.17  0.08  0.10  0.00  0.00  0.21  0.23  0.30  0.35  0.32  0.16  0.15  0.21  0.21  0.28  0.33  0.68  0.82  0.91  0.98  0.96  0.81  0.73  0.46  0.26  0.25  0.24  0.17  0.25  0.37  0.45  0.46  0.00  0.00  0.00  0.00  0.00  0.00  0.00  0.00  0.00  0.00  0.00  0.00  0.00  0.00  0.00  0.00  0.00  0.00  0.00  0.00
  0.00  0.00  0.00  0.00  0.00  0.00  0.00  0.00  0.00  0.00  0.10  0.10  0.11  0.09  0.00  0.00  0.00  0.09  0.11  0.21  0.29  0.31  0.21  0.20  0.25  0.16  0.23  0.28  0.43  0.51  0.67  0.75  0.72  0.70  0.70  0.43  0.20  0.19  0.19  0.17  0.22  0.32  0.37  0.37  0.40  0.00  0.00  0.00  0.00  0.00  0.00  0.00  0.00  0.00  0.00  0.00  0.00  0.00  0.00  0.00  0.00  0.00  0.00  0.00
  0.14  0.12  0.11  0.10  0.14  0.16  0.14  0.12  0.00  0.00  0.11  0.11  0.13  0.00  0.00  0.00  0.00  0.10  0.13  0.25  0.34  0.36  0.24  0.20  0.24  0.15  0.22  0.28  0.40  0.48  0.67  0.75  0.70  0.70  0.69  0.50  0.34  0.30  0.30  0.23  0.19  0.28  0.33  0.31  0.39  0.00  0.00  0.00  0.00  0.00  0.00  0.00  0.00  0.00  0.00  0.00  0.00  0.00  0.00  0.00  0.00  0.00  0.00  0.00
  0.21  0.17  0.00  0.12  0.14  0.14  0.13  0.11  0.36  0.36  0.23  0.25  0.33  0.00  0.00  0.00  0.00  0.11  0.15  0.14  0.24  0.24  0.12  0.10  0.08  0.00  0.08  0.15  0.24  0.36  0.51  0.50  0.44  0.45  0.48  0.38  0.40  0.43  0.42  0.34  0.22  0.27  0.26  0.22  0.28  0.00  0.00  0.00  0.00  0.00  0.00  0.00  0.00  0.00  0.00  0.00  0.00  0.00  0.00  0.00  0.00  0.00  0.00  0.00
  0.28  0.20  0.16  0.00  0.15  0.15  0.14  0.09  0.31  0.30  0.20  0.21  0.36  0.00  0.00  0.00  0.00  0.12  0.18  0.16  0.28  0.28  0.13  0.11  0.10  0.00  0.00  0.00  0.11  0.20  0.26  0.24  0.24  0.16  0.10  0.11  0.20  0.28  0.34  0.30  0.18  0.24  0.21  0.16  0.20  0.00  0.00  0.00  0.00  0.00  0.00  0.00  0.00  0.00  0.00  0.00  0.00  0.00  0.00  0.00  0.00  0.00  0.00  0.00
  0.10  0.00  0.08  0.10  0.12  0.16  0.13  0.00  0.24  0.26  0.17  0.00  0.32  0.00  0.14  0.15  0.15  0.00  0.21  0.00  0.12  0.10  0.09  0.08  0.08  0.00  0.00  0.00  0.00  0.10  0.10  0.08  0.09  0.09  0.00  0.12  0.22  0.31  0.39  0.36  0.21  0.27  0.24  0.14  0.00  0.00  0.00  0.00  0.00  0.00  0.00  0.00  0.00  0.00  0.00  0.00  0.00  0.00  0.00  0.00  0.00  0.00  0.00  0.00
  0.11  0.10  0.09  0.12  0.13  0.18  0.00  0.10  0.28  0.33  0.22  0.24  0.00  0.00  0.23  0.25  0.00  0.00  0.00  0.00  0.12  0.09  0.08  0.08  0.08  0.00  0.00  0.00  0.00  0.00  0.00  0.00  0.00  0.00  0.00  0.00  0.00  0.00  0.58  0.55  0.43  0.52  0.52  0.23  0.28  0.00  0.00  0.00  0.00  0.00  0.00  0.00  0.00  0.00  0.00  0.00  0.00  0.00  0.00  0.00  0.00  0.00  0.00  0.00
  0.00  0.00  0.00  0.00  0.00  0.00  0.00  0.00  0.12  0.14  0.14  0.00  0.00  0.00  0.28  0.30  0.32  0.36  0.42  0.00  0.00  0.00  0.00  0.00  0.00  0.00  0.00  0.00  0.00  0.00  0.00  0.00  0.00  0.00  0.00  0.00  0.00  0.29  0.64  0.60  0.55  0.00  0.00  0.17  0.19  0.22  0.00  0.00  0.00  0.00  0.00  0.00  0.00  0.00  0.00  0.00  0.00  0.00  0.00  0.00  0.00  0.00  0.00  0.00
  0.00  0.00  0.00  0.00  0.00  0.00  0.00  0.00  0.00  0.00  0.00  0.00  0.00  0.00  0.00  0.00  0.00  0.00  0.00  0.00  0.00  0.00  0.00  0.00  0.00  0.00  0.00  0.00  0.00  0.00  0.00  0.00  0.00  0.00  0.00  0.00  0.00  0.00  0.61  0.55  0.54  0.52  0.00  0.00  0.00  0.00  0.00  0.00  0.00  0.00  0.00  0.00  0.00  0.00  0.00  0.00  0.00  0.00  0.00  0.00  0.00  0.00  0.00  0.00
  0.00  0.00  0.00  0.00  0.00  0.00  0.00  0.00  0.00  0.00  0.00  0.00  0.00  0.00  0.00  0.00  0.00  0.00  0.00  0.00  0.00  0.00  0.00  0.00  0.00  0.00  0.00  0.00  0.00  0.00  0.00  0.00  0.00  0.00  0.00  0.00  0.00  0.00  0.00  0.00  0.00  0.00  0.00  0.00  0.00  0.00  0.00  0.00  0.00  0.00  0.00  0.00  0.00  0.00  0.00  0.00  0.00  0.00  0.00  0.00  0.00  0.00  0.00  0.00
  0.00  0.00  0.00  0.00  0.00  0.00  0.00  0.00  0.00  0.00  0.00  0.00  0.00  0.00  0.00  0.00  0.00  0.00  0.00  0.00  0.00  0.00  0.00  0.00  0.00  0.00  0.00  0.00  0.00  0.00  0.00  0.00  0.00  0.00  0.00  0.00  0.00  0.00  0.00  0.00  0.00  0.00  0.00  0.00  0.00  0.00  0.00  0.00  0.00  0.00  0.00  0.00  0.00  0.00  0.00  0.00  0.00  0.00  0.00  0.00  0.00  0.00  0.00  0.00
  0.00  0.00  0.00  0.00  0.00  0.00  0.00  0.00  0.00  0.00  0.00  0.00  0.00  0.00  0.00  0.00  0.00  0.00  0.00  0.00  0.00  0.00  0.00  0.00  0.00  0.00  0.00  0.00  0.00  0.00  0.00  0.00  0.00  0.00  0.00  0.00  0.00  0.00  0.00  0.00  0.00  0.00  0.00  0.00  0.00  0.00  0.00  0.00  0.00  0.00  0.00  0.00  0.00  0.00  0.00  0.00  0.00  0.00  0.00  0.00  0.00  0.00  0.00  0.00
  0.00  0.00  0.00  0.00  0.00  0.00  0.00  0.00  0.00  0.00  0.00  0.00  0.00  0.00  0.00  0.00  0.00  0.00  0.00  0.00  0.00  0.00  0.00  0.00  0.00  0.00  0.00  0.00  0.00  0.00  0.00  0.00  0.00  0.00  0.00  0.00  0.00  0.00  0.00  0.00  0.00  0.00  0.00  0.00  0.00  0.00  0.00  0.00  0.00  0.00  0.00  0.00  0.00  0.00  0.00  0.00  0.00  0.00  0.00  0.00  0.00  0.00  0.00  0.00
  0.00  0.00  0.00  0.00  0.00  0.00  0.00  0.00  0.00  0.00  0.00  0.00  0.00  0.00  0.00  0.00  0.00  0.00  0.00  0.00  0.00  0.00  0.00  0.00  0.00  0.00  0.00  0.00  0.00  0.00  0.00  0.00  0.00  0.00  0.00  0.00  0.00  0.00  0.00  0.00  0.00  0.00  0.00  0.00  0.00  0.00  0.00  0.00  0.00  0.00  0.00  0.00  0.00  0.00  0.00  0.00  0.00  0.00  0.00  0.00  0.00  0.00  0.00  0.00
  0.00  0.00  0.00  0.00  0.00  0.00  0.00  0.00  0.00  0.00  0.00  0.00  0.00  0.00  0.00  0.00  0.00  0.00  0.00  0.00  0.00  0.00  0.00  0.00  0.00  0.00  0.00  0.00  0.00  0.00  0.00  0.00  0.00  0.00  0.00  0.00  0.00  0.00  0.00  0.00  0.00  0.00  0.00  0.00  0.00  0.00  0.00  0.00  0.00  0.00  0.00  0.00  0.00  0.00  0.00  0.00  0.00  0.00  0.00  0.00  0.00  0.00  0.00  0.00
  0.00  0.00  0.00  0.00  0.00  0.00  0.00  0.00  0.00  0.00  0.00  0.00  0.00  0.00  0.00  0.00  0.00  0.00  0.00  0.00  0.00  0.00  0.00  0.00  0.00  0.00  0.00  0.00  0.00  0.00  0.00  0.00  0.00  0.00  0.00  0.00  0.00  0.00  0.00  0.00  0.00  0.00  0.00  0.00  0.00  0.00  0.00  0.00  0.00  0.00  0.00  0.00  0.00  0.00  0.00  0.00  0.00  0.00  0.00  0.00  0.00  0.00  0.00  0.00
  0.00  0.00  0.00  0.00  0.00  0.00  0.00  0.00  0.00  0.00  0.00  0.00  0.00  0.00  0.00  0.00  0.00  0.00  0.00  0.00  0.00  0.00  0.00  0.00  0.00  0.00  0.00  0.00  0.00  0.00  0.00  0.00  0.00  0.00  0.00  0.00  0.00  0.00  0.00  0.00  0.00  0.00  0.00  0.00  0.00  0.00  0.00  0.00  0.00  0.00  0.00  0.00  0.00  0.00  0.00  0.00  0.00  0.00  0.00  0.00  0.00  0.00  0.00  0.00
  0.00  0.00  0.00  0.00  0.00  0.00  0.00  0.00  0.00  0.00  0.00  0.00  0.00  0.00  0.00  0.00  0.00  0.00  0.00  0.00  0.00  0.00  0.00  0.00  0.00  0.00  0.00  0.00  0.00  0.00  0.00  0.00  0.00  0.00  0.00  0.00  0.00  0.00  0.00  0.00  0.00  0.00  0.00  0.00  0.00  0.00  0.00  0.00  0.00  0.00  0.00  0.00  0.00  0.00  0.00  0.00  0.00  0.00  0.00  0.00  0.00  0.00  0.00  0.00
  0.00  0.00  0.00  0.00  0.00  0.00  0.00  0.00  0.00  0.00  0.00  0.00  0.00  0.00  0.00  0.00  0.00  0.00  0.00  0.00  0.00  0.00  0.00  0.00  0.00  0.00  0.00  0.00  0.00  0.00  0.00  0.00  0.00  0.00  0.00  0.00  0.00  0.00  0.00  0.00  0.00  0.00  0.00  0.00  0.00  0.00  0.00  0.00  0.00  0.00  0.00  0.00  0.00  0.00  0.00  0.00  0.00  0.00  0.00  0.00  0.00  0.00  0.00  0.00
  0.00  0.00  0.00  0.00  0.00  0.00  0.00  0.00  0.00  0.00  0.00  0.00  0.00  0.00  0.00  0.00  0.00  0.00  0.00  0.00  0.00  0.00  0.00  0.00  0.00  0.00  0.00  0.00  0.00  0.00  0.00  0.00  0.00  0.00  0.00  0.00  0.00  0.00  0.00  0.00  0.00  0.00  0.00  0.00  0.00  0.00  0.00  0.00  0.00  0.00  0.00  0.00  0.00  0.00  0.00  0.00  0.00  0.00  0.00  0.00  0.00  0.00  0.00  0.00
  0.00  0.00  0.00  0.00  0.00  0.00  0.00  0.00  0.00  0.00  0.00  0.00  0.00  0.00  0.00  0.00  0.00  0.00  0.00  0.00  0.00  0.00  0.00  0.00  0.00  0.00  0.00  0.00  0.00  0.00  0.00  0.00  0.00  0.00  0.00  0.00  0.00  0.00  0.00  0.00  0.00  0.00  0.00  0.00  0.00  0.00  0.00  0.00  0.00  0.00  0.00  0.00  0.00  0.00  0.00  0.00  0.00  0.00  0.00  0.00  0.00  0.00  0.00  0.00
  0.00  0.00  0.00  0.00  0.00  0.00  0.00  0.00  0.00  0.00  0.00  0.00  0.00  0.00  0.00  0.00  0.00  0.00  0.00  0.00  0.00  0.00  0.00  0.00  0.00  0.00  0.00  0.00  0.00  0.00  0.00  0.00  0.00  0.00  0.00  0.00  0.00  0.00  0.00  0.00  0.00  0.00  0.00  0.00  0.00  0.00  0.00  0.00  0.00  0.00  0.00  0.00  0.00  0.00  0.00  0.00  0.00  0.00  0.00  0.00  0.00  0.00  0.00  0.00
  0.00  0.00  0.00  0.00  0.00  0.00  0.00  0.00  0.00  0.00  0.00  0.00  0.00  0.00  0.00  0.00  0.00  0.00  0.00  0.00  0.00  0.00  0.00  0.00  0.00  0.00  0.00  0.00  0.00  0.00  0.00  0.00  0.00  0.00  0.00  0.00  0.00  0.00  0.00  0.00  0.00  0.00  0.00  0.00  0.00  0.00  0.00  0.00  0.00  0.00  0.00  0.00  0.00  0.00  0.00  0.00  0.00  0.00  0.00  0.00  0.00  0.00  0.00  0.00
  0.00  0.00  0.00  0.00  0.00  0.00  0.00  0.00  0.00  0.00  0.00  0.00  0.00  0.00  0.00  0.00  0.00  0.00  0.00  0.00  0.00  0.00  0.00  0.00  0.00  0.00  0.00  0.00  0.00  0.00  0.00  0.00  0.00  0.00  0.00  0.00  0.00  0.00  0.00  0.00  0.00  0.00  0.00  0.00  0.00  0.00  0.00  0.00  0.00  0.00  0.00  0.00  0.00  0.00  0.00  0.00  0.00  0.00  0.00  0.00  0.00  0.00  0.00  0.00
  0.00  0.00  0.00  0.00  0.00  0.00  0.00  0.00  0.00  0.00  0.00  0.00  0.00  0.00  0.00  0.00  0.00  0.00  0.00  0.00  0.00  0.00  0.00  0.00  0.00  0.00  0.00  0.00  0.00  0.00  0.00  0.00  0.00  0.00  0.00  0.00  0.00  0.00  0.00  0.00  0.00  0.00  0.00  0.00  0.00  0.00  0.00  0.00  0.00  0.00  0.00  0.00  0.00  0.00  0.00  0.00  0.00  0.00  0.00  0.00  0.00  0.00  0.00  0.00
  0.00  0.00  0.00  0.00  0.00  0.00  0.00  0.00  0.00  0.00  0.00  0.00  0.00  0.00  0.00  0.00  0.00  0.00  0.00  0.00  0.00  0.00  0.00  0.00  0.00  0.00  0.00  0.00  0.00  0.00  0.00  0.00  0.00  0.00  0.00  0.00  0.00  0.00  0.00  0.00  0.00  0.00  0.00  0.00  0.00  0.00  0.00  0.00  0.00  0.00  0.00  0.00  0.00  0.00  0.00  0.00  0.00  0.00  0.00  0.00  0.00  0.00  0.00  0.00

 density range (Hz): 0.000000 5.158730