Array Size: 64  64
  0.00  0.00  0.77  0.76  0.73  0.44  0.56  0.54  0.40  0.38  0.29  0.00  0.12  0.24  0.35  0.54  0.90  0.80  0.54  0.47  0.59  0.36  0.00  0.00  0.45  0.27  0.22  0.15  0.23  0.19  0.12  0.50  0.87  0.80  0.99  0.00  0.00  0.00  0.00  0.56  0.46  0.27  0.28  0.37  0.55  0.00  0.00  0.00  0.00  0.00  0.00  0.00  0.00  0.00  0.00  0.00  0.00  0.00  0.00  0.00  0.00  0.00  0.00  0.00
  0.00  0.00  0.70  0.69  0.65  0.35  0.43  0.39  0.28  0.27  0.22  0.00  0.10  0.19  0.38  0.58  0.82  0.72  0.64  0.50  0.54  0.38  0.51  0.44  0.39  0.23  0.19  0.13  0.19  0.15  0.10  0.63  0.91  1.04  1.21  1.24  1.05  0.94  0.85  0.70  0.70  0.58  0.50  0.50  0.52  0.00  0.00  0.00  0.00  0.00  0.00  0.00  0.00  0.00  0.00  0.00  0.00  0.00  0.00  0.00  0.00  0.00  0.00  0.00
  0.00  0.68  0.61  0.59  0.55  0.24  0.30  0.27  0.28  0.30  0.28  0.23  0.28  0.27  0.40  0.52  0.69  0.64  0.56  0.47  0.53  0.32  0.43  0.39  0.33  0.20  0.17  0.17  0.28  0.27  0.27  0.80  0.93  1.14  1.15  1.25  1.06  0.99  0.80  0.73  0.59  0.49  0.39  0.39  0.39  0.00  0.00  0.00  0.00  0.00  0.00  0.00  0.00  0.00  0.00  0.00  0.00  0.00  0.00  0.00  0.00  0.00  0.00  0.00
  0.00  0.13  0.09  0.08  0.06  0.07  0.00  0.00  0.17  0.18  0.17  0.27  0.32  0.22  0.33  0.42  0.43  0.38  0.41  0.42  0.47  0.43  0.55  0.52  0.27  0.07  0.34  0.34  0.48  0.62  0.76  0.83  0.94  1.13  1.22  1.35  1.21  1.16  1.01  0.84  0.66  0.54  0.46  0.38  0.38  0.00  0.00  0.00  0.00  0.00  0.00  0.00  0.00  0.00  0.00  0.00  0.00  0.00  0.00  0.00  0.00  0.00  0.00  0.00
  0.00  0.16  0.10  0.08  0.06  0.06  0.00  0.00  0.15  0.17  0.17  0.29  0.27  0.17  0.23  0.33  0.31  0.36  0.39  0.38  0.27  0.22  0.25  0.20  0.10  0.09  0.41  0.40  0.53  0.65  0.83  0.87  0.85  1.11  1.03  1.12  1.15  1.32  1.14  1.23  0.99  0.68  0.28  0.13  0.08  0.00  0.00  0.00  0.00  0.00  0.00  0.00  0.00  0.00  0.00  0.00  0.00  0.00  0.00  0.00  0.00  0.00  0.00  0.00
  0.00  0.00  0.00  0.00  0.00  0.00  0.00  0.00  0.14  0.17  0.17  0.28  0.27  0.11  0.17  0.23  0.20  0.23  0.29  0.28  0.23  0.19  0.16  0.10  0.00  0.00  0.41  0.51  0.67  0.79  0.96  0.78  0.70  0.96  1.02  1.13  1.27  1.47  1.47  1.54  1.18  0.76  0.44  0.17  0.13  0.09  0.00  0.00  0.00  0.00  0.00  0.00  0.00  0.00  0.00  0.00  0.00  0.00  0.00  0.00  0.00  0.00  0.00  0.00
  0.00  0.00  0.08  0.06  0.05  0.05  0.05  0.00  0.13  0.17  0.24  0.29  0.28  0.20  0.20  0.16  0.13  0.17  0.12  0.17  0.16  0.13  0.08  0.09  0.00  0.00  0.34  0.42  0.60  0.78  0.94  0.61  0.55  0.80  0.93  1.05  1.25  1.41  1.38  1.33  0.96  0.53  0.28  0.06  0.07  0.09  0.00  0.00  0.00  0.00  0.00  0.00  0.00  0.00  0.00  0.00  0.00  0.00  0.00  0.00  0.00  0.00  0.00  0.00
  0.00  0.13  0.18  0.13  0.05  0.06  0.06  0.00  0.07  0.10  0.17  0.13  0.13  0.11  0.10  0.06  0.06  0.11  0.11  0.17  0.16  0.19  0.15  0.09  0.00  0.00  0.30  0.30  0.00  0.61  0.75  0.32  0.40  0.68  0.93  1.01  1.26  0.00  1.63  1.45  1.20  0.76  0.36  0.06  0.07  0.00  0.00  0.00  0.00  0.00  0.00  0.00  0.00  0.00  0.00  0.00  0.00  0.00  0.00  0.00  0.00  0.00  0.00  0.00
  0.00  0.13  0.20  0.15  0.06  0.07  0.07  0.00  0.00  0.00  0.09  0.07  0.07  0.15  0.13  0.07  0.06  0.11  0.10  0.11  0.10  0.13  0.09  0.00  0.00  0.07  0.08  0.08  0.09  0.27  0.28  0.35  0.41  0.71  0.91  0.94  1.12  1.39  1.47  1.31  1.18  0.80  0.32  0.07  0.07  0.00  0.00  0.00  0.00  0.00  0.00  0.00  0.00  0.00  0.00  0.00  0.00  0.00  0.00  0.00  0.00  0.00  0.00  0.00
  0.00  0.12  0.20  0.16  0.06  0.08  0.09  0.00  0.00  0.00  0.10  0.00  0.07  0.22  0.26  0.20  0.17  0.15  0.10  0.05  0.05  0.08  0.12  0.00  0.00  0.08  0.08  0.08  0.00  0.30  0.31  0.35  0.57  0.71  1.09  1.02  1.05  1.07  1.16  0.71  0.73  0.63  0.36  0.11  0.12  0.00  0.00  0.00  0.00  0.00  0.00  0.00  0.00  0.00  0.00  0.00  0.00  0.00  0.00  0.00  0.00  0.00  0.00  0.00
  0.00  0.11  0.17  0.14  0.06  0.08  0.10  0.00  0.00  0.11  0.20  0.15  0.14  0.30  0.26  0.19  0.16  0.14  0.10  0.06  0.06  0.11  0.15  0.00  0.00  0.08  0.08  0.08  0.09  0.27  0.00  0.30  0.62  0.80  1.12  1.04  0.89  0.79  0.69  0.25  0.29  0.39  0.11  0.00  0.00  0.00  0.00  0.00  0.00  0.00  0.00  0.00  0.00  0.00  0.00  0.00  0.00  0.00  0.00  0.00  0.00  0.00  0.00  0.00
  0.00  0.23  0.19  0.16  0.07  0.09  0.00  0.00  0.11  0.20  0.19  0.19  0.17  0.18  0.16  0.15  0.17  0.15  0.16  0.12  0.14  0.11  0.18  0.00  0.00  0.10  0.10  0.09  0.10  0.27  0.24  0.25  0.65  0.64  0.82  0.76  0.71  0.56  0.59  0.24  0.27  0.34  0.09  0.00  0.00  0.00  0.00  0.00  0.00  0.00  0.00  0.00  0.00  0.00  0.00  0.00  0.00  0.00  0.00  0.00  0.00  0.00  0.00  0.00
  0.00  0.12  0.10  0.08  0.08  0.10  0.00  0.00  0.13  0.21  0.20  0.19  0.17  0.17  0.17  0.16  0.19  0.17  0.12  0.07  0.07  0.00  0.00  0.00  0.15  0.26  0.25  0.22  0.23  0.25  0.22  0.25  0.63  0.45  0.60  0.53  0.48  0.27  0.32  0.00  0.00  0.00  0.00  0.00  0.00  0.00  0.00  0.00  0.00  0.00  0.00  0.00  0.00  0.00  0.00  0.00  0.00  0.00  0.00  0.00  0.00  0.00  0.00  0.00
  0.00  0.12  0.19  0.16  0.16  0.20  0.14  0.00  0.13  0.20  0.18  0.18  0.17  0.16  0.16  0.16  0.21  0.19  0.15  0.08  0.09  0.00  0.00  0.00  0.12  0.12  0.11  0.10  0.10  0.00  0.10  0.08  0.37  0.26  0.37  0.32  0.31  0.14  0.20  0.00  0.00  0.00  0.00  0.00  0.00  0.00  0.00  0.00  0.00  0.00  0.00  0.00  0.00  0.00  0.00  0.00  0.00  0.00  0.00  0.00  0.00  0.00  0.00  0.00
  0.00  0.26  0.29  0.25  0.25  0.21  0.13  0.00  0.12  0.19  0.18  0.17  0.16  0.08  0.00  0.00  0.08  0.08  0.08  0.09  0.10  0.00  0.00  0.00  0.10  0.00  0.10  0.09  0.09  0.00  0.00  0.00  0.26  0.18  0.26  0.26  0.26  0.10  0.15  0.00  0.07  0.07  0.07  0.09  0.11  0.00  0.00  0.00  0.00  0.00  0.00  0.00  0.00  0.00  0.00  0.00  0.00  0.00  0.00  0.00  0.00  0.00  0.00  0.00
  0.00  0.38  0.43  0.34  0.33  0.25  0.13  0.00  0.12  0.11  0.10  0.10  0.09  0.00  0.00  0.00  0.08  0.08  0.09  0.10  0.09  0.00  0.08  0.08  0.26  0.25  0.29  0.22  0.30  0.10  0.11  0.10  0.15  0.05  0.09  0.09  0.09  0.06  0.08  0.00  0.07  0.07  0.06  0.08  0.09  0.00  0.00  0.00  0.00  0.00  0.00  0.00  0.00  0.00  0.00  0.00  0.00  0.00  0.00  0.00  0.00  0.00  0.00  0.00
  0.00  0.18  0.27  0.41  0.41  0.33  0.31  0.19  0.00  0.00  0.00  0.00  0.00  0.00  0.00  0.00  0.08  0.08  0.08  0.09  0.08  0.00  0.06  0.06  0.19  0.20  0.24  0.21  0.31  0.10  0.10  0.00  0.06  0.00  0.05  0.05  0.05  0.06  0.09  0.00  0.15  0.13  0.11  0.13  0.15  0.00  0.00  0.00  0.00  0.00  0.00  0.00  0.00  0.00  0.00  0.00  0.00  0.00  0.00  0.00  0.00  0.00  0.00  0.00
  0.00  0.14  0.22  0.37  0.36  0.26  0.25  0.16  0.00  0.00  0.00  0.00  0.00  0.00  0.00  0.00  0.08  0.07  0.07  0.08  0.07  0.00  0.05  0.10  0.26  0.26  0.31  0.29  0.35  0.10  0.09  0.09  0.06  0.00  0.00  0.00  0.00  0.00  0.00  0.00  0.15  0.12  0.11  0.12  0.13  0.00  0.00  0.00  0.00  0.00  0.00  0.00  0.00  0.00  0.00  0.00  0.00  0.00  0.00  0.00  0.00  0.00  0.00  0.00
  0.15  0.12  0.09  0.25  0.24  0.15  0.15  0.18  0.00  0.00  0.00  0.00  0.00  0.00  0.00  0.00  0.07  0.06  0.06  0.06  0.06  0.05  0.10  0.14  0.31  0.31  0.34  0.32  0.37  0.16  0.14  0.08  0.07  0.00  0.00  0.00  0.00  0.08  0.09  0.09  0.21  0.28  0.20  0.22  0.25  0.00  0.00  0.00  0.00  0.00  0.00  0.00  0.00  0.00  0.00  0.00  0.00  0.00  0.00  0.00  0.00  0.00  0.00  0.00
  0.00  0.00  0.00  0.15  0.14  0.14  0.13  0.15  0.00  0.00  0.00  0.00  0.00  0.00  0.00  0.00  0.06  0.05  0.05  0.11  0.11  0.10  0.15  0.18  0.30  0.30  0.33  0.30  0.34  0.13  0.12  0.06  0.06  0.00  0.00  0.00  0.00  0.08  0.08  0.25  0.27  0.51  0.46  0.50  0.47  0.00  0.00  0.00  0.00  0.00  0.00  0.00  0.00  0.00  0.00  0.00  0.00  0.00  0.00  0.00  0.00  0.00  0.00  0.00
  0.00  0.00  0.00  0.15  0.14  0.13  0.12  0.14  0.00  0.00  0.00  0.10  0.10  0.09  0.07  0.06  0.06  0.05  0.06  0.11  0.11  0.11  0.11  0.15  0.21  0.27  0.27  0.24  0.20  0.10  0.05  0.00  0.00  0.00  0.00  0.00  0.00  0.08  0.08  0.42  0.54  0.79  0.71  0.79  0.67  0.00  0.00  0.00  0.00  0.00  0.00  0.00  0.00  0.00  0.00  0.00  0.00  0.00  0.00  0.00  0.00  0.00  0.00  0.00
  0.00  0.00  0.00  0.00  0.00  0.00  0.00  0.00  0.00  0.00  0.00  0.00  0.10  0.09  0.07  0.06  0.00  0.00  0.00  0.06  0.06  0.12  0.19  0.26  0.33  0.37  0.33  0.22  0.18  0.09  0.05  0.00  0.00  0.00  0.00  0.00  0.00  0.09  0.09  0.51  0.70  1.02  1.35  1.53  1.44  0.00  0.00  0.00  0.00  0.00  0.00  0.00  0.00  0.00  0.00  0.00  0.00  0.00  0.00  0.00  0.00  0.00  0.00  0.00
  0.00  0.00  0.00  0.00  0.07  0.06  0.06  0.06  0.06  0.08  0.09  0.28  0.30  0.27  0.14  0.18  0.06  0.05  0.06  0.12  0.06  0.29  0.37  0.38  0.33  0.37  0.18  0.09  0.13  0.13  0.09  0.05  0.07  0.00  0.08  0.09  0.08  0.28  0.26  0.70  0.96  1.40  1.70  1.97  1.90  0.00  0.00  0.00  0.00  0.00  0.00  0.00  0.00  0.00  0.00  0.00  0.00  0.00  0.00  0.00  0.00  0.00  0.00  0.00
  0.00  0.00  0.00  0.09  0.14  0.13  0.12  0.11  0.06  0.15  0.15  0.31  0.25  0.29  0.19  0.28  0.19  0.23  0.20  0.22  0.07  0.25  0.30  0.30  0.25  0.29  0.13  0.05  0.09  0.09  0.05  0.06  0.07  0.08  0.17  0.17  0.24  0.45  0.34  0.93  1.28  1.56  1.90  2.24  2.08  0.00  0.00  0.00  0.00  0.00  0.00  0.00  0.00  0.00  0.00  0.00  0.00  0.00  0.00  0.00  0.00  0.00  0.00  0.00
  0.00  0.00  0.00  0.11  0.16  0.14  0.13  0.12  0.06  0.20  0.27  0.46  0.39  0.42  0.28  0.34  0.20  0.32  0.31  0.27  0.08  0.25  0.24  0.23  0.23  0.27  0.12  0.05  0.09  0.10  0.05  0.06  0.07  0.07  0.13  0.13  0.28  0.50  0.60  1.10  1.56  1.64  2.18  2.36  2.36  0.00  0.00  0.00  0.00  0.00  0.00  0.00  0.00  0.00  0.00  0.00  0.00  0.00  0.00  0.00  0.00  0.00  0.00  0.00
  0.00  0.00  0.00  0.12  0.18  0.16  0.21  0.25  0.32  0.52  0.60  0.70  0.52  0.45  0.29  0.35  0.21  0.35  0.32  0.28  0.08  0.23  0.21  0.20  0.19  0.18  0.05  0.00  0.09  0.08  0.09  0.09  0.09  0.05  0.12  0.12  0.27  0.50  0.65  1.01  1.43  1.46  2.04  2.13  2.24  0.00  0.00  0.00  0.00  0.00  0.00  0.00  0.00  0.00  0.00  0.00  0.00  0.00  0.00  0.00  0.00  0.00  0.00  0.00
  0.00  0.00  0.00  0.13  0.20  0.17  0.22  0.32  0.48  0.81  0.87  0.99  0.73  0.66  0.38  0.47  0.28  0.47  0.35  0.29  0.08  0.23  0.15  0.15  0.14  0.14  0.00  0.00  0.09  0.07  0.08  0.08  0.08  0.09  0.16  0.17  0.33  0.56  0.63  0.91  1.19  1.24  1.58  1.65  1.69  0.00  0.00  0.00  0.00  0.00  0.00  0.00  0.00  0.00  0.00  0.00  0.00  0.00  0.00  0.00  0.00  0.00  0.00  0.00
  0.00  0.00  0.00  0.14  0.12  0.26  0.45  0.65  0.82  1.06  1.07  0.98  0.70  0.59  0.35  0.39  0.28  0.38  0.26  0.18  0.08  0.06  0.00  0.00  0.05  0.04  0.05  0.09  0.12  0.10  0.10  0.10  0.06  0.11  0.09  0.10  0.25  0.40  0.49  0.88  1.07  1.08  1.53  1.60  1.58  0.00  0.00  0.00  0.00  0.00  0.00  0.00  0.00  0.00  0.00  0.00  0.00  0.00  0.00  0.00  0.00  0.00  0.00  0.00
  0.00  0.00  0.00  0.00  0.00  0.28  0.47  0.93  1.29  1.55  1.71  1.52  1.27  1.00  0.59  0.54  0.45  0.29  0.16  0.16  0.08  0.06  0.00  0.00  0.05  0.04  0.05  0.09  0.12  0.09  0.09  0.09  0.06  0.07  0.09  0.10  0.17  0.21  0.37  0.50  0.52  0.81  1.44  1.47  1.53  0.00  0.00  0.00  0.00  0.00  0.00  0.00  0.00  0.00  0.00  0.00  0.00  0.00  0.00  0.00  0.00  0.00  0.00  0.00
  0.00  0.00  0.00  0.00  0.31  0.40  0.66  1.26  1.61  1.80  1.96  1.78  1.45  1.14  0.76  0.72  0.64  0.35  0.24  0.13  0.06  0.00  0.00  0.00  0.05  0.04  0.04  0.08  0.10  0.11  0.11  0.12  0.10  0.11  0.10  0.11  0.12  0.13  0.08  0.24  0.24  0.69  1.16  1.30  1.25  0.00  0.00  0.00  0.00  0.00  0.00  0.00  0.00  0.00  0.00  0.00  0.00  0.00  0.00  0.00  0.00  0.00  0.00  0.00
  0.00  0.00  0.00  0.00  0.30  0.40  0.58  1.18  1.47  1.83  1.98  1.83  1.50  1.22  0.75  0.69  0.65  0.37  0.26  0.11  0.05  0.00  0.00  0.00  0.05  0.09  0.09  0.12  0.13  0.17  0.14  0.15  0.13  0.16  0.09  0.10  0.11  0.13  0.08  0.20  0.18  0.60  0.95  1.07  1.02  0.00  0.00  0.00  0.00  0.00  0.00  0.00  0.00  0.00  0.00  0.00  0.00  0.00  0.00  0.00  0.00  0.00  0.00  0.00
  0.00  0.00  0.00  0.00  0.28  0.51  0.77  1.35  1.55  1.88  2.00  1.84  1.50  1.22  0.80  0.70  0.61  0.34  0.28  0.14  0.05  0.00  0.00  0.00  0.05  0.09  0.08  0.12  0.14  0.20  0.17  0.21  0.17  0.17  0.09  0.14  0.09  0.12  0.14  0.36  0.24  0.62  0.77  0.87  0.74  0.00  0.00  0.00  0.00  0.00  0.00  0.00  0.00  0.00  0.00  0.00  0.00  0.00  0.00  0.00  0.00  0.00  0.00  0.00
  0.00  0.00  0.00  0.00  0.30  0.42  0.55  1.13  1.45  1.83  1.96  2.01  1.73  1.38  0.91  0.82  0.66  0.41  0.34  0.20  0.05  0.00  0.00  0.00  0.00  0.05  0.09  0.09  0.11  0.22  0.19  0.20  0.22  0.24  0.15  0.21  0.15  0.19  0.21  0.34  0.22  0.57  0.55  0.63  0.56  0.00  0.00  0.00  0.00  0.00  0.00  0.00  0.00  0.00  0.00  0.00  0.00  0.00  0.00  0.00  0.00  0.00  0.00  0.00
  0.00  0.00  0.00  0.12  0.24  0.46  0.68  0.95  0.92  1.36  1.51  1.74  1.53  1.40  1.01  0.82  0.46  0.34  0.31  0.15  0.05  0.00  0.00  0.00  0.00  0.05  0.10  0.09  0.12  0.24  0.20  0.29  0.31  0.37  0.22  0.28  0.11  0.14  0.14  0.31  0.20  0.47  0.41  0.48  0.40  0.00  0.00  0.00  0.00  0.00  0.00  0.00  0.00  0.00  0.00  0.00  0.00  0.00  0.00  0.00  0.00  0.00  0.00  0.00
  0.00  0.00  0.00  0.09  0.00  0.31  0.45  0.54  0.52  1.04  1.16  1.43  1.34  1.29  0.90  0.67  0.23  0.22  0.20  0.13  0.05  0.05  0.00  0.00  0.00  0.05  0.11  0.16  0.19  0.34  0.40  0.53  0.47  0.53  0.40  0.41  0.18  0.22  0.22  0.29  0.14  0.36  0.33  0.39  0.36  0.00  0.00  0.00  0.00  0.00  0.00  0.00  0.00  0.00  0.00  0.00  0.00  0.00  0.00  0.00  0.00  0.00  0.00  0.00
  0.00  0.00  0.00  0.07  0.07  0.20  0.34  0.41  0.46  0.66  0.83  1.00  0.97  0.94  0.80  0.69  0.40  0.40  0.33  0.30  0.16  0.06  0.00  0.00  0.00  0.00  0.06  0.13  0.14  0.27  0.43  0.64  0.58  0.61  0.52  0.53  0.22  0.32  0.31  0.36  0.22  0.34  0.26  0.32  0.30  0.00  0.00  0.00  0.00  0.00  0.00  0.00  0.00  0.00  0.00  0.00  0.00  0.00  0.00  0.00  0.00  0.00  0.00  0.00
  0.00  0.00  0.00  0.11  0.11  0.16  0.20  0.20  0.21  0.29  0.48  0.66  0.68  0.63  0.59  0.52  0.35  0.37  0.31  0.29  0.18  0.08  0.00  0.00  0.00  0.00  0.07  0.13  0.14  0.32  0.54  0.69  0.70  0.74  0.63  0.49  0.18  0.24  0.22  0.20  0.14  0.21  0.08  0.10  0.14  0.00  0.00  0.00  0.00  0.00  0.00  0.00  0.00  0.00  0.00  0.00  0.00  0.00  0.00  0.00  0.00  0.00  0.00  0.00
  0.00  0.00  0.00  0.11  0.11  0.15  0.19  0.21  0.00  0.10  0.37  0.52  0.51  0.55  0.51  0.38  0.28  0.30  0.24  0.23  0.19  0.08  0.00  0.00  0.08  0.08  0.08  0.15  0.15  0.18  0.41  0.75  0.66  0.65  0.58  0.44  0.08  0.15  0.22  0.20  0.15  0.16  0.09  0.00  0.00  0.00  0.00  0.00  0.00  0.00  0.00  0.00  0.00  0.00  0.00  0.00  0.00  0.00  0.00  0.00  0.00  0.00  0.00  0.00
  0.11  0.08  0.06  0.12  0.06  0.07  0.09  0.09  0.00  0.00  0.00  0.08  0.14  0.20  0.21  0.25  0.28  0.30  0.26  0.27  0.24  0.18  0.10  0.19  0.24  0.25  0.18  0.28  0.18  0.23  0.48  0.69  0.55  0.52  0.42  0.36  0.22  0.26  0.34  0.32  0.21  0.18  0.11  0.00  0.00  0.00  0.00  0.00  0.00  0.00  0.00  0.00  0.00  0.00  0.00  0.00  0.00  0.00  0.00  0.00  0.00  0.00  0.00  0.00
  0.16  0.11  0.08  0.15  0.00  0.07  0.08  0.09  0.00  0.00  0.00  0.00  0.00  0.00  0.07  0.13  0.28  0.34  0.30  0.35  0.28  0.14  0.13  0.24  0.26  0.27  0.18  0.19  0.10  0.00  0.22  0.31  0.26  0.23  0.21  0.16  0.14  0.19  0.28  0.27  0.25  0.23  0.18  0.11  0.17  0.00  0.00  0.00  0.00  0.00  0.00  0.00  0.00  0.00  0.00  0.00  0.00  0.00  0.00  0.00  0.00  0.00  0.00  0.00
  0.16  0.12  0.11  0.19  0.10  0.09  0.11  0.10  0.00  0.00  0.00  0.00  0.00  0.00  0.00  0.00  0.00  0.00  0.00  0.00  0.00  0.14  0.13  0.24  0.25  0.23  0.15  0.16  0.08  0.00  0.23  0.42  0.36  0.29  0.26  0.21  0.12  0.12  0.21  0.22  0.21  0.18  0.21  0.13  0.17  0.00  0.00  0.00  0.00  0.00  0.00  0.00  0.00  0.00  0.00  0.00  0.00  0.00  0.00  0.00  0.00  0.00  0.00  0.00
  0.39  0.33  0.29  0.29  0.00  0.00  0.00  0.00  0.00  0.00  0.00  0.00  0.00  0.00  0.00  0.00  0.00  0.00  0.00  0.00  0.00  0.10  0.19  0.27  0.36  0.34  0.28  0.23  0.16  0.00  0.11  0.35  0.32  0.24  0.22  0.21  0.13  0.13  0.24  0.26  0.27  0.22  0.24  0.15  0.19  0.00  0.00  0.00  0.00  0.00  0.00  0.00  0.00  0.00  0.00  0.00  0.00  0.00  0.00  0.00  0.00  0.00  0.00  0.00
  0.26  0.23  0.21  0.22  0.00  0.00  0.00  0.00  0.00  0.00  0.00  0.00  0.00  0.00  0.00  0.00  0.00  0.00  0.00  0.00  0.00  0.08  0.14  0.00  0.22  0.20  0.16  0.12  0.06  0.00  0.11  0.25  0.24  0.19  0.17  0.16  0.14  0.14  0.17  0.21  0.21  0.14  0.16  0.19  0.21  0.00  0.00  0.00  0.00  0.00  0.00  0.00  0.00  0.00  0.00  0.00  0.00  0.00  0.00  0.00  0.00  0.00  0.00  0.00
  0.24  0.22  0.19  0.11  0.00  0.00  0.00  0.00  0.00  0.00  0.00  0.00  0.00  0.00  0.00  0.00  0.00  0.00  0.00  0.00  0.00  0.00  0.07  0.07  0.12  0.11  0.11  0.06  0.06  0.00  0.12  0.27  0.26  0.00  0.19  0.09  0.00  0.00  0.00  0.00  0.15  0.17  0.19  0.00  0.26  0.00  0.00  0.00  0.00  0.00  0.00  0.00  0.00  0.00  0.00  0.00  0.00  0.00  0.00  0.00  0.00  0.00  0.00  0.00
  0.27  0.24  0.21  0.12  0.00  0.00  0.00  0.00  0.00  0.00  0.00  0.00  0.00  0.00  0.00  0.00  0.00  0.00  0.00  0.00  0.00  0.00  0.07  0.08  0.14  0.13  0.13  0.07  0.07  0.00  0.00  0.17  0.18  0.16  0.15  0.13  0.00  0.00  0.00  0.00  0.00  0.00  0.00  0.00  0.00  0.00  0.00  0.00  0.00  0.00  0.00  0.00  0.00  0.00  0.00  0.00  0.00  0.00  0.00  0.00  0.00  0.00  0.00  0.00
  0.29  0.00  0.25  0.15  0.00  0.00  0.00  0.00  0.00  0.00  0.00  0.00  0.00  0.00  0.00  0.00  0.00  0.00  0.00  0.00  0.00  0.00  0.08  0.10  0.17  0.16  0.17  0.09  0.09  0.00  0.00  0.00  0.00  0.00  0.00  0.00  0.00  0.00  0.00  0.00  0.00  0.00  0.00  0.00  0.00  0.00  0.00  0.00  0.00  0.00  0.00  0.00  0.00  0.00  0.00  0.00  0.00  0.00  0.00  0.00  0.00  0.00  0.00  0.00
  0.00  0.00  0.00  0.00  0.00  0.00  0.00  0.00  0.00  0.00  0.00  0.00  0.00  0.00  0.00  0.00  0.00  0.00  0.00  0.00  0.00  0.00  0.00  0.00  0.00  0.00  0.00  0.00  0.00  0.00  0.00  0.00  0.00  0.00  0.00  0.00  0.00  0.00  0.00  0.00  0.00  0.00  0.00  0.00  0.00  0.00  0.00  0.00  0.00  0.00  0.00  0.00  0.00  0.00  0.00  0.00  0.00  0.00  0.00  0.00  0.00  0.00  0.00  0.00
  0.00  0.00  0.00  0.00  0.00  0.00  0.00  0.00  0.00  0.00  0.00  0.00  0.00  0.00  0.00  0.00  0.00  0.00  0.00  0.00  0.00  0.00  0.00  0.00  0.00  0.00  0.00  0.00  0.00  0.00  0.00  0.00  0.00  0.00  0.00  0.00  0.00  0.00  0.00  0.00  0.00  0.00  0.00  0.00  0.00  0.00  0.00  0.00  0.00  0.00  0.00  0.00  0.00  0.00  0.00  0.00  0.00  0.00  0.00  0.00  0.00  0.00  0.00  0.00
  0.00  0.00  0.00  0.00  0.00  0.00  0.00  0.00  0.00  0.00  0.00  0.00  0.00  0.00  0.00  0.00  0.00  0.00  0.00  0.00  0.00  0.00  0.00  0.00  0.00  0.00  0.00  0.00  0.00  0.00  0.00  0.00  0.00  0.00  0.00  0.00  0.00  0.00  0.00  0.00  0.00  0.00  0.00  0.00  0.00  0.00  0.00  0.00  0.00  0.00  0.00  0.00  0.00  0.00  0.00  0.00  0.00  0.00  0.00  0.00  0.00  0.00  0.00  0.00
  0.00  0.00  0.00  0.00  0.00  0.00  0.00  0.00  0.00  0.00  0.00  0.00  0.00  0.00  0.00  0.00  0.00  0.00  0.00  0.00  0.00  0.00  0.00  0.00  0.00  0.00  0.00  0.00  0.00  0.00  0.00  0.00  0.00  0.00  0.00  0.00  0.00  0.00  0.00  0.00  0.00  0.00  0.00  0.00  0.00  0.00  0.00  0.00  0.00  0.00  0.00  0.00  0.00  0.00  0.00  0.00  0.00  0.00  0.00  0.00  0.00  0.00  0.00  0.00
  0.00  0.00  0.00  0.00  0.00  0.00  0.00  0.00  0.00  0.00  0.00  0.00  0.00  0.00  0.00  0.00  0.00  0.00  0.00  0.00  0.00  0.00  0.00  0.00  0.00  0.00  0.00  0.00  0.00  0.00  0.00  0.00  0.00  0.00  0.00  0.00  0.00  0.00  0.00  0.00  0.00  0.00  0.00  0.00  0.00  0.00  0.00  0.00  0.00  0.00  0.00  0.00  0.00  0.00  0.00  0.00  0.00  0.00  0.00  0.00  0.00  0.00  0.00  0.00
  0.00  0.00  0.00  0.00  0.00  0.00  0.00  0.00  0.00  0.00  0.00  0.00  0.00  0.00  0.00  0.00  0.00  0.00  0.00  0.00  0.00  0.00  0.00  0.00  0.00  0.00  0.00  0.00  0.00  0.00  0.00  0.00  0.00  0.00  0.00  0.00  0.00  0.00  0.00  0.00  0.00  0.00  0.00  0.00  0.00  0.00  0.00  0.00  0.00  0.00  0.00  0.00  0.00  0.00  0.00  0.00  0.00  0.00  0.00  0.00  0.00  0.00  0.00  0.00
  0.00  0.00  0.00  0.00  0.00  0.00  0.00  0.00  0.00  0.00  0.00  0.00  0.00  0.00  0.00  0.00  0.00  0.00  0.00  0.00  0.00  0.00  0.00  0.00  0.00  0.00  0.00  0.00  0.00  0.00  0.00  0.00  0.00  0.00  0.00  0.00  0.00  0.00  0.00  0.00  0.00  0.00  0.00  0.00  0.00  0.00  0.00  0.00  0.00  0.00  0.00  0.00  0.00  0.00  0.00  0.00  0.00  0.00  0.00  0.00  0.00  0.00  0.00  0.00
  0.00  0.00  0.00  0.00  0.00  0.00  0.00  0.00  0.00  0.00  0.00  0.00  0.00  0.00  0.00  0.00  0.00  0.00  0.00  0.00  0.00  0.00  0.00  0.00  0.00  0.00  0.00  0.00  0.00  0.00  0.00  0.00  0.00  0.00  0.00  0.00  0.00  0.00  0.00  0.00  0.00  0.00  0.00  0.00  0.00  0.00  0.00  0.00  0.00  0.00  0.00  0.00  0.00  0.00  0.00  0.00  0.00  0.00  0.00  0.00  0.00  0.00  0.00  0.00
  0.00  0.00  0.00  0.00  0.00  0.00  0.00  0.00  0.00  0.00  0.00  0.00  0.00  0.00  0.00  0.00  0.00  0.00  0.00  0.00  0.00  0.00  0.00  0.00  0.00  0.00  0.00  0.00  0.00  0.00  0.00  0.00  0.00  0.00  0.00  0.00  0.00  0.00  0.00  0.00  0.00  0.00  0.00  0.00  0.00  0.00  0.00  0.00  0.00  0.00  0.00  0.00  0.00  0.00  0.00  0.00  0.00  0.00  0.00  0.00  0.00  0.00  0.00  0.00
  0.00  0.00  0.00  0.00  0.00  0.00  0.00  0.00  0.00  0.00  0.00  0.00  0.00  0.00  0.00  0.00  0.00  0.00  0.00  0.00  0.00  0.00  0.00  0.00  0.00  0.00  0.00  0.00  0.00  0.00  0.00  0.00  0.00  0.00  0.00  0.00  0.00  0.00  0.00  0.00  0.00  0.00  0.00  0.00  0.00  0.00  0.00  0.00  0.00  0.00  0.00  0.00  0.00  0.00  0.00  0.00  0.00  0.00  0.00  0.00  0.00  0.00  0.00  0.00
  0.00  0.00  0.00  0.00  0.00  0.00  0.00  0.00  0.00  0.00  0.00  0.00  0.00  0.00  0.00  0.00  0.00  0.00  0.00  0.00  0.00  0.00  0.00  0.00  0.00  0.00  0.00  0.00  0.00  0.00  0.00  0.00  0.00  0.00  0.00  0.00  0.00  0.00  0.00  0.00  0.00  0.00  0.00  0.00  0.00  0.00  0.00  0.00  0.00  0.00  0.00  0.00  0.00  0.00  0.00  0.00  0.00  0.00  0.00  0.00  0.00  0.00  0.00  0.00
  0.00  0.00  0.00  0.00  0.00  0.00  0.00  0.00  0.00  0.00  0.00  0.00  0.00  0.00  0.00  0.00  0.00  0.00  0.00  0.00  0.00  0.00  0.00  0.00  0.00  0.00  0.00  0.00  0.00  0.00  0.00  0.00  0.00  0.00  0.00  0.00  0.00  0.00  0.00  0.00  0.00  0.00  0.00  0.00  0.00  0.00  0.00  0.00  0.00  0.00  0.00  0.00  0.00  0.00  0.00  0.00  0.00  0.00  0.00  0.00  0.00  0.00  0.00  0.00
  0.00  0.00  0.00  0.00  0.00  0.00  0.00  0.00  0.00  0.00  0.00  0.00  0.00  0.00  0.00  0.00  0.00  0.00  0.00  0.00  0.00  0.00  0.00  0.00  0.00  0.00  0.00  0.00  0.00  0.00  0.00  0.00  0.00  0.00  0.00  0.00  0.00  0.00  0.00  0.00  0.00  0.00  0.00  0.00  0.00  0.00  0.00  0.00  0.00  0.00  0.00  0.00  0.00  0.00  0.00  0.00  0.00  0.00  0.00  0.00  0.00  0.00  0.00  0.00
  0.00  0.00  0.00  0.00  0.00  0.00  0.00  0.00  0.00  0.00  0.00  0.00  0.00  0.00  0.00  0.00  0.00  0.00  0.00  0.00  0.00  0.00  0.00  0.00  0.00  0.00  0.00  0.00  0.00  0.00  0.00  0.00  0.00  0.00  0.00  0.00  0.00  0.00  0.00  0.00  0.00  0.00  0.00  0.00  0.00  0.00  0.00  0.00  0.00  0.00  0.00  0.00  0.00  0.00  0.00  0.00  0.00  0.00  0.00  0.00  0.00  0.00  0.00  0.00
  0.00  0.00  0.00  0.00  0.00  0.00  0.00  0.00  0.00  0.00  0.00  0.00  0.00  0.00  0.00  0.00  0.00  0.00  0.00  0.00  0.00  0.00  0.00  0.00  0.00  0.00  0.00  0.00  0.00  0.00  0.00  0.00  0.00  0.00  0.00  0.00  0.00  0.00  0.00  0.00  0.00  0.00  0.00  0.00  0.00  0.00  0.00  0.00  0.00  0.00  0.00  0.00  0.00  0.00  0.00  0.00  0.00  0.00  0.00  0.00  0.00  0.00  0.00  0.00
  0.00  0.00  0.00  0.00  0.00  0.00  0.00  0.00  0.00  0.00  0.00  0.00  0.00  0.00  0.00  0.00  0.00  0.00  0.00  0.00  0.00  0.00  0.00  0.00  0.00  0.00  0.00  0.00  0.00  0.00  0.00  0.00  0.00  0.00  0.00  0.00  0.00  0.00  0.00  0.00  0.00  0.00  0.00  0.00  0.00  0.00  0.00  0.00  0.00  0.00  0.00  0.00  0.00  0.00  0.00  0.00  0.00  0.00  0.00  0.00  0.00  0.00  0.00  0.00
  0.00  0.00  0.00  0.00  0.00  0.00  0.00  0.00  0.00  0.00  0.00  0.00  0.00  0.00  0.00  0.00  0.00  0.00  0.00  0.00  0.00  0.00  0.00  0.00  0.00  0.00  0.00  0.00  0.00  0.00  0.00  0.00  0.00  0.00  0.00  0.00  0.00  0.00  0.00  0.00  0.00  0.00  0.00  0.00  0.00  0.00  0.00  0.00  0.00  0.00  0.00  0.00  0.00  0.00  0.00  0.00  0.00  0.00  0.00  0.00  0.00  0.00  0.00  0.00
  0.00  0.00  0.00  0.00  0.00  0.00  0.00  0.00  0.00  0.00  0.00  0.00  0.00  0.00  0.00  0.00  0.00  0.00  0.00  0.00  0.00  0.00  0.00  0.00  0.00  0.00  0.00  0.00  0.00  0.00  0.00  0.00  0.00  0.00  0.00  0.00  0.00  0.00  0.00  0.00  0.00  0.00  0.00  0.00  0.00  0.00  0.00  0.00  0.00  0.00  0.00  0.00  0.00  0.00  0.00  0.00  0.00  0.00  0.00  0.00  0.00  0.00  0.00  0.00

 density range (Hz): 0.000000 2.362205