Array Size: 64  64
  0.00  0.00  0.32  0.28  0.24  0.23  0.14  0.11  0.09  0.16  0.28  0.28  0.44  0.53  0.47  0.65  0.82  0.87  0.99  1.23  0.78  0.64  0.84  0.81  1.29  2.63  3.16  3.19  3.24  2.88  1.96  1.53  0.00  0.00  0.00  0.00  0.00  0.00  0.00  0.00  0.00  0.00  0.00  0.00  0.00  0.00  0.00  0.00  0.00  0.00  0.00  0.00  0.00  0.00  0.00  0.00  0.00  0.00  0.00  0.00  0.00  0.00  0.00  0.00
  0.00  0.00  0.24  0.30  0.26  0.23  0.18  0.14  0.12  0.16  0.30  0.30  0.49  0.50  0.46  0.60  0.73  0.74  0.88  1.19  0.86  0.88  1.20  1.24  1.61  2.84  3.36  3.33  3.40  3.04  2.23  1.81  1.46  0.00  0.00  0.00  0.00  0.00  0.00  0.00  0.00  0.00  0.00  0.00  0.00  0.00  0.00  0.00  0.00  0.00  0.00  0.00  0.00  0.00  0.00  0.00  0.00  0.00  0.00  0.00  0.00  0.00  0.00  0.00
  0.00  0.12  0.20  0.25  0.22  0.20  0.14  0.11  0.10  0.21  0.37  0.42  0.57  0.55  0.43  0.54  0.59  0.59  0.77  1.05  0.76  0.83  1.25  1.32  1.64  2.63  3.10  3.14  3.12  2.70  2.09  1.73  1.26  0.00  0.00  0.00  0.00  0.00  0.00  0.00  0.00  0.00  0.00  0.00  0.00  0.00  0.00  0.00  0.00  0.00  0.00  0.00  0.00  0.00  0.00  0.00  0.00  0.00  0.00  0.00  0.00  0.00  0.00  0.00
  0.00  0.00  0.00  0.07  0.07  0.06  0.06  0.10  0.14  0.23  0.38  0.47  0.63  0.59  0.52  0.62  0.63  0.50  0.59  0.79  0.59  0.74  1.47  1.56  1.73  2.76  3.34  3.18  3.26  2.97  2.27  1.82  1.43  0.00  0.00  0.00  0.00  0.00  0.00  0.00  0.00  0.00  0.00  0.00  0.00  0.00  0.00  0.00  0.00  0.00  0.00  0.00  0.00  0.00  0.00  0.00  0.00  0.00  0.00  0.00  0.00  0.00  0.00  0.00
  0.00  0.10  0.09  0.14  0.13  0.12  0.06  0.05  0.09  0.19  0.31  0.40  0.53  0.47  0.37  0.40  0.42  0.37  0.53  0.79  0.75  0.84  1.65  1.78  1.90  3.21  3.89  3.58  3.65  3.35  2.12  1.85  1.61  0.00  0.00  0.00  0.00  0.00  0.00  0.00  0.00  0.00  0.00  0.00  0.00  0.00  0.00  0.00  0.00  0.00  0.00  0.00  0.00  0.00  0.00  0.00  0.00  0.00  0.00  0.00  0.00  0.00  0.00  0.00
  0.00  0.13  0.10  0.17  0.15  0.13  0.06  0.14  0.22  0.27  0.37  0.49  0.51  0.38  0.30  0.34  0.35  0.30  0.46  0.68  0.70  0.95  1.73  1.80  1.86  2.31  2.78  2.81  3.03  2.87  2.05  1.72  1.37  0.00  0.00  0.00  0.00  0.00  0.00  0.00  0.00  0.00  0.00  0.00  0.00  0.00  0.00  0.00  0.00  0.00  0.00  0.00  0.00  0.00  0.00  0.00  0.00  0.00  0.00  0.00  0.00  0.00  0.00  0.00
  0.00  0.13  0.10  0.09  0.07  0.14  0.11  0.19  0.27  0.38  0.40  0.51  0.45  0.36  0.25  0.28  0.29  0.33  0.42  0.51  0.55  0.75  1.39  1.57  1.70  1.92  2.32  2.54  2.50  0.00  1.92  1.69  1.26  0.00  0.00  0.00  0.00  0.00  0.00  0.00  0.00  0.00  0.00  0.00  0.00  0.00  0.00  0.00  0.00  0.00  0.00  0.00  0.00  0.00  0.00  0.00  0.00  0.00  0.00  0.00  0.00  0.00  0.00  0.00
  0.00  0.00  0.09  0.07  0.06  0.11  0.10  0.19  0.27  0.31  0.29  0.33  0.27  0.23  0.20  0.23  0.29  0.34  0.42  0.50  0.60  0.83  1.34  1.39  1.47  1.73  1.90  1.84  1.95  2.09  1.68  1.49  1.30  0.00  0.00  0.00  0.00  0.00  0.00  0.00  0.00  0.00  0.00  0.00  0.00  0.00  0.00  0.00  0.00  0.00  0.00  0.00  0.00  0.00  0.00  0.00  0.00  0.00  0.00  0.00  0.00  0.00  0.00  0.00
  0.00  0.10  0.08  0.07  0.06  0.10  0.10  0.18  0.23  0.30  0.28  0.27  0.13  0.16  0.11  0.15  0.26  0.38  0.48  0.62  0.67  0.80  0.85  1.00  1.12  1.29  1.41  1.51  1.46  1.50  1.33  1.24  0.00  0.00  0.00  0.00  0.00  0.00  0.00  0.00  0.00  0.00  0.00  0.00  0.00  0.00  0.00  0.00  0.00  0.00  0.00  0.00  0.00  0.00  0.00  0.00  0.00  0.00  0.00  0.00  0.00  0.00  0.00  0.00
  0.00  0.00  0.00  0.00  0.00  0.09  0.13  0.21  0.26  0.36  0.31  0.32  0.15  0.18  0.13  0.13  0.25  0.32  0.31  0.36  0.43  0.54  0.60  0.75  0.90  0.97  1.14  1.28  1.17  1.10  1.11  0.94  0.00  0.00  0.00  0.00  0.00  0.00  0.00  0.00  0.00  0.00  0.00  0.00  0.00  0.00  0.00  0.00  0.00  0.00  0.00  0.00  0.00  0.00  0.00  0.00  0.00  0.00  0.00  0.00  0.00  0.00  0.00  0.00
  0.12  0.07  0.11  0.05  0.04  0.11  0.14  0.12  0.13  0.22  0.10  0.06  0.06  0.10  0.05  0.07  0.07  0.15  0.16  0.22  0.37  0.52  0.55  0.68  0.75  0.74  0.89  0.98  0.92  0.95  1.03  0.91  0.77  0.00  0.00  0.00  0.00  0.00  0.00  0.00  0.00  0.00  0.00  0.00  0.00  0.00  0.00  0.00  0.00  0.00  0.00  0.00  0.00  0.00  0.00  0.00  0.00  0.00  0.00  0.00  0.00  0.00  0.00  0.00
  0.11  0.07  0.11  0.04  0.03  0.06  0.09  0.07  0.09  0.10  0.05  0.00  0.00  0.00  0.06  0.19  0.18  0.17  0.23  0.22  0.31  0.41  0.46  0.54  0.50  0.49  0.62  0.53  0.49  0.50  0.48  0.25  0.34  0.00  0.00  0.00  0.00  0.00  0.00  0.00  0.00  0.00  0.00  0.00  0.00  0.00  0.00  0.00  0.00  0.00  0.00  0.00  0.00  0.00  0.00  0.00  0.00  0.00  0.00  0.00  0.00  0.00  0.00  0.00
  0.11  0.08  0.11  0.13  0.10  0.12  0.15  0.13  0.12  0.14  0.09  0.05  0.05  0.00  0.07  0.19  0.26  0.24  0.22  0.20  0.31  0.28  0.32  0.45  0.45  0.40  0.41  0.31  0.21  0.17  0.13  0.15  0.22  0.00  0.00  0.00  0.00  0.00  0.00  0.00  0.00  0.00  0.00  0.00  0.00  0.00  0.00  0.00  0.00  0.00  0.00  0.00  0.00  0.00  0.00  0.00  0.00  0.00  0.00  0.00  0.00  0.00  0.00  0.00
  0.12  0.08  0.11  0.12  0.10  0.12  0.15  0.13  0.12  0.14  0.08  0.05  0.10  0.11  0.18  0.34  0.41  0.33  0.30  0.21  0.23  0.14  0.20  0.19  0.19  0.13  0.15  0.07  0.05  0.06  0.06  0.07  0.10  0.00  0.00  0.00  0.00  0.00  0.00  0.00  0.00  0.00  0.00  0.00  0.00  0.00  0.00  0.00  0.00  0.00  0.00  0.00  0.00  0.00  0.00  0.00  0.00  0.00  0.00  0.00  0.00  0.00  0.00  0.00
  0.12  0.08  0.17  0.17  0.14  0.13  0.16  0.10  0.08  0.08  0.07  0.04  0.09  0.09  0.15  0.30  0.34  0.27  0.25  0.19  0.22  0.15  0.14  0.07  0.07  0.00  0.00  0.00  0.05  0.05  0.05  0.06  0.09  0.00  0.00  0.00  0.00  0.00  0.00  0.00  0.00  0.00  0.00  0.00  0.00  0.00  0.00  0.00  0.00  0.00  0.00  0.00  0.00  0.00  0.00  0.00  0.00  0.00  0.00  0.00  0.00  0.00  0.00  0.00
  0.00  0.00  0.06  0.15  0.12  0.11  0.15  0.11  0.08  0.09  0.08  0.05  0.09  0.10  0.17  0.23  0.29  0.26  0.38  0.33  0.31  0.22  0.22  0.00  0.08  0.07  0.23  0.21  0.16  0.10  0.11  0.00  0.00  0.00  0.00  0.00  0.00  0.00  0.00  0.00  0.00  0.00  0.00  0.00  0.00  0.00  0.00  0.00  0.00  0.00  0.00  0.00  0.00  0.00  0.00  0.00  0.00  0.00  0.00  0.00  0.00  0.00  0.00  0.00
  0.00  0.00  0.06  0.16  0.13  0.12  0.13  0.09  0.04  0.05  0.05  0.05  0.09  0.10  0.10  0.11  0.24  0.21  0.35  0.35  0.38  0.21  0.21  0.00  0.07  0.07  0.21  0.21  0.16  0.10  0.11  0.00  0.00  0.00  0.00  0.00  0.00  0.00  0.00  0.00  0.00  0.00  0.00  0.00  0.00  0.00  0.00  0.00  0.00  0.00  0.00  0.00  0.00  0.00  0.00  0.00  0.00  0.00  0.00  0.00  0.00  0.00  0.00  0.00
  0.00  0.08  0.11  0.10  0.09  0.09  0.05  0.00  0.00  0.00  0.00  0.00  0.05  0.09  0.10  0.17  0.25  0.22  0.38  0.39  0.32  0.21  0.27  0.07  0.13  0.13  0.26  0.28  0.26  0.18  0.21  0.10  0.00  0.00  0.00  0.00  0.00  0.00  0.00  0.00  0.00  0.00  0.00  0.00  0.00  0.00  0.00  0.00  0.00  0.00  0.00  0.00  0.00  0.00  0.00  0.00  0.00  0.00  0.00  0.00  0.00  0.00  0.00  0.00
  0.00  0.07  0.11  0.10  0.10  0.15  0.11  0.06  0.10  0.10  0.04  0.04  0.04  0.00  0.00  0.06  0.19  0.21  0.37  0.37  0.29  0.13  0.25  0.11  0.18  0.19  0.38  0.35  0.35  0.28  0.34  0.12  0.00  0.00  0.00  0.00  0.00  0.00  0.00  0.00  0.00  0.00  0.00  0.00  0.00  0.00  0.00  0.00  0.00  0.00  0.00  0.00  0.00  0.00  0.00  0.00  0.00  0.00  0.00  0.00  0.00  0.00  0.00  0.00
  0.09  0.12  0.15  0.14  0.18  0.23  0.20  0.16  0.20  0.11  0.05  0.05  0.05  0.14  0.14  0.21  0.35  0.42  0.41  0.42  0.30  0.13  0.23  0.10  0.16  0.19  0.38  0.45  0.55  0.49  0.57  0.44  0.18  0.00  0.00  0.00  0.00  0.00  0.00  0.00  0.00  0.00  0.00  0.00  0.00  0.00  0.00  0.00  0.00  0.00  0.00  0.00  0.00  0.00  0.00  0.00  0.00  0.00  0.00  0.00  0.00  0.00  0.00  0.00
  0.08  0.11  0.14  0.13  0.22  0.27  0.37  0.33  0.38  0.24  0.19  0.05  0.10  0.24  0.25  0.35  0.49  0.48  0.25  0.38  0.25  0.12  0.21  0.19  0.11  0.13  0.19  0.23  0.68  0.90  1.06  1.44  1.38  0.00  0.00  0.00  0.00  0.00  0.00  0.00  0.00  0.00  0.00  0.00  0.00  0.00  0.00  0.00  0.00  0.00  0.00  0.00  0.00  0.00  0.00  0.00  0.00  0.00  0.00  0.00  0.00  0.00  0.00  0.00
  0.08  0.11  0.14  0.13  0.22  0.26  0.36  0.30  0.35  0.28  0.22  0.10  0.15  0.29  0.26  0.37  0.43  0.39  0.16  0.24  0.15  0.09  0.18  0.18  0.11  0.13  0.19  0.30  0.84  1.20  1.50  2.09  2.02  0.00  0.00  0.00  0.00  0.00  0.00  0.00  0.00  0.00  0.00  0.00  0.00  0.00  0.00  0.00  0.00  0.00  0.00  0.00  0.00  0.00  0.00  0.00  0.00  0.00  0.00  0.00  0.00  0.00  0.00  0.00
  0.12  0.28  0.28  0.32  0.47  0.58  0.59  0.51  0.46  0.35  0.26  0.09  0.14  0.28  0.25  0.29  0.35  0.31  0.07  0.14  0.12  0.07  0.11  0.12  0.05  0.12  0.17  0.51  1.19  1.56  1.92  2.81  2.79  0.00  0.00  0.00  0.00  0.00  0.00  0.00  0.00  0.00  0.00  0.00  0.00  0.00  0.00  0.00  0.00  0.00  0.00  0.00  0.00  0.00  0.00  0.00  0.00  0.00  0.00  0.00  0.00  0.00  0.00  0.00
  0.34  0.49  0.60  0.63  0.66  0.72  0.71  0.53  0.54  0.45  0.41  0.20  0.20  0.27  0.23  0.26  0.26  0.22  0.00  0.11  0.08  0.08  0.08  0.09  0.00  0.06  0.06  0.63  1.21  1.61  1.98  3.01  0.00  0.00  0.00  0.00  0.00  0.00  0.00  0.00  0.00  0.00  0.00  0.00  0.00  0.00  0.00  0.00  0.00  0.00  0.00  0.00  0.00  0.00  0.00  0.00  0.00  0.00  0.00  0.00  0.00  0.00  0.00  0.00
  0.31  0.74  0.79  0.80  0.85  0.92  0.74  0.56  0.70  0.60  0.55  0.31  0.30  0.12  0.09  0.10  0.10  0.14  0.08  0.15  0.12  0.12  0.08  0.09  0.00  0.06  0.11  0.62  1.34  1.76  2.15  3.06  0.00  0.00  0.00  0.00  0.00  0.00  0.00  0.00  0.00  0.00  0.00  0.00  0.00  0.00  0.00  0.00  0.00  0.00  0.00  0.00  0.00  0.00  0.00  0.00  0.00  0.00  0.00  0.00  0.00  0.00  0.00  0.00
  0.42  0.88  1.15  1.22  1.27  1.41  1.13  0.64  0.65  0.55  0.49  0.34  0.26  0.07  0.00  0.00  0.00  0.08  0.07  0.08  0.07  0.07  0.02  0.03  0.00  0.09  0.17  0.62  1.00  1.29  1.53  2.08  0.00  0.00  0.00  0.00  0.00  0.00  0.00  0.00  0.00  0.00  0.00  0.00  0.00  0.00  0.00  0.00  0.00  0.00  0.00  0.00  0.00  0.00  0.00  0.00  0.00  0.00  0.00  0.00  0.00  0.00  0.00  0.00
  0.71  1.16  1.46  1.55  1.61  1.60  1.33  0.88  0.96  0.85  0.77  0.55  0.36  0.09  0.03  0.03  0.03  0.10  0.09  0.08  0.07  0.07  0.03  0.03  0.00  0.09  0.17  0.57  1.06  1.31  1.56  2.02  2.40  0.00  0.00  0.00  0.00  0.00  0.00  0.00  0.00  0.00  0.00  0.00  0.00  0.00  0.00  0.00  0.00  0.00  0.00  0.00  0.00  0.00  0.00  0.00  0.00  0.00  0.00  0.00  0.00  0.00  0.00  0.00
  1.08  1.30  1.72  1.75  1.59  1.45  1.42  1.01  1.12  1.05  0.87  0.67  0.46  0.17  0.12  0.13  0.07  0.12  0.08  0.08  0.10  0.09  0.08  0.10  0.07  0.13  0.22  0.45  0.78  0.98  1.16  1.44  0.00  0.00  0.00  0.00  0.00  0.00  0.00  0.00  0.00  0.00  0.00  0.00  0.00  0.00  0.00  0.00  0.00  0.00  0.00  0.00  0.00  0.00  0.00  0.00  0.00  0.00  0.00  0.00  0.00  0.00  0.00  0.00
  1.36  1.69  2.06  1.95  1.87  1.67  1.48  1.10  1.09  0.99  0.81  0.66  0.42  0.20  0.16  0.13  0.07  0.12  0.08  0.06  0.09  0.09  0.08  0.09  0.09  0.18  0.38  0.47  0.79  0.96  1.11  1.16  1.59  0.00  0.00  0.00  0.00  0.00  0.00  0.00  0.00  0.00  0.00  0.00  0.00  0.00  0.00  0.00  0.00  0.00  0.00  0.00  0.00  0.00  0.00  0.00  0.00  0.00  0.00  0.00  0.00  0.00  0.00  0.00
  1.93  1.82  2.31  2.32  2.14  1.88  1.79  1.32  1.00  0.88  0.68  0.56  0.33  0.21  0.15  0.13  0.07  0.06  0.03  0.00  0.03  0.03  0.09  0.10  0.12  0.19  0.33  0.37  0.55  0.72  0.83  0.83  0.00  0.00  0.00  0.00  0.00  0.00  0.00  0.00  0.00  0.00  0.00  0.00  0.00  0.00  0.00  0.00  0.00  0.00  0.00  0.00  0.00  0.00  0.00  0.00  0.00  0.00  0.00  0.00  0.00  0.00  0.00  0.00
  2.06  1.94  2.20  2.22  2.06  1.82  1.74  1.37  1.20  1.08  0.73  0.55  0.35  0.17  0.14  0.12  0.06  0.06  0.05  0.03  0.06  0.07  0.14  0.11  0.17  0.24  0.36  0.37  0.59  0.79  1.03  1.08  0.00  0.00  0.00  0.00  0.00  0.00  0.00  0.00  0.00  0.00  0.00  0.00  0.00  0.00  0.00  0.00  0.00  0.00  0.00  0.00  0.00  0.00  0.00  0.00  0.00  0.00  0.00  0.00  0.00  0.00  0.00  0.00
  1.75  1.65  1.86  2.01  1.95  1.79  1.77  1.36  1.03  0.78  0.45  0.34  0.27  0.18  0.18  0.16  0.07  0.03  0.03  0.03  0.10  0.11  0.19  0.22  0.25  0.28  0.44  0.44  0.48  0.61  0.72  0.62  0.00  0.00  0.00  0.00  0.00  0.00  0.00  0.00  0.00  0.00  0.00  0.00  0.00  0.00  0.00  0.00  0.00  0.00  0.00  0.00  0.00  0.00  0.00  0.00  0.00  0.00  0.00  0.00  0.00  0.00  0.00  0.00
  1.45  1.54  1.66  1.80  1.88  1.64  1.37  0.98  0.69  0.38  0.24  0.21  0.18  0.12  0.11  0.09  0.03  0.00  0.06  0.06  0.10  0.14  0.15  0.13  0.22  0.28  0.41  0.44  0.50  0.59  0.69  0.57  0.71  0.00  0.00  0.00  0.00  0.00  0.00  0.00  0.00  0.00  0.00  0.00  0.00  0.00  0.00  0.00  0.00  0.00  0.00  0.00  0.00  0.00  0.00  0.00  0.00  0.00  0.00  0.00  0.00  0.00  0.00  0.00
  1.36  1.29  1.37  1.56  1.62  1.34  1.28  0.94  0.65  0.35  0.19  0.14  0.14  0.08  0.08  0.08  0.03  0.00  0.06  0.09  0.17  0.24  0.24  0.22  0.26  0.30  0.30  0.31  0.38  0.44  0.51  0.55  0.77  0.00  0.00  0.00  0.00  0.00  0.00  0.00  0.00  0.00  0.00  0.00  0.00  0.00  0.00  0.00  0.00  0.00  0.00  0.00  0.00  0.00  0.00  0.00  0.00  0.00  0.00  0.00  0.00  0.00  0.00  0.00
  0.97  0.96  1.02  1.05  1.13  0.90  0.86  0.61  0.52  0.32  0.20  0.15  0.15  0.09  0.09  0.09  0.03  0.00  0.07  0.10  0.18  0.32  0.36  0.38  0.45  0.51  0.46  0.42  0.39  0.32  0.35  0.36  0.53  0.00  0.00  0.00  0.00  0.00  0.00  0.00  0.00  0.00  0.00  0.00  0.00  0.00  0.00  0.00  0.00  0.00  0.00  0.00  0.00  0.00  0.00  0.00  0.00  0.00  0.00  0.00  0.00  0.00  0.00  0.00
  0.73  0.72  0.73  0.76  0.83  0.57  0.49  0.36  0.23  0.11  0.10  0.13  0.17  0.17  0.14  0.14  0.07  0.00  0.04  0.09  0.21  0.36  0.39  0.44  0.51  0.52  0.47  0.49  0.41  0.27  0.15  0.10  0.00  0.00  0.00  0.00  0.00  0.00  0.00  0.00  0.00  0.00  0.00  0.00  0.00  0.00  0.00  0.00  0.00  0.00  0.00  0.00  0.00  0.00  0.00  0.00  0.00  0.00  0.00  0.00  0.00  0.00  0.00  0.00
  0.49  0.52  0.56  0.59  0.63  0.45  0.39  0.28  0.20  0.11  0.10  0.10  0.11  0.12  0.08  0.08  0.04  0.00  0.08  0.13  0.23  0.55  0.60  0.58  0.69  0.71  0.49  0.52  0.50  0.27  0.16  0.24  0.00  0.00  0.00  0.00  0.00  0.00  0.00  0.00  0.00  0.00  0.00  0.00  0.00  0.00  0.00  0.00  0.00  0.00  0.00  0.00  0.00  0.00  0.00  0.00  0.00  0.00  0.00  0.00  0.00  0.00  0.00  0.00
  0.37  0.30  0.46  0.56  0.50  0.36  0.40  0.21  0.13  0.12  0.11  0.07  0.08  0.10  0.05  0.05  0.05  0.00  0.05  0.11  0.22  0.61  0.70  0.73  0.85  0.81  0.51  0.50  0.42  0.22  0.18  0.26  0.00  0.00  0.00  0.00  0.00  0.00  0.00  0.00  0.00  0.00  0.00  0.00  0.00  0.00  0.00  0.00  0.00  0.00  0.00  0.00  0.00  0.00  0.00  0.00  0.00  0.00  0.00  0.00  0.00  0.00  0.00  0.00
  0.00  0.08  0.20  0.26  0.24  0.25  0.16  0.00  0.00  0.05  0.04  0.04  0.11  0.13  0.06  0.13  0.12  0.06  0.11  0.13  0.14  0.55  0.67  0.75  0.93  0.84  0.53  0.51  0.36  0.14  0.17  0.26  0.00  0.00  0.00  0.00  0.00  0.00  0.00  0.00  0.00  0.00  0.00  0.00  0.00  0.00  0.00  0.00  0.00  0.00  0.00  0.00  0.00  0.00  0.00  0.00  0.00  0.00  0.00  0.00  0.00  0.00  0.00  0.00
  0.00  0.08  0.14  0.17  0.16  0.00  0.09  0.00  0.00  0.05  0.05  0.05  0.13  0.15  0.08  0.15  0.13  0.06  0.12  0.13  0.15  0.48  0.50  0.53  0.68  0.58  0.35  0.48  0.37  0.27  0.33  0.50  0.22  0.00  0.00  0.00  0.00  0.00  0.00  0.00  0.00  0.00  0.00  0.00  0.00  0.00  0.00  0.00  0.00  0.00  0.00  0.00  0.00  0.00  0.00  0.00  0.00  0.00  0.00  0.00  0.00  0.00  0.00  0.00
  0.00  0.07  0.13  0.18  0.17  0.19  0.10  0.00  0.00  0.00  0.00  0.00  0.00  0.00  0.00  0.08  0.14  0.13  0.18  0.21  0.17  0.44  0.49  0.46  0.52  0.46  0.29  0.35  0.29  0.26  0.30  0.36  0.17  0.00  0.00  0.00  0.00  0.00  0.00  0.00  0.00  0.00  0.00  0.00  0.00  0.00  0.00  0.00  0.00  0.00  0.00  0.00  0.00  0.00  0.00  0.00  0.00  0.00  0.00  0.00  0.00  0.00  0.00  0.00
  0.00  0.08  0.13  0.16  0.16  0.20  0.12  0.00  0.00  0.00  0.00  0.00  0.00  0.00  0.10  0.00  0.26  0.25  0.25  0.22  0.09  0.00  0.00  0.12  0.11  0.10  0.14  0.20  0.12  0.20  0.25  0.25  0.19  0.00  0.00  0.00  0.00  0.00  0.00  0.00  0.00  0.00  0.00  0.00  0.00  0.00  0.00  0.00  0.00  0.00  0.00  0.00  0.00  0.00  0.00  0.00  0.00  0.00  0.00  0.00  0.00  0.00  0.00  0.00
  0.00  0.08  0.07  0.07  0.07  0.09  0.00  0.00  0.00  0.11  0.11  0.11  0.13  0.13  0.12  0.24  0.25  0.24  0.24  0.21  0.08  0.00  0.00  0.06  0.06  0.05  0.10  0.16  0.12  0.21  0.23  0.22  0.14  0.00  0.00  0.00  0.00  0.00  0.00  0.00  0.00  0.00  0.00  0.00  0.00  0.00  0.00  0.00  0.00  0.00  0.00  0.00  0.00  0.00  0.00  0.00  0.00  0.00  0.00  0.00  0.00  0.00  0.00  0.00
  0.00  0.00  0.06  0.07  0.07  0.09  0.13  0.00  0.00  0.15  0.15  0.14  0.14  0.14  0.13  0.18  0.22  0.20  0.20  0.15  0.09  0.00  0.00  0.00  0.00  0.00  0.06  0.12  0.13  0.22  0.23  0.22  0.00  0.00  0.00  0.00  0.00  0.00  0.00  0.00  0.00  0.00  0.00  0.00  0.00  0.00  0.00  0.00  0.00  0.00  0.00  0.00  0.00  0.00  0.00  0.00  0.00  0.00  0.00  0.00  0.00  0.00  0.00  0.00
  0.00  0.00  0.07  0.08  0.10  0.12  0.17  0.00  0.00  0.20  0.19  0.19  0.18  0.16  0.15  0.21  0.26  0.24  0.24  0.18  0.10  0.00  0.00  0.00  0.00  0.00  0.07  0.08  0.08  0.09  0.10  0.00  0.00  0.00  0.00  0.00  0.00  0.00  0.00  0.00  0.00  0.00  0.00  0.00  0.00  0.00  0.00  0.00  0.00  0.00  0.00  0.00  0.00  0.00  0.00  0.00  0.00  0.00  0.00  0.00  0.00  0.00  0.00  0.00
  0.00  0.00  0.10  0.10  0.12  0.14  0.21  0.00  0.00  0.26  0.27  0.26  0.24  0.22  0.22  0.28  0.24  0.21  0.22  0.12  0.00  0.00  0.00  0.00  0.00  0.00  0.00  0.00  0.00  0.00  0.00  0.00  0.00  0.00  0.00  0.00  0.00  0.00  0.00  0.00  0.00  0.00  0.00  0.00  0.00  0.00  0.00  0.00  0.00  0.00  0.00  0.00  0.00  0.00  0.00  0.00  0.00  0.00  0.00  0.00  0.00  0.00  0.00  0.00
  0.00  0.00  0.00  0.00  0.00  0.00  0.00  0.00  0.00  0.00  0.00  0.00  0.00  0.00  0.00  0.00  0.00  0.00  0.00  0.00  0.00  0.00  0.00  0.00  0.00  0.00  0.00  0.00  0.00  0.00  0.00  0.00  0.00  0.00  0.00  0.00  0.00  0.00  0.00  0.00  0.00  0.00  0.00  0.00  0.00  0.00  0.00  0.00  0.00  0.00  0.00  0.00  0.00  0.00  0.00  0.00  0.00  0.00  0.00  0.00  0.00  0.00  0.00  0.00
  0.00  0.00  0.00  0.00  0.00  0.00  0.00  0.00  0.00  0.00  0.00  0.00  0.00  0.00  0.00  0.00  0.00  0.00  0.00  0.00  0.00  0.00  0.00  0.00  0.00  0.00  0.00  0.00  0.00  0.00  0.00  0.00  0.00  0.00  0.00  0.00  0.00  0.00  0.00  0.00  0.00  0.00  0.00  0.00  0.00  0.00  0.00  0.00  0.00  0.00  0.00  0.00  0.00  0.00  0.00  0.00  0.00  0.00  0.00  0.00  0.00  0.00  0.00  0.00
  0.00  0.00  0.00  0.00  0.00  0.00  0.00  0.00  0.00  0.00  0.00  0.00  0.00  0.00  0.00  0.00  0.00  0.00  0.00  0.00  0.00  0.00  0.00  0.00  0.00  0.00  0.00  0.00  0.00  0.00  0.00  0.00  0.00  0.00  0.00  0.00  0.00  0.00  0.00  0.00  0.00  0.00  0.00  0.00  0.00  0.00  0.00  0.00  0.00  0.00  0.00  0.00  0.00  0.00  0.00  0.00  0.00  0.00  0.00  0.00  0.00  0.00  0.00  0.00
  0.00  0.00  0.00  0.00  0.00  0.00  0.00  0.00  0.00  0.00  0.00  0.00  0.00  0.00  0.00  0.00  0.00  0.00  0.00  0.00  0.00  0.00  0.00  0.00  0.00  0.00  0.00  0.00  0.00  0.00  0.00  0.00  0.00  0.00  0.00  0.00  0.00  0.00  0.00  0.00  0.00  0.00  0.00  0.00  0.00  0.00  0.00  0.00  0.00  0.00  0.00  0.00  0.00  0.00  0.00  0.00  0.00  0.00  0.00  0.00  0.00  0.00  0.00  0.00
  0.00  0.00  0.00  0.00  0.00  0.00  0.00  0.00  0.00  0.00  0.00  0.00  0.00  0.00  0.00  0.00  0.00  0.00  0.00  0.00  0.00  0.00  0.00  0.00  0.00  0.00  0.00  0.00  0.00  0.00  0.00  0.00  0.00  0.00  0.00  0.00  0.00  0.00  0.00  0.00  0.00  0.00  0.00  0.00  0.00  0.00  0.00  0.00  0.00  0.00  0.00  0.00  0.00  0.00  0.00  0.00  0.00  0.00  0.00  0.00  0.00  0.00  0.00  0.00
  0.00  0.00  0.00  0.00  0.00  0.00  0.00  0.00  0.00  0.00  0.00  0.00  0.00  0.00  0.00  0.00  0.00  0.00  0.00  0.00  0.00  0.00  0.00  0.00  0.00  0.00  0.00  0.00  0.00  0.00  0.00  0.00  0.00  0.00  0.00  0.00  0.00  0.00  0.00  0.00  0.00  0.00  0.00  0.00  0.00  0.00  0.00  0.00  0.00  0.00  0.00  0.00  0.00  0.00  0.00  0.00  0.00  0.00  0.00  0.00  0.00  0.00  0.00  0.00
  0.00  0.00  0.00  0.00  0.00  0.00  0.00  0.00  0.00  0.00  0.00  0.00  0.00  0.00  0.00  0.00  0.00  0.00  0.00  0.00  0.00  0.00  0.00  0.00  0.00  0.00  0.00  0.00  0.00  0.00  0.00  0.00  0.00  0.00  0.00  0.00  0.00  0.00  0.00  0.00  0.00  0.00  0.00  0.00  0.00  0.00  0.00  0.00  0.00  0.00  0.00  0.00  0.00  0.00  0.00  0.00  0.00  0.00  0.00  0.00  0.00  0.00  0.00  0.00
  0.00  0.00  0.00  0.00  0.00  0.00  0.00  0.00  0.00  0.00  0.00  0.00  0.00  0.00  0.00  0.00  0.00  0.00  0.00  0.00  0.00  0.00  0.00  0.00  0.00  0.00  0.00  0.00  0.00  0.00  0.00  0.00  0.00  0.00  0.00  0.00  0.00  0.00  0.00  0.00  0.00  0.00  0.00  0.00  0.00  0.00  0.00  0.00  0.00  0.00  0.00  0.00  0.00  0.00  0.00  0.00  0.00  0.00  0.00  0.00  0.00  0.00  0.00  0.00
  0.00  0.00  0.00  0.00  0.00  0.00  0.00  0.00  0.00  0.00  0.00  0.00  0.00  0.00  0.00  0.00  0.00  0.00  0.00  0.00  0.00  0.00  0.00  0.00  0.00  0.00  0.00  0.00  0.00  0.00  0.00  0.00  0.00  0.00  0.00  0.00  0.00  0.00  0.00  0.00  0.00  0.00  0.00  0.00  0.00  0.00  0.00  0.00  0.00  0.00  0.00  0.00  0.00  0.00  0.00  0.00  0.00  0.00  0.00  0.00  0.00  0.00  0.00  0.00
  0.00  0.00  0.00  0.00  0.00  0.00  0.00  0.00  0.00  0.00  0.00  0.00  0.00  0.00  0.00  0.00  0.00  0.00  0.00  0.00  0.00  0.00  0.00  0.00  0.00  0.00  0.00  0.00  0.00  0.00  0.00  0.00  0.00  0.00  0.00  0.00  0.00  0.00  0.00  0.00  0.00  0.00  0.00  0.00  0.00  0.00  0.00  0.00  0.00  0.00  0.00  0.00  0.00  0.00  0.00  0.00  0.00  0.00  0.00  0.00  0.00  0.00  0.00  0.00
  0.00  0.00  0.00  0.00  0.00  0.00  0.00  0.00  0.00  0.00  0.00  0.00  0.00  0.00  0.00  0.00  0.00  0.00  0.00  0.00  0.00  0.00  0.00  0.00  0.00  0.00  0.00  0.00  0.00  0.00  0.00  0.00  0.00  0.00  0.00  0.00  0.00  0.00  0.00  0.00  0.00  0.00  0.00  0.00  0.00  0.00  0.00  0.00  0.00  0.00  0.00  0.00  0.00  0.00  0.00  0.00  0.00  0.00  0.00  0.00  0.00  0.00  0.00  0.00
  0.00  0.00  0.00  0.00  0.00  0.00  0.00  0.00  0.00  0.00  0.00  0.00  0.00  0.00  0.00  0.00  0.00  0.00  0.00  0.00  0.00  0.00  0.00  0.00  0.00  0.00  0.00  0.00  0.00  0.00  0.00  0.00  0.00  0.00  0.00  0.00  0.00  0.00  0.00  0.00  0.00  0.00  0.00  0.00  0.00  0.00  0.00  0.00  0.00  0.00  0.00  0.00  0.00  0.00  0.00  0.00  0.00  0.00  0.00  0.00  0.00  0.00  0.00  0.00
  0.00  0.00  0.00  0.00  0.00  0.00  0.00  0.00  0.00  0.00  0.00  0.00  0.00  0.00  0.00  0.00  0.00  0.00  0.00  0.00  0.00  0.00  0.00  0.00  0.00  0.00  0.00  0.00  0.00  0.00  0.00  0.00  0.00  0.00  0.00  0.00  0.00  0.00  0.00  0.00  0.00  0.00  0.00  0.00  0.00  0.00  0.00  0.00  0.00  0.00  0.00  0.00  0.00  0.00  0.00  0.00  0.00  0.00  0.00  0.00  0.00  0.00  0.00  0.00
  0.00  0.00  0.00  0.00  0.00  0.00  0.00  0.00  0.00  0.00  0.00  0.00  0.00  0.00  0.00  0.00  0.00  0.00  0.00  0.00  0.00  0.00  0.00  0.00  0.00  0.00  0.00  0.00  0.00  0.00  0.00  0.00  0.00  0.00  0.00  0.00  0.00  0.00  0.00  0.00  0.00  0.00  0.00  0.00  0.00  0.00  0.00  0.00  0.00  0.00  0.00  0.00  0.00  0.00  0.00  0.00  0.00  0.00  0.00  0.00  0.00  0.00  0.00  0.00
  0.00  0.00  0.00  0.00  0.00  0.00  0.00  0.00  0.00  0.00  0.00  0.00  0.00  0.00  0.00  0.00  0.00  0.00  0.00  0.00  0.00  0.00  0.00  0.00  0.00  0.00  0.00  0.00  0.00  0.00  0.00  0.00  0.00  0.00  0.00  0.00  0.00  0.00  0.00  0.00  0.00  0.00  0.00  0.00  0.00  0.00  0.00  0.00  0.00  0.00  0.00  0.00  0.00  0.00  0.00  0.00  0.00  0.00  0.00  0.00  0.00  0.00  0.00  0.00
  0.00  0.00  0.00  0.00  0.00  0.00  0.00  0.00  0.00  0.00  0.00  0.00  0.00  0.00  0.00  0.00  0.00  0.00  0.00  0.00  0.00  0.00  0.00  0.00  0.00  0.00  0.00  0.00  0.00  0.00  0.00  0.00  0.00  0.00  0.00  0.00  0.00  0.00  0.00  0.00  0.00  0.00  0.00  0.00  0.00  0.00  0.00  0.00  0.00  0.00  0.00  0.00  0.00  0.00  0.00  0.00  0.00  0.00  0.00  0.00  0.00  0.00  0.00  0.00
  0.00  0.00  0.00  0.00  0.00  0.00  0.00  0.00  0.00  0.00  0.00  0.00  0.00  0.00  0.00  0.00  0.00  0.00  0.00  0.00  0.00  0.00  0.00  0.00  0.00  0.00  0.00  0.00  0.00  0.00  0.00  0.00  0.00  0.00  0.00  0.00  0.00  0.00  0.00  0.00  0.00  0.00  0.00  0.00  0.00  0.00  0.00  0.00  0.00  0.00  0.00  0.00  0.00  0.00  0.00  0.00  0.00  0.00  0.00  0.00  0.00  0.00  0.00  0.00
  0.00  0.00  0.00  0.00  0.00  0.00  0.00  0.00  0.00  0.00  0.00  0.00  0.00  0.00  0.00  0.00  0.00  0.00  0.00  0.00  0.00  0.00  0.00  0.00  0.00  0.00  0.00  0.00  0.00  0.00  0.00  0.00  0.00  0.00  0.00  0.00  0.00  0.00  0.00  0.00  0.00  0.00  0.00  0.00  0.00  0.00  0.00  0.00  0.00  0.00  0.00  0.00  0.00  0.00  0.00  0.00  0.00  0.00  0.00  0.00  0.00  0.00  0.00  0.00

 density range (Hz): 0.000000 3.891258