Array Size: 64  64
  0.00  0.00  0.11  0.10  0.10  0.00  0.00  0.00  0.00  0.00  0.57  0.78  0.86  0.95  1.17  0.95  0.75  0.64  0.54  1.42  2.00  2.01  0.00  0.00  2.80  2.78  2.55  2.29  1.89  1.77  0.99  0.66  0.58  0.40  0.37  0.00  0.00  0.00  0.00  1.30  2.20  2.66  3.78  4.87  4.64  0.00  0.00  0.00  0.00  0.00  0.00  0.00  0.00  0.00  0.00  0.00  0.00  0.00  0.00  0.00  0.00  0.00  0.00  0.00
  0.00  0.00  0.10  0.09  0.09  0.00  0.00  0.00  0.00  0.41  0.89  1.24  1.27  1.32  1.33  1.17  0.82  0.82  0.82  1.34  1.72  1.81  2.33  3.11  2.41  2.33  2.20  2.04  1.65  1.53  0.94  0.63  0.46  0.31  0.28  0.31  0.52  0.44  0.54  1.17  1.91  2.43  3.49  4.27  4.36  0.00  0.00  0.00  0.00  0.00  0.00  0.00  0.00  0.00  0.00  0.00  0.00  0.00  0.00  0.00  0.00  0.00  0.00  0.00
  0.00  0.11  0.09  0.08  0.07  0.00  0.00  0.00  0.09  0.40  0.92  1.44  1.40  1.42  1.42  1.24  0.77  0.96  0.84  1.27  1.59  1.70  2.08  2.84  2.17  2.21  2.11  1.89  1.53  1.43  0.80  0.50  0.37  0.26  0.22  0.24  0.41  0.35  0.61  1.27  2.20  2.75  3.76  4.26  4.37  0.00  0.00  0.00  0.00  0.00  0.00  0.00  0.00  0.00  0.00  0.00  0.00  0.00  0.00  0.00  0.00  0.00  0.00  0.00
  0.00  0.13  0.09  0.08  0.06  0.00  0.07  0.08  0.33  0.63  1.17  1.85  1.86  1.53  1.52  1.31  0.80  0.96  1.03  1.05  1.32  1.28  1.56  2.20  1.79  1.56  1.70  1.35  0.95  0.93  0.47  0.09  0.17  0.15  0.18  0.26  0.40  0.30  0.53  0.97  1.66  2.30  3.57  4.10  4.52  0.00  0.00  0.00  0.00  0.00  0.00  0.00  0.00  0.00  0.00  0.00  0.00  0.00  0.00  0.00  0.00  0.00  0.00  0.00
  0.00  0.16  0.10  0.08  0.06  0.00  0.06  0.14  0.37  0.68  1.25  1.87  1.92  1.68  1.59  1.39  1.00  1.02  0.90  0.82  0.93  0.79  0.83  1.02  1.19  0.79  0.98  0.80  0.68  0.57  0.46  0.17  0.28  0.16  0.12  0.22  0.29  0.19  0.41  0.92  1.45  2.03  3.09  3.14  3.19  3.35  0.00  0.00  0.00  0.00  0.00  0.00  0.00  0.00  0.00  0.00  0.00  0.00  0.00  0.00  0.00  0.00  0.00  0.00
  0.00  0.00  0.00  0.00  0.05  0.05  0.11  0.24  0.61  1.09  1.50  2.19  2.06  1.80  1.62  1.66  1.21  1.15  0.94  0.84  0.69  0.56  0.49  0.41  0.43  0.21  0.31  0.31  0.38  0.39  0.32  0.20  0.23  0.11  0.08  0.13  0.24  0.17  0.37  0.66  1.32  1.59  2.34  2.44  2.62  2.46  0.00  0.00  0.00  0.00  0.00  0.00  0.00  0.00  0.00  0.00  0.00  0.00  0.00  0.00  0.00  0.00  0.00  0.00
  0.00  0.00  0.00  0.00  0.10  0.10  0.16  0.30  0.66  1.14  1.46  2.09  1.98  1.81  1.59  1.71  1.11  1.04  0.77  0.73  0.60  0.45  0.39  0.46  0.42  0.25  0.34  0.25  0.26  0.29  0.21  0.10  0.23  0.11  0.09  0.13  0.20  0.13  0.32  0.59  1.38  1.58  2.23  2.31  2.43  1.99  0.00  0.00  0.00  0.00  0.00  0.00  0.00  0.00  0.00  0.00  0.00  0.00  0.00  0.00  0.00  0.00  0.00  0.00
  0.00  0.00  0.00  0.07  0.27  0.29  0.35  0.51  0.78  1.15  1.44  2.11  2.04  1.98  1.83  2.02  1.90  1.64  1.43  1.18  0.99  0.38  0.38  0.34  0.28  0.07  0.15  0.15  0.00  0.20  0.21  0.11  0.24  0.11  0.09  0.14  0.22  0.00  0.17  0.31  0.92  1.07  1.51  1.84  1.97  0.00  0.00  0.00  0.00  0.00  0.00  0.00  0.00  0.00  0.00  0.00  0.00  0.00  0.00  0.00  0.00  0.00  0.00  0.00
  0.00  0.00  0.00  0.07  0.29  0.33  0.40  0.55  0.68  1.06  1.31  1.76  1.68  2.29  2.03  2.42  2.97  2.74  2.23  2.05  1.76  0.73  0.34  0.35  0.28  0.14  0.16  0.16  0.18  0.27  0.14  0.23  0.24  0.16  0.23  0.28  0.34  0.34  0.37  0.33  0.87  0.80  1.04  1.44  1.57  0.00  0.00  0.00  0.00  0.00  0.00  0.00  0.00  0.00  0.00  0.00  0.00  0.00  0.00  0.00  0.00  0.00  0.00  0.00
  0.00  0.00  0.00  0.16  0.39  0.47  0.60  0.67  0.76  1.09  1.34  0.00  1.84  2.28  1.98  2.24  2.62  2.73  2.39  2.38  2.06  1.01  0.12  0.11  0.08  0.16  0.16  0.16  0.00  0.15  0.00  0.12  0.19  0.24  0.36  0.58  0.59  0.57  0.54  0.45  0.91  0.95  0.82  0.96  1.05  0.00  0.00  0.00  0.00  0.00  0.00  0.00  0.00  0.00  0.00  0.00  0.00  0.00  0.00  0.00  0.00  0.00  0.00  0.00
  0.00  0.00  0.00  0.14  0.31  0.39  0.57  0.62  0.50  0.54  0.69  1.30  1.42  1.80  1.72  1.91  2.38  3.01  2.86  3.04  2.95  2.28  0.15  0.14  0.09  0.16  0.16  0.16  0.09  0.13  0.00  0.10  0.18  0.24  0.45  0.67  0.61  0.58  0.54  0.33  0.49  0.65  0.64  0.74  0.88  0.00  0.00  0.00  0.00  0.00  0.00  0.00  0.00  0.00  0.00  0.00  0.00  0.00  0.00  0.00  0.00  0.00  0.00  0.00
  0.00  0.12  0.09  0.24  0.37  0.44  0.58  0.63  0.65  0.51  0.58  0.85  1.12  1.34  1.53  1.76  2.56  3.16  3.13  3.34  3.34  2.52  0.35  0.00  0.00  0.10  0.10  0.09  0.10  0.13  0.00  0.08  0.16  0.26  0.41  0.59  0.65  0.62  0.59  0.39  0.27  0.23  0.28  0.33  0.42  0.00  0.00  0.00  0.00  0.00  0.00  0.00  0.00  0.00  0.00  0.00  0.00  0.00  0.00  0.00  0.00  0.00  0.00  0.00
  0.00  0.12  0.10  0.17  0.16  0.20  0.28  0.30  0.52  0.53  0.50  0.58  0.84  0.83  0.78  1.11  1.87  2.55  2.64  2.82  2.79  2.22  0.18  0.00  0.00  0.13  0.13  0.11  0.12  0.25  0.22  0.33  0.39  0.35  0.42  0.49  0.52  0.50  0.57  0.41  0.23  0.00  0.09  0.11  0.14  0.00  0.00  0.00  0.00  0.00  0.00  0.00  0.00  0.00  0.00  0.00  0.00  0.00  0.00  0.00  0.00  0.00  0.00  0.00
  0.00  0.12  0.37  0.41  0.41  0.51  0.57  0.14  0.39  0.39  0.37  0.53  0.77  0.56  0.66  0.85  0.92  1.49  1.67  1.68  1.58  1.53  0.15  0.00  0.12  0.12  0.11  0.20  0.19  0.22  0.30  0.33  0.31  0.26  0.25  0.32  0.35  0.33  0.40  0.34  0.15  0.00  0.08  0.10  0.13  0.00  0.00  0.00  0.00  0.00  0.00  0.00  0.00  0.00  0.00  0.00  0.00  0.00  0.00  0.00  0.00  0.00  0.00  0.00
  0.00  0.26  0.49  0.42  0.42  0.62  0.51  0.13  0.36  0.38  0.27  0.26  0.49  0.31  0.40  0.62  0.71  1.13  1.36  1.36  1.14  1.09  0.24  0.12  0.10  0.00  0.10  0.18  0.18  0.21  0.29  0.35  0.32  0.27  0.26  0.22  0.26  0.20  0.22  0.14  0.21  0.07  0.14  0.17  0.23  0.00  0.00  0.00  0.00  0.00  0.00  0.00  0.00  0.00  0.00  0.00  0.00  0.00  0.00  0.00  0.00  0.00  0.00  0.00
  0.00  0.77  1.30  1.03  0.89  1.00  0.79  0.12  0.47  0.63  0.60  0.58  0.74  0.41  0.47  0.47  0.48  0.32  0.44  0.29  0.19  0.16  0.17  0.08  0.13  0.12  0.14  0.29  0.30  0.30  0.53  0.59  0.44  0.34  0.33  0.23  0.28  0.22  0.25  0.16  0.28  0.14  0.26  0.31  0.38  0.00  0.00  0.00  0.00  0.00  0.00  0.00  0.00  0.00  0.00  0.00  0.00  0.00  0.00  0.00  0.00  0.00  0.00  0.00
  0.00  0.90  1.50  1.65  1.55  1.55  1.26  0.58  0.22  0.32  0.34  0.32  0.42  0.35  0.49  0.40  0.41  0.31  0.25  0.09  0.16  0.12  0.18  0.17  0.19  0.15  0.18  0.35  0.46  0.52  0.69  0.00  0.52  0.34  0.33  0.24  0.23  0.12  0.18  0.09  0.22  0.13  0.23  0.26  0.30  0.00  0.00  0.00  0.00  0.00  0.00  0.00  0.00  0.00  0.00  0.00  0.00  0.00  0.00  0.00  0.00  0.00  0.00  0.00
  0.00  2.55  3.13  2.85  2.60  2.09  1.53  0.57  0.26  0.26  0.30  0.38  0.49  0.43  0.55  0.45  0.39  0.36  0.37  0.30  0.36  0.29  0.27  0.20  0.17  0.13  0.16  0.29  0.42  0.39  0.53  0.65  0.44  0.36  0.40  0.30  0.29  0.17  0.19  0.09  0.22  0.12  0.21  0.23  0.27  0.00  0.00  0.00  0.00  0.00  0.00  0.00  0.00  0.00  0.00  0.00  0.00  0.00  0.00  0.00  0.00  0.00  0.00  0.00
  2.92  3.32  4.11  3.93  3.34  2.78  2.19  0.71  0.45  0.38  0.47  0.54  0.63  0.47  0.41  0.29  0.21  0.19  0.19  0.25  0.30  0.26  0.25  0.19  0.13  0.13  0.15  0.21  0.31  0.31  0.58  0.72  0.65  0.58  0.60  0.29  0.28  0.16  0.17  0.09  0.21  0.17  0.25  0.27  0.31  0.00  0.00  0.00  0.00  0.00  0.00  0.00  0.00  0.00  0.00  0.00  0.00  0.00  0.00  0.00  0.00  0.00  0.00  0.00
  3.87  4.01  4.55  4.08  3.29  2.66  2.11  0.77  0.59  0.47  0.46  0.54  0.50  0.35  0.29  0.19  0.12  0.16  0.16  0.16  0.22  0.19  0.20  0.14  0.13  0.13  0.14  0.20  0.28  0.38  0.64  0.76  0.68  0.65  0.58  0.22  0.21  0.16  0.17  0.08  0.13  0.15  0.23  0.25  0.29  0.00  0.00  0.00  0.00  0.00  0.00  0.00  0.00  0.00  0.00  0.00  0.00  0.00  0.00  0.00  0.00  0.00  0.00  0.00
  4.38  4.42  4.67  4.11  3.22  2.37  1.87  0.70  0.44  0.25  0.21  0.29  0.29  0.27  0.22  0.13  0.06  0.11  0.28  0.33  0.38  0.37  0.38  0.15  0.10  0.16  0.16  0.14  0.20  0.31  0.42  0.51  0.57  0.57  0.52  0.26  0.26  0.23  0.17  0.08  0.07  0.16  0.14  0.16  0.18  0.00  0.00  0.00  0.00  0.00  0.00  0.00  0.00  0.00  0.00  0.00  0.00  0.00  0.00  0.00  0.00  0.00  0.00  0.00
  0.00  5.57  5.44  4.41  3.07  1.99  1.48  0.40  0.47  0.32  0.28  0.00  0.29  0.18  0.21  0.12  0.06  0.10  0.32  0.39  0.41  0.48  0.51  0.26  0.13  0.31  0.22  0.13  0.13  0.23  0.32  0.42  0.52  0.63  0.66  0.32  0.31  0.35  0.27  0.09  0.07  0.18  0.16  0.18  0.22  0.00  0.00  0.00  0.00  0.00  0.00  0.00  0.00  0.00  0.00  0.00  0.00  0.00  0.00  0.00  0.00  0.00  0.00  0.00
  0.00  5.17  4.81  3.70  2.15  1.46  1.19  0.43  0.44  0.33  0.27  0.28  0.20  0.09  0.14  0.06  0.06  0.05  0.29  0.48  0.50  0.57  0.67  0.45  0.20  0.37  0.24  0.14  0.13  0.22  0.27  0.32  0.47  0.63  0.71  0.61  0.57  0.56  0.43  0.17  0.00  0.20  0.17  0.20  0.24  0.00  0.00  0.00  0.00  0.00  0.00  0.00  0.00  0.00  0.00  0.00  0.00  0.00  0.00  0.00  0.00  0.00  0.00  0.00
  0.00  5.19  3.85  2.56  1.52  0.60  0.55  0.50  0.37  0.29  0.23  0.16  0.19  0.23  0.24  0.19  0.19  0.11  0.33  0.66  0.81  1.05  1.15  1.01  0.74  0.70  0.38  0.20  0.09  0.18  0.15  0.28  0.50  0.74  0.92  1.34  1.12  1.17  0.94  0.76  0.23  0.36  0.24  0.28  0.17  0.00  0.00  0.00  0.00  0.00  0.00  0.00  0.00  0.00  0.00  0.00  0.00  0.00  0.00  0.00  0.00  0.00  0.00  0.00
  0.00  4.59  3.53  2.50  1.56  0.50  0.33  0.41  0.24  0.20  0.34  0.26  0.22  0.26  0.33  0.24  0.25  0.26  0.55  0.89  1.00  1.27  1.31  1.13  0.85  0.81  0.48  0.29  0.23  0.24  0.16  0.51  0.67  0.94  1.34  1.85  1.45  1.66  1.38  1.01  0.35  0.43  0.27  0.31  0.20  0.00  0.00  0.00  0.00  0.00  0.00  0.00  0.00  0.00  0.00  0.00  0.00  0.00  0.00  0.00  0.00  0.00  0.00  0.00
  4.90  3.90  3.17  2.52  1.69  0.54  0.35  0.44  0.25  0.20  0.27  0.32  0.26  0.30  0.38  0.35  0.27  0.28  0.32  1.01  1.36  1.79  1.77  1.77  1.25  1.01  0.43  0.27  0.18  0.38  0.41  0.76  0.85  1.29  1.71  2.20  1.89  2.16  1.76  1.31  0.51  0.49  0.26  0.29  0.09  0.00  0.00  0.00  0.00  0.00  0.00  0.00  0.00  0.00  0.00  0.00  0.00  0.00  0.00  0.00  0.00  0.00  0.00  0.00
  3.53  2.94  2.49  2.24  1.64  0.59  0.45  0.45  0.18  0.12  0.17  0.22  0.23  0.33  0.43  0.42  0.34  0.39  0.35  1.47  1.69  2.00  1.95  1.94  1.21  0.95  0.45  0.28  0.18  0.34  0.39  0.61  0.75  1.46  2.02  2.63  2.55  2.80  1.81  1.51  0.76  0.57  0.38  0.43  0.25  0.00  0.00  0.00  0.00  0.00  0.00  0.00  0.00  0.00  0.00  0.00  0.00  0.00  0.00  0.00  0.00  0.00  0.00  0.00
  3.66  3.18  3.16  2.51  1.97  0.60  0.45  0.30  0.10  0.09  0.15  0.18  0.19  0.30  0.40  0.39  0.33  0.46  0.35  1.09  1.43  1.99  1.88  1.75  1.18  0.90  0.51  0.37  0.37  0.47  0.48  0.59  0.74  1.45  2.01  2.58  2.78  3.14  1.84  1.77  1.18  0.88  0.55  0.56  0.32  0.00  0.00  0.00  0.00  0.00  0.00  0.00  0.00  0.00  0.00  0.00  0.00  0.00  0.00  0.00  0.00  0.00  0.00  0.00
  2.86  2.75  2.93  2.47  0.00  0.46  0.31  0.23  0.14  0.13  0.18  0.21  0.12  0.18  0.29  0.32  0.26  0.51  0.54  1.14  1.36  1.75  1.64  1.55  1.07  0.83  0.64  0.66  0.67  0.85  0.88  1.01  1.04  1.87  2.33  2.98  3.15  3.55  2.21  2.12  1.70  1.12  0.63  0.63  0.54  0.00  0.00  0.00  0.00  0.00  0.00  0.00  0.00  0.00  0.00  0.00  0.00  0.00  0.00  0.00  0.00  0.00  0.00  0.00
  2.46  2.08  2.31  2.09  1.25  0.30  0.41  0.30  0.19  0.18  0.19  0.17  0.08  0.18  0.22  0.39  0.48  0.65  0.59  1.30  1.37  1.50  1.48  1.50  1.00  0.83  0.71  0.82  0.72  0.88  0.91  0.92  0.99  1.89  2.23  2.76  2.93  2.98  1.92  2.16  1.81  1.19  0.71  0.58  0.47  0.00  0.00  0.00  0.00  0.00  0.00  0.00  0.00  0.00  0.00  0.00  0.00  0.00  0.00  0.00  0.00  0.00  0.00  0.00
  1.65  1.32  1.62  1.43  0.76  0.30  0.42  0.30  0.20  0.18  0.24  0.13  0.04  0.14  0.18  0.28  0.45  0.69  0.63  0.99  0.92  0.82  0.75  0.83  0.63  0.61  0.87  1.07  1.12  1.12  1.18  1.12  1.07  1.81  1.99  2.30  2.50  2.72  1.74  1.91  1.55  0.83  0.65  0.53  0.51  0.00  0.00  0.00  0.00  0.00  0.00  0.00  0.00  0.00  0.00  0.00  0.00  0.00  0.00  0.00  0.00  0.00  0.00  0.00
  1.20  0.97  1.24  0.81  0.28  0.20  0.34  0.25  0.21  0.19  0.24  0.13  0.04  0.13  0.13  0.22  0.37  0.63  0.56  0.68  0.64  0.50  0.34  0.50  0.55  0.54  0.80  1.13  1.31  1.43  1.51  1.50  1.23  1.62  1.57  1.76  1.84  2.38  1.88  2.00  1.59  1.10  0.77  0.68  0.68  0.00  0.00  0.00  0.00  0.00  0.00  0.00  0.00  0.00  0.00  0.00  0.00  0.00  0.00  0.00  0.00  0.00  0.00  0.00
  0.45  0.35  0.33  0.16  0.00  0.00  0.22  0.30  0.25  0.23  0.27  0.15  0.05  0.20  0.19  0.29  0.46  0.72  0.58  0.75  0.65  0.51  0.35  0.58  0.65  0.71  0.89  1.30  1.32  1.46  1.55  1.68  1.27  1.56  1.48  1.65  1.61  2.25  1.88  1.80  1.58  1.01  0.77  0.76  0.84  0.00  0.00  0.00  0.00  0.00  0.00  0.00  0.00  0.00  0.00  0.00  0.00  0.00  0.00  0.00  0.00  0.00  0.00  0.00
  0.46  0.36  0.35  0.24  0.24  0.00  0.14  0.19  0.15  0.14  0.19  0.12  0.06  0.24  0.22  0.29  0.52  0.74  0.51  0.64  0.54  0.41  0.25  0.39  0.41  0.50  0.62  0.93  1.12  1.10  1.18  1.27  1.05  1.00  1.10  1.01  1.11  1.39  1.27  1.15  1.22  0.64  0.57  0.54  0.60  0.00  0.00  0.00  0.00  0.00  0.00  0.00  0.00  0.00  0.00  0.00  0.00  0.00  0.00  0.00  0.00  0.00  0.00  0.00
  0.31  0.25  0.25  0.17  0.00  0.00  0.00  0.00  0.00  0.00  0.07  0.06  0.06  0.20  0.21  0.13  0.17  0.38  0.25  0.31  0.33  0.37  0.21  0.30  0.33  0.37  0.48  0.70  1.09  1.10  1.19  1.30  1.08  0.91  0.98  0.98  1.11  1.50  1.18  1.03  1.11  0.60  0.54  0.65  0.73  0.00  0.00  0.00  0.00  0.00  0.00  0.00  0.00  0.00  0.00  0.00  0.00  0.00  0.00  0.00  0.00  0.00  0.00  0.00
  0.31  0.23  0.20  0.13  0.13  0.00  0.11  0.21  0.18  0.17  0.14  0.06  0.00  0.12  0.12  0.12  0.17  0.29  0.16  0.25  0.26  0.31  0.19  0.30  0.26  0.32  0.26  0.45  0.69  0.75  0.71  1.00  0.90  0.74  0.74  0.90  0.95  1.30  1.15  1.00  1.17  0.89  0.65  0.73  0.89  0.00  0.00  0.00  0.00  0.00  0.00  0.00  0.00  0.00  0.00  0.00  0.00  0.00  0.00  0.00  0.00  0.00  0.00  0.00
  0.18  0.20  0.17  0.16  0.16  0.08  0.20  0.30  0.32  0.29  0.40  0.27  0.19  0.25  0.26  0.13  0.12  0.19  0.12  0.23  0.25  0.32  0.25  0.31  0.22  0.28  0.20  0.33  0.41  0.49  0.39  0.69  0.78  0.65  0.63  0.78  0.98  0.81  0.81  0.73  0.90  0.49  0.47  0.50  0.68  0.00  0.00  0.00  0.00  0.00  0.00  0.00  0.00  0.00  0.00  0.00  0.00  0.00  0.00  0.00  0.00  0.00  0.00  0.00
  0.18  0.26  0.23  0.26  0.28  0.22  0.29  0.51  0.48  0.41  0.65  0.45  0.32  0.31  0.32  0.19  0.17  0.12  0.12  0.18  0.13  0.17  0.19  0.19  0.08  0.08  0.00  0.15  0.30  0.46  0.41  0.58  0.66  0.49  0.41  0.52  0.73  0.58  0.74  0.67  0.67  0.40  0.36  0.23  0.36  0.00  0.00  0.00  0.00  0.00  0.00  0.00  0.00  0.00  0.00  0.00  0.00  0.00  0.00  0.00  0.00  0.00  0.00  0.00
  0.00  0.16  0.13  0.18  0.24  0.43  0.53  0.76  0.78  0.61  0.73  0.50  0.36  0.33  0.34  0.19  0.11  0.12  0.13  0.20  0.16  0.64  0.59  0.68  0.48  0.50  0.09  0.18  0.18  0.35  0.29  0.29  0.18  0.09  0.08  0.18  0.37  0.46  0.61  0.52  0.56  0.55  0.57  0.45  0.76  0.00  0.00  0.00  0.00  0.00  0.00  0.00  0.00  0.00  0.00  0.00  0.00  0.00  0.00  0.00  0.00  0.00  0.00  0.00
  0.16  0.32  0.25  0.29  0.00  0.42  0.51  0.71  0.67  0.56  0.74  0.52  0.36  0.00  0.35  0.27  0.21  0.25  0.30  0.35  0.14  0.83  0.67  0.71  0.53  0.53  0.09  0.19  0.19  0.26  0.22  0.31  0.18  0.08  0.14  0.16  0.27  0.38  0.56  0.47  0.57  0.47  0.46  0.34  0.51  0.00  0.00  0.00  0.00  0.00  0.00  0.00  0.00  0.00  0.00  0.00  0.00  0.00  0.00  0.00  0.00  0.00  0.00  0.00
  0.16  0.37  0.32  0.38  0.40  0.57  0.54  0.60  0.48  0.39  0.57  0.52  0.43  0.42  0.40  0.30  0.23  0.29  0.36  0.40  0.00  0.83  0.65  0.71  0.50  0.46  0.08  0.08  0.08  0.11  0.11  0.21  0.18  0.07  0.13  0.14  0.25  0.24  0.35  0.29  0.43  0.27  0.41  0.38  0.52  0.00  0.00  0.00  0.00  0.00  0.00  0.00  0.00  0.00  0.00  0.00  0.00  0.00  0.00  0.00  0.00  0.00  0.00  0.00
  0.20  0.33  0.29  0.44  0.00  0.68  0.59  0.63  0.40  0.29  0.24  0.22  0.19  0.19  0.19  0.25  0.25  0.28  0.33  0.35  0.13  0.61  0.48  0.54  0.43  0.41  0.21  0.23  0.24  0.30  0.33  0.23  0.21  0.08  0.15  0.14  0.13  0.13  0.24  0.18  0.36  0.34  0.37  0.29  0.38  0.00  0.00  0.00  0.00  0.00  0.00  0.00  0.00  0.00  0.00  0.00  0.00  0.00  0.00  0.00  0.00  0.00  0.00  0.00
  0.13  0.12  0.10  0.11  0.11  0.47  0.45  0.39  0.38  0.29  0.10  0.10  0.09  0.00  0.00  0.09  0.09  0.29  0.00  0.30  0.20  0.55  0.36  0.00  0.33  0.31  0.16  0.17  0.18  0.25  0.32  0.25  0.24  0.09  0.17  0.16  0.14  0.14  0.17  0.10  0.32  0.28  0.31  0.37  0.43  0.00  0.00  0.00  0.00  0.00  0.00  0.00  0.00  0.00  0.00  0.00  0.00  0.00  0.00  0.00  0.00  0.00  0.00  0.00
  0.12  0.11  0.10  0.11  0.00  0.00  0.00  0.00  0.00  0.15  0.17  0.17  0.16  0.10  0.00  0.10  0.10  0.21  0.27  0.24  0.15  0.20  0.13  0.07  0.06  0.05  0.11  0.12  0.19  0.26  0.36  0.27  0.26  0.00  0.10  0.09  0.09  0.10  0.13  0.16  0.30  0.17  0.19  0.00  0.26  0.00  0.00  0.00  0.00  0.00  0.00  0.00  0.00  0.00  0.00  0.00  0.00  0.00  0.00  0.00  0.00  0.00  0.00  0.00
  0.00  0.00  0.00  0.00  0.00  0.00  0.00  0.00  0.09  0.18  0.20  0.20  0.21  0.14  0.00  0.00  0.00  0.13  0.19  0.16  0.15  0.21  0.14  0.08  0.07  0.06  0.13  0.13  0.14  0.19  0.27  0.00  0.00  0.00  0.00  0.00  0.00  0.00  0.00  0.00  0.00  0.00  0.00  0.00  0.00  0.00  0.00  0.00  0.00  0.00  0.00  0.00  0.00  0.00  0.00  0.00  0.00  0.00  0.00  0.00  0.00  0.00  0.00  0.00
  0.00  0.00  0.00  0.00  0.00  0.00  0.00  0.00  0.11  0.21  0.24  0.26  0.29  0.23  0.00  0.00  0.00  0.16  0.22  0.19  0.18  0.24  0.16  0.10  0.08  0.08  0.17  0.17  0.18  0.25  0.35  0.00  0.00  0.00  0.00  0.00  0.00  0.00  0.00  0.00  0.00  0.00  0.00  0.00  0.00  0.00  0.00  0.00  0.00  0.00  0.00  0.00  0.00  0.00  0.00  0.00  0.00  0.00  0.00  0.00  0.00  0.00  0.00  0.00
  0.00  0.00  0.00  0.00  0.00  0.00  0.00  0.00  0.13  0.00  0.00  0.00  0.00  0.00  0.00  0.00  0.00  0.00  0.00  0.00  0.25  0.00  0.00  0.00  0.00  0.00  0.00  0.00  0.00  0.00  0.00  0.00  0.00  0.00  0.00  0.00  0.00  0.00  0.00  0.00  0.00  0.00  0.00  0.00  0.00  0.00  0.00  0.00  0.00  0.00  0.00  0.00  0.00  0.00  0.00  0.00  0.00  0.00  0.00  0.00  0.00  0.00  0.00  0.00
  0.00  0.00  0.00  0.00  0.00  0.00  0.00  0.00  0.00  0.00  0.00  0.00  0.00  0.00  0.00  0.00  0.00  0.00  0.00  0.00  0.00  0.00  0.00  0.00  0.00  0.00  0.00  0.00  0.00  0.00  0.00  0.00  0.00  0.00  0.00  0.00  0.00  0.00  0.00  0.00  0.00  0.00  0.00  0.00  0.00  0.00  0.00  0.00  0.00  0.00  0.00  0.00  0.00  0.00  0.00  0.00  0.00  0.00  0.00  0.00  0.00  0.00  0.00  0.00
  0.00  0.00  0.00  0.00  0.00  0.00  0.00  0.00  0.00  0.00  0.00  0.00  0.00  0.00  0.00  0.00  0.00  0.00  0.00  0.00  0.00  0.00  0.00  0.00  0.00  0.00  0.00  0.00  0.00  0.00  0.00  0.00  0.00  0.00  0.00  0.00  0.00  0.00  0.00  0.00  0.00  0.00  0.00  0.00  0.00  0.00  0.00  0.00  0.00  0.00  0.00  0.00  0.00  0.00  0.00  0.00  0.00  0.00  0.00  0.00  0.00  0.00  0.00  0.00
  0.00  0.00  0.00  0.00  0.00  0.00  0.00  0.00  0.00  0.00  0.00  0.00  0.00  0.00  0.00  0.00  0.00  0.00  0.00  0.00  0.00  0.00  0.00  0.00  0.00  0.00  0.00  0.00  0.00  0.00  0.00  0.00  0.00  0.00  0.00  0.00  0.00  0.00  0.00  0.00  0.00  0.00  0.00  0.00  0.00  0.00  0.00  0.00  0.00  0.00  0.00  0.00  0.00  0.00  0.00  0.00  0.00  0.00  0.00  0.00  0.00  0.00  0.00  0.00
  0.00  0.00  0.00  0.00  0.00  0.00  0.00  0.00  0.00  0.00  0.00  0.00  0.00  0.00  0.00  0.00  0.00  0.00  0.00  0.00  0.00  0.00  0.00  0.00  0.00  0.00  0.00  0.00  0.00  0.00  0.00  0.00  0.00  0.00  0.00  0.00  0.00  0.00  0.00  0.00  0.00  0.00  0.00  0.00  0.00  0.00  0.00  0.00  0.00  0.00  0.00  0.00  0.00  0.00  0.00  0.00  0.00  0.00  0.00  0.00  0.00  0.00  0.00  0.00
  0.00  0.00  0.00  0.00  0.00  0.00  0.00  0.00  0.00  0.00  0.00  0.00  0.00  0.00  0.00  0.00  0.00  0.00  0.00  0.00  0.00  0.00  0.00  0.00  0.00  0.00  0.00  0.00  0.00  0.00  0.00  0.00  0.00  0.00  0.00  0.00  0.00  0.00  0.00  0.00  0.00  0.00  0.00  0.00  0.00  0.00  0.00  0.00  0.00  0.00  0.00  0.00  0.00  0.00  0.00  0.00  0.00  0.00  0.00  0.00  0.00  0.00  0.00  0.00
  0.00  0.00  0.00  0.00  0.00  0.00  0.00  0.00  0.00  0.00  0.00  0.00  0.00  0.00  0.00  0.00  0.00  0.00  0.00  0.00  0.00  0.00  0.00  0.00  0.00  0.00  0.00  0.00  0.00  0.00  0.00  0.00  0.00  0.00  0.00  0.00  0.00  0.00  0.00  0.00  0.00  0.00  0.00  0.00  0.00  0.00  0.00  0.00  0.00  0.00  0.00  0.00  0.00  0.00  0.00  0.00  0.00  0.00  0.00  0.00  0.00  0.00  0.00  0.00
  0.00  0.00  0.00  0.00  0.00  0.00  0.00  0.00  0.00  0.00  0.00  0.00  0.00  0.00  0.00  0.00  0.00  0.00  0.00  0.00  0.00  0.00  0.00  0.00  0.00  0.00  0.00  0.00  0.00  0.00  0.00  0.00  0.00  0.00  0.00  0.00  0.00  0.00  0.00  0.00  0.00  0.00  0.00  0.00  0.00  0.00  0.00  0.00  0.00  0.00  0.00  0.00  0.00  0.00  0.00  0.00  0.00  0.00  0.00  0.00  0.00  0.00  0.00  0.00
  0.00  0.00  0.00  0.00  0.00  0.00  0.00  0.00  0.00  0.00  0.00  0.00  0.00  0.00  0.00  0.00  0.00  0.00  0.00  0.00  0.00  0.00  0.00  0.00  0.00  0.00  0.00  0.00  0.00  0.00  0.00  0.00  0.00  0.00  0.00  0.00  0.00  0.00  0.00  0.00  0.00  0.00  0.00  0.00  0.00  0.00  0.00  0.00  0.00  0.00  0.00  0.00  0.00  0.00  0.00  0.00  0.00  0.00  0.00  0.00  0.00  0.00  0.00  0.00
  0.00  0.00  0.00  0.00  0.00  0.00  0.00  0.00  0.00  0.00  0.00  0.00  0.00  0.00  0.00  0.00  0.00  0.00  0.00  0.00  0.00  0.00  0.00  0.00  0.00  0.00  0.00  0.00  0.00  0.00  0.00  0.00  0.00  0.00  0.00  0.00  0.00  0.00  0.00  0.00  0.00  0.00  0.00  0.00  0.00  0.00  0.00  0.00  0.00  0.00  0.00  0.00  0.00  0.00  0.00  0.00  0.00  0.00  0.00  0.00  0.00  0.00  0.00  0.00
  0.00  0.00  0.00  0.00  0.00  0.00  0.00  0.00  0.00  0.00  0.00  0.00  0.00  0.00  0.00  0.00  0.00  0.00  0.00  0.00  0.00  0.00  0.00  0.00  0.00  0.00  0.00  0.00  0.00  0.00  0.00  0.00  0.00  0.00  0.00  0.00  0.00  0.00  0.00  0.00  0.00  0.00  0.00  0.00  0.00  0.00  0.00  0.00  0.00  0.00  0.00  0.00  0.00  0.00  0.00  0.00  0.00  0.00  0.00  0.00  0.00  0.00  0.00  0.00
  0.00  0.00  0.00  0.00  0.00  0.00  0.00  0.00  0.00  0.00  0.00  0.00  0.00  0.00  0.00  0.00  0.00  0.00  0.00  0.00  0.00  0.00  0.00  0.00  0.00  0.00  0.00  0.00  0.00  0.00  0.00  0.00  0.00  0.00  0.00  0.00  0.00  0.00  0.00  0.00  0.00  0.00  0.00  0.00  0.00  0.00  0.00  0.00  0.00  0.00  0.00  0.00  0.00  0.00  0.00  0.00  0.00  0.00  0.00  0.00  0.00  0.00  0.00  0.00
  0.00  0.00  0.00  0.00  0.00  0.00  0.00  0.00  0.00  0.00  0.00  0.00  0.00  0.00  0.00  0.00  0.00  0.00  0.00  0.00  0.00  0.00  0.00  0.00  0.00  0.00  0.00  0.00  0.00  0.00  0.00  0.00  0.00  0.00  0.00  0.00  0.00  0.00  0.00  0.00  0.00  0.00  0.00  0.00  0.00  0.00  0.00  0.00  0.00  0.00  0.00  0.00  0.00  0.00  0.00  0.00  0.00  0.00  0.00  0.00  0.00  0.00  0.00  0.00
  0.00  0.00  0.00  0.00  0.00  0.00  0.00  0.00  0.00  0.00  0.00  0.00  0.00  0.00  0.00  0.00  0.00  0.00  0.00  0.00  0.00  0.00  0.00  0.00  0.00  0.00  0.00  0.00  0.00  0.00  0.00  0.00  0.00  0.00  0.00  0.00  0.00  0.00  0.00  0.00  0.00  0.00  0.00  0.00  0.00  0.00  0.00  0.00  0.00  0.00  0.00  0.00  0.00  0.00  0.00  0.00  0.00  0.00  0.00  0.00  0.00  0.00  0.00  0.00
  0.00  0.00  0.00  0.00  0.00  0.00  0.00  0.00  0.00  0.00  0.00  0.00  0.00  0.00  0.00  0.00  0.00  0.00  0.00  0.00  0.00  0.00  0.00  0.00  0.00  0.00  0.00  0.00  0.00  0.00  0.00  0.00  0.00  0.00  0.00  0.00  0.00  0.00  0.00  0.00  0.00  0.00  0.00  0.00  0.00  0.00  0.00  0.00  0.00  0.00  0.00  0.00  0.00  0.00  0.00  0.00  0.00  0.00  0.00  0.00  0.00  0.00  0.00  0.00
  0.00  0.00  0.00  0.00  0.00  0.00  0.00  0.00  0.00  0.00  0.00  0.00  0.00  0.00  0.00  0.00  0.00  0.00  0.00  0.00  0.00  0.00  0.00  0.00  0.00  0.00  0.00  0.00  0.00  0.00  0.00  0.00  0.00  0.00  0.00  0.00  0.00  0.00  0.00  0.00  0.00  0.00  0.00  0.00  0.00  0.00  0.00  0.00  0.00  0.00  0.00  0.00  0.00  0.00  0.00  0.00  0.00  0.00  0.00  0.00  0.00  0.00  0.00  0.00
  0.00  0.00  0.00  0.00  0.00  0.00  0.00  0.00  0.00  0.00  0.00  0.00  0.00  0.00  0.00  0.00  0.00  0.00  0.00  0.00  0.00  0.00  0.00  0.00  0.00  0.00  0.00  0.00  0.00  0.00  0.00  0.00  0.00  0.00  0.00  0.00  0.00  0.00  0.00  0.00  0.00  0.00  0.00  0.00  0.00  0.00  0.00  0.00  0.00  0.00  0.00  0.00  0.00  0.00  0.00  0.00  0.00  0.00  0.00  0.00  0.00  0.00  0.00  0.00
  0.00  0.00  0.00  0.00  0.00  0.00  0.00  0.00  0.00  0.00  0.00  0.00  0.00  0.00  0.00  0.00  0.00  0.00  0.00  0.00  0.00  0.00  0.00  0.00  0.00  0.00  0.00  0.00  0.00  0.00  0.00  0.00  0.00  0.00  0.00  0.00  0.00  0.00  0.00  0.00  0.00  0.00  0.00  0.00  0.00  0.00  0.00  0.00  0.00  0.00  0.00  0.00  0.00  0.00  0.00  0.00  0.00  0.00  0.00  0.00  0.00  0.00  0.00  0.00

 density range (Hz): 0.000000 5.570652