Array Size: 64  64
  0.00  0.00  0.22  0.20  0.20  0.11  0.14  0.18  0.40  0.38  0.29  0.26  0.12  0.00  0.00  0.00  0.00  0.00  0.00  0.00  0.00  0.00  0.00  0.00  0.11  0.09  0.07  0.00  0.00  0.00  0.00  0.00  0.00  0.00  0.00  0.00  0.00  0.00  0.00  0.09  0.12  0.00  0.00  0.00  0.00  0.00  0.00  0.00  0.00  0.00  0.00  0.00  0.00  0.00  0.00  0.00  0.00  0.00  0.00  0.00  0.00  0.00  0.00  0.00
  0.00  0.00  0.20  0.18  0.17  0.09  0.11  0.13  0.28  0.41  0.34  0.31  0.20  0.09  0.00  0.00  0.00  0.00  0.00  0.00  0.00  0.00  0.10  0.11  0.10  0.15  0.13  0.06  0.06  0.08  0.00  0.00  0.00  0.00  0.00  0.00  0.07  0.07  0.08  0.08  0.09  0.00  0.00  0.00  0.00  0.00  0.00  0.00  0.00  0.00  0.00  0.00  0.00  0.00  0.00  0.00  0.00  0.00  0.00  0.00  0.00  0.00  0.00  0.00
  0.00  0.21  0.22  0.20  0.18  0.12  0.15  0.18  0.28  0.40  0.37  0.23  0.14  0.07  0.00  0.00  0.00  0.00  0.00  0.00  0.00  0.00  0.09  0.10  0.08  0.13  0.11  0.06  0.06  0.07  0.00  0.00  0.00  0.00  0.00  0.00  0.06  0.06  0.06  0.07  0.07  0.00  0.00  0.00  0.00  0.00  0.00  0.00  0.00  0.00  0.00  0.00  0.00  0.00  0.00  0.00  0.00  0.00  0.00  0.00  0.00  0.00  0.00  0.00
  0.00  0.40  0.47  0.54  0.45  0.67  0.67  0.64  0.58  0.72  0.33  0.21  0.13  0.05  0.00  0.00  0.00  0.00  0.00  0.00  0.00  0.00  0.09  0.10  0.09  0.15  0.14  0.07  0.07  0.08  0.00  0.00  0.00  0.00  0.00  0.00  0.05  0.05  0.05  0.06  0.07  0.00  0.00  0.00  0.00  0.00  0.00  0.00  0.00  0.00  0.00  0.00  0.00  0.00  0.00  0.00  0.00  0.00  0.00  0.00  0.00  0.00  0.00  0.00
  0.00  0.63  0.69  0.83  0.61  0.76  0.79  0.74  0.52  0.68  0.42  0.22  0.14  0.11  0.06  0.00  0.00  0.00  0.00  0.00  0.00  0.00  0.08  0.10  0.10  0.18  0.16  0.08  0.08  0.08  0.00  0.00  0.00  0.05  0.04  0.04  0.04  0.04  0.00  0.00  0.00  0.00  0.00  0.00  0.00  0.00  0.00  0.00  0.00  0.00  0.00  0.00  0.00  0.00  0.00  0.00  0.00  0.00  0.00  0.00  0.00  0.00  0.00  0.00
  0.00  0.67  0.62  0.93  0.65  0.80  0.83  0.97  0.81  1.09  1.08  0.78  0.53  0.28  0.23  0.00  0.00  0.00  0.00  0.00  0.00  0.00  0.00  0.00  0.00  0.11  0.10  0.10  0.10  0.10  0.00  0.00  0.00  0.06  0.04  0.04  0.04  0.04  0.00  0.00  0.00  0.00  0.00  0.00  0.00  0.00  0.00  0.00  0.00  0.00  0.00  0.00  0.00  0.00  0.00  0.00  0.00  0.00  0.00  0.00  0.00  0.00  0.00  0.00
  0.00  0.71  0.73  1.04  0.93  1.19  1.23  1.43  1.26  1.22  1.06  0.75  0.50  0.29  0.30  0.11  0.00  0.00  0.00  0.00  0.00  0.00  0.00  0.00  0.00  0.00  0.00  0.00  0.00  0.00  0.00  0.00  0.00  0.06  0.04  0.04  0.04  0.04  0.00  0.00  0.00  0.00  0.00  0.00  0.00  0.00  0.00  0.00  0.00  0.00  0.00  0.00  0.00  0.00  0.00  0.00  0.00  0.00  0.00  0.00  0.00  0.00  0.00  0.00
  0.00  0.66  0.73  1.08  1.07  1.51  1.52  1.78  1.77  1.73  1.36  1.25  1.08  0.74  0.68  0.46  0.30  0.11  0.06  0.06  0.05  0.00  0.00  0.00  0.00  0.00  0.00  0.00  0.00  0.00  0.00  0.00  0.00  0.06  0.05  0.05  0.04  0.00  0.00  0.00  0.00  0.00  0.00  0.00  0.00  0.00  0.00  0.00  0.00  0.00  0.00  0.00  0.00  0.00  0.00  0.00  0.00  0.00  0.00  0.00  0.00  0.00  0.00  0.00
  0.00  0.39  0.50  0.88  1.04  1.44  1.54  1.87  2.27  2.22  2.06  1.84  1.61  1.03  0.92  0.71  0.44  0.16  0.10  0.11  0.05  0.00  0.00  0.00  0.00  0.00  0.00  0.00  0.00  0.00  0.00  0.00  0.00  0.05  0.05  0.05  0.09  0.10  0.06  0.08  0.08  0.00  0.00  0.00  0.00  0.00  0.00  0.00  0.00  0.00  0.00  0.00  0.00  0.00  0.00  0.00  0.00  0.00  0.00  0.00  0.00  0.00  0.00  0.00
  0.00  0.58  0.60  0.86  1.29  1.79  1.81  2.18  2.89  2.74  2.39  0.00  1.98  1.25  0.96  0.81  0.51  0.25  0.20  0.22  0.16  0.08  0.00  0.00  0.00  0.00  0.00  0.00  0.00  0.00  0.00  0.00  0.10  0.16  0.22  0.36  0.39  0.36  0.31  0.27  0.09  0.00  0.00  0.00  0.00  0.00  0.00  0.00  0.00  0.00  0.00  0.00  0.00  0.00  0.00  0.00  0.00  0.00  0.00  0.00  0.00  0.00  0.00  0.00
  0.00  0.75  0.78  0.79  1.30  1.79  1.81  2.07  2.88  2.26  1.79  1.75  1.78  1.20  0.86  0.89  0.57  0.33  0.24  0.28  0.18  0.11  0.00  0.00  0.00  0.00  0.00  0.00  0.00  0.00  0.00  0.10  0.18  0.24  0.52  0.82  0.89  0.86  0.92  0.67  0.39  0.26  0.21  0.12  0.15  0.00  0.00  0.00  0.00  0.00  0.00  0.00  0.00  0.00  0.00  0.00  0.00  0.00  0.00  0.00  0.00  0.00  0.00  0.00
  0.00  1.04  0.94  0.89  1.26  1.58  1.40  1.63  2.71  2.33  2.23  2.36  2.41  1.52  1.05  0.88  0.61  0.36  0.27  0.31  0.21  0.11  0.00  0.00  0.00  0.00  0.00  0.00  0.00  0.00  0.12  0.17  0.24  0.64  0.82  1.00  1.18  1.18  0.95  0.71  0.63  0.57  0.47  0.44  0.56  0.00  0.00  0.00  0.00  0.00  0.00  0.00  0.00  0.00  0.00  0.00  0.00  0.00  0.00  0.00  0.00  0.00  0.00  0.00
  0.00  1.43  1.45  1.34  1.62  1.90  1.52  1.36  2.45  2.02  2.00  2.14  2.19  1.41  1.13  1.04  0.84  0.51  0.43  0.46  0.37  0.11  0.00  0.00  0.00  0.00  0.00  0.00  0.00  0.00  0.11  0.17  0.32  0.99  1.11  1.20  1.31  1.31  1.02  0.81  0.85  0.91  0.69  0.53  0.71  0.00  0.00  0.00  0.00  0.00  0.00  0.00  0.00  0.00  0.00  0.00  0.00  0.00  0.00  0.00  0.00  0.00  0.00  0.00
  0.00  1.43  1.40  1.30  1.57  1.83  1.71  1.59  2.19  2.06  2.02  2.05  2.13  1.59  1.15  1.01  0.85  0.58  0.51  0.48  0.44  0.11  0.00  0.00  0.12  0.12  0.11  0.10  0.10  0.22  0.30  0.33  0.50  1.03  1.11  1.24  1.29  1.49  1.19  1.01  1.05  1.12  0.79  0.69  0.81  0.00  0.00  0.00  0.00  0.00  0.00  0.00  0.00  0.00  0.00  0.00  0.00  0.00  0.00  0.00  0.00  0.00  0.00  0.00
  0.00  1.28  1.27  1.33  1.42  1.95  2.05  2.20  2.49  2.35  2.04  1.87  1.73  1.23  0.96  0.85  0.79  0.53  0.42  0.36  0.29  0.00  0.00  0.12  0.10  0.00  0.10  0.18  0.18  0.32  0.39  0.44  0.51  1.02  1.09  1.43  1.54  1.79  1.63  1.42  1.04  0.97  0.70  0.60  0.68  0.00  0.00  0.00  0.00  0.00  0.00  0.00  0.00  0.00  0.00  0.00  0.00  0.00  0.00  0.00  0.00  0.00  0.00  0.00
  0.00  1.35  1.30  1.49  1.67  2.26  2.24  2.49  2.68  2.63  2.39  2.22  1.84  1.31  1.10  0.86  0.81  0.56  0.44  0.29  0.28  0.00  0.00  0.08  0.06  0.06  0.07  0.14  0.23  0.40  0.53  0.49  0.65  1.12  1.04  1.40  1.58  1.84  1.59  1.64  1.12  0.93  0.58  0.54  0.57  0.00  0.00  0.00  0.00  0.00  0.00  0.00  0.00  0.00  0.00  0.00  0.00  0.00  0.00  0.00  0.00  0.00  0.00  0.00
  0.00  0.72  0.82  1.03  1.45  1.88  1.88  2.14  2.52  2.32  2.14  2.04  1.67  1.14  0.98  0.87  0.82  0.54  0.42  0.26  0.23  0.00  0.00  0.06  0.05  0.05  0.06  0.14  0.38  0.62  0.69  0.00  0.97  1.12  1.08  1.48  1.52  1.82  1.76  2.15  1.34  0.91  0.63  0.58  0.30  0.00  0.00  0.00  0.00  0.00  0.00  0.00  0.00  0.00  0.00  0.00  0.00  0.00  0.00  0.00  0.00  0.00  0.00  0.00
  0.00  0.14  0.11  0.46  0.99  1.39  1.61  2.13  2.38  2.08  1.92  1.59  0.98  0.51  0.40  0.38  0.31  0.28  0.22  0.08  0.00  0.00  0.00  0.05  0.04  0.04  0.16  0.23  0.49  0.77  0.89  0.93  1.06  1.14  1.14  1.61  1.74  2.39  2.06  2.60  1.81  1.16  0.80  0.87  0.47  0.00  0.00  0.00  0.00  0.00  0.00  0.00  0.00  0.00  0.00  0.00  0.00  0.00  0.00  0.00  0.00  0.00  0.00  0.00
  0.46  0.37  0.26  0.57  0.96  1.05  1.21  1.86  1.90  1.51  1.42  1.09  0.53  0.19  0.25  0.22  0.29  0.25  0.19  0.13  0.06  0.00  0.00  0.00  0.04  0.04  0.24  0.32  0.56  0.70  0.80  0.80  1.16  1.31  1.34  1.94  2.11  2.20  2.00  2.65  1.88  1.30  1.01  1.03  0.56  0.00  0.00  0.00  0.00  0.00  0.00  0.00  0.00  0.00  0.00  0.00  0.00  0.00  0.00  0.00  0.00  0.00  0.00  0.00
  0.30  0.24  0.17  0.30  0.64  0.61  0.66  1.15  1.17  0.84  0.92  0.87  0.30  0.26  0.29  0.26  0.24  0.21  0.16  0.11  0.05  0.00  0.00  0.00  0.04  0.04  0.24  0.25  0.45  0.51  0.58  0.63  1.11  1.37  1.55  1.82  1.93  1.88  1.52  2.08  1.87  1.38  1.10  1.15  0.70  0.00  0.00  0.00  0.00  0.00  0.00  0.00  0.00  0.00  0.00  0.00  0.00  0.00  0.00  0.00  0.00  0.00  0.00  0.00
  0.30  0.25  0.17  0.22  0.49  0.45  0.50  0.77  0.80  0.58  0.52  0.49  0.19  0.09  0.07  0.13  0.12  0.11  0.11  0.11  0.05  0.00  0.00  0.00  0.05  0.05  0.27  0.48  0.60  0.68  0.71  0.77  0.96  1.20  1.38  1.52  1.57  1.55  1.24  1.75  1.75  1.36  1.14  1.21  0.73  0.00  0.00  0.00  0.00  0.00  0.00  0.00  0.00  0.00  0.00  0.00  0.00  0.00  0.00  0.00  0.00  0.00  0.00  0.00
  0.00  0.27  0.18  0.24  0.35  0.32  0.37  0.59  0.54  0.48  0.37  0.00  0.10  0.09  0.07  0.12  0.11  0.10  0.11  0.11  0.06  0.00  0.00  0.00  0.07  0.06  0.28  0.49  0.53  0.59  0.64  0.63  0.72  0.98  1.25  1.36  1.47  1.50  1.24  1.36  1.46  1.32  1.03  1.10  0.79  0.00  0.00  0.00  0.00  0.00  0.00  0.00  0.00  0.00  0.00  0.00  0.00  0.00  0.00  0.00  0.00  0.00  0.00  0.00
  0.00  0.34  0.22  0.26  0.20  0.06  0.12  0.24  0.19  0.25  0.27  0.28  0.10  0.09  0.07  0.06  0.06  0.05  0.06  0.06  0.06  0.00  0.00  0.00  0.07  0.06  0.18  0.42  0.42  0.47  0.49  0.59  0.54  0.63  0.79  0.96  1.14  1.02  0.95  0.96  0.89  0.80  0.68  0.72  0.55  0.00  0.00  0.00  0.00  0.00  0.00  0.00  0.00  0.00  0.00  0.00  0.00  0.00  0.00  0.00  0.00  0.00  0.00  0.00
  0.00  0.00  0.00  0.00  0.00  0.00  0.00  0.11  0.12  0.15  0.15  0.23  0.06  0.06  0.05  0.05  0.00  0.00  0.00  0.00  0.00  0.00  0.00  0.00  0.00  0.00  0.00  0.35  0.37  0.41  0.49  0.67  0.50  0.58  0.75  0.67  0.88  0.81  0.68  0.51  0.53  0.36  0.30  0.35  0.35  0.00  0.00  0.00  0.00  0.00  0.00  0.00  0.00  0.00  0.00  0.00  0.00  0.00  0.00  0.00  0.00  0.00  0.00  0.00
  0.00  0.00  0.00  0.00  0.00  0.00  0.00  0.00  0.00  0.00  0.00  0.00  0.00  0.00  0.00  0.00  0.00  0.00  0.00  0.00  0.00  0.00  0.00  0.00  0.00  0.00  0.00  0.34  0.37  0.43  0.54  0.68  0.34  0.29  0.33  0.26  0.42  0.50  0.52  0.37  0.43  0.09  0.07  0.08  0.10  0.00  0.00  0.00  0.00  0.00  0.00  0.00  0.00  0.00  0.00  0.00  0.00  0.00  0.00  0.00  0.00  0.00  0.00  0.00
  0.00  0.00  0.00  0.00  0.00  0.00  0.00  0.00  0.00  0.00  0.00  0.00  0.00  0.00  0.05  0.05  0.05  0.07  0.08  0.00  0.00  0.00  0.00  0.00  0.00  0.00  0.00  0.16  0.18  0.17  0.28  0.38  0.24  0.21  0.30  0.18  0.27  0.33  0.37  0.30  0.31  0.00  0.00  0.00  0.00  0.00  0.00  0.00  0.00  0.00  0.00  0.00  0.00  0.00  0.00  0.00  0.00  0.00  0.00  0.00  0.00  0.00  0.00  0.00
  0.00  0.00  0.00  0.00  0.00  0.00  0.00  0.00  0.00  0.00  0.00  0.00  0.00  0.00  0.10  0.10  0.11  0.16  0.18  0.00  0.00  0.00  0.00  0.00  0.00  0.00  0.00  0.11  0.09  0.15  0.23  0.30  0.23  0.26  0.22  0.11  0.20  0.24  0.27  0.30  0.32  0.00  0.00  0.00  0.00  0.00  0.00  0.00  0.00  0.00  0.00  0.00  0.00  0.00  0.00  0.00  0.00  0.00  0.00  0.00  0.00  0.00  0.00  0.00
  0.00  0.00  0.00  0.00  0.00  0.00  0.00  0.00  0.00  0.00  0.00  0.00  0.00  0.00  0.09  0.10  0.11  0.15  0.17  0.00  0.00  0.00  0.00  0.00  0.00  0.00  0.00  0.09  0.08  0.17  0.24  0.29  0.23  0.25  0.19  0.10  0.06  0.08  0.10  0.11  0.12  0.00  0.00  0.00  0.00  0.00  0.00  0.00  0.00  0.00  0.00  0.00  0.00  0.00  0.00  0.00  0.00  0.00  0.00  0.00  0.00  0.00  0.00  0.00
  0.00  0.00  0.00  0.00  0.00  0.00  0.00  0.00  0.00  0.00  0.00  0.00  0.00  0.00  0.10  0.16  0.26  0.29  0.31  0.16  0.08  0.00  0.00  0.00  0.00  0.00  0.00  0.04  0.04  0.13  0.16  0.19  0.16  0.17  0.09  0.05  0.00  0.00  0.00  0.00  0.00  0.00  0.00  0.00  0.00  0.00  0.00  0.00  0.00  0.00  0.00  0.00  0.00  0.00  0.00  0.00  0.00  0.00  0.00  0.00  0.00  0.00  0.00  0.00
  0.00  0.00  0.00  0.00  0.00  0.00  0.00  0.12  0.10  0.09  0.14  0.13  0.04  0.05  0.13  0.14  0.21  0.29  0.29  0.26  0.19  0.11  0.05  0.05  0.00  0.00  0.00  0.04  0.03  0.11  0.14  0.15  0.13  0.15  0.05  0.00  0.00  0.00  0.00  0.00  0.00  0.00  0.00  0.00  0.00  0.00  0.00  0.00  0.00  0.00  0.00  0.00  0.00  0.00  0.00  0.00  0.00  0.00  0.00  0.00  0.00  0.00  0.00  0.00
  0.00  0.00  0.00  0.00  0.00  0.00  0.00  0.12  0.10  0.13  0.19  0.17  0.09  0.09  0.09  0.09  0.15  0.21  0.26  0.27  0.22  0.16  0.11  0.05  0.00  0.00  0.00  0.00  0.06  0.14  0.14  0.15  0.16  0.12  0.00  0.00  0.00  0.00  0.00  0.00  0.00  0.00  0.00  0.00  0.00  0.00  0.00  0.00  0.00  0.00  0.00  0.00  0.00  0.00  0.00  0.00  0.00  0.00  0.00  0.00  0.00  0.00  0.00  0.00
  0.00  0.00  0.00  0.00  0.00  0.00  0.00  0.12  0.10  0.14  0.19  0.18  0.09  0.09  0.04  0.04  0.14  0.19  0.28  0.39  0.35  0.25  0.20  0.09  0.00  0.00  0.00  0.00  0.07  0.10  0.10  0.10  0.10  0.04  0.00  0.00  0.00  0.00  0.00  0.00  0.00  0.00  0.00  0.00  0.00  0.00  0.00  0.00  0.00  0.00  0.00  0.00  0.00  0.00  0.00  0.00  0.00  0.00  0.00  0.00  0.00  0.00  0.00  0.00
  0.00  0.00  0.00  0.00  0.00  0.00  0.00  0.15  0.13  0.17  0.22  0.21  0.10  0.10  0.14  0.19  0.30  0.36  0.48  0.50  0.40  0.31  0.30  0.15  0.05  0.05  0.05  0.00  0.08  0.07  0.08  0.08  0.07  0.00  0.00  0.00  0.00  0.00  0.00  0.00  0.00  0.00  0.00  0.00  0.00  0.00  0.00  0.00  0.00  0.00  0.00  0.00  0.00  0.00  0.00  0.00  0.00  0.00  0.00  0.00  0.00  0.00  0.00  0.00
  0.00  0.00  0.00  0.00  0.00  0.00  0.00  0.19  0.15  0.21  0.31  0.36  0.24  0.31  0.34  0.29  0.41  0.45  0.56  0.64  0.59  0.46  0.45  0.24  0.05  0.05  0.05  0.00  0.08  0.08  0.08  0.08  0.08  0.00  0.00  0.00  0.00  0.00  0.00  0.00  0.00  0.00  0.00  0.00  0.00  0.00  0.00  0.00  0.00  0.00  0.00  0.00  0.00  0.00  0.00  0.00  0.00  0.00  0.00  0.00  0.00  0.00  0.00  0.00
  0.00  0.00  0.00  0.00  0.00  0.00  0.00  0.00  0.00  0.08  0.20  0.26  0.32  0.61  0.83  0.74  0.74  0.71  0.64  0.53  0.56  0.47  0.47  0.25  0.11  0.05  0.05  0.00  0.09  0.10  0.10  0.10  0.09  0.00  0.00  0.00  0.00  0.00  0.00  0.00  0.00  0.00  0.00  0.00  0.00  0.00  0.00  0.00  0.00  0.00  0.00  0.00  0.00  0.00  0.00  0.00  0.00  0.00  0.00  0.00  0.00  0.00  0.00  0.00
  0.00  0.00  0.00  0.00  0.00  0.00  0.00  0.21  0.18  0.33  0.41  0.41  0.40  0.88  1.23  1.38  1.43  1.50  1.15  0.84  0.73  0.67  0.56  0.36  0.20  0.13  0.06  0.00  0.00  0.00  0.00  0.00  0.00  0.00  0.00  0.00  0.00  0.00  0.00  0.00  0.00  0.00  0.00  0.00  0.00  0.00  0.00  0.00  0.00  0.00  0.00  0.00  0.00  0.00  0.00  0.00  0.00  0.00  0.00  0.00  0.00  0.00  0.00  0.00
  0.00  0.00  0.00  0.00  0.00  0.00  0.00  0.40  0.42  0.67  0.80  0.86  0.68  1.20  1.72  1.95  1.83  1.99  1.60  1.03  0.74  0.71  0.58  0.39  0.22  0.14  0.07  0.00  0.00  0.00  0.00  0.00  0.00  0.00  0.00  0.00  0.00  0.00  0.00  0.00  0.00  0.00  0.00  0.00  0.00  0.00  0.00  0.00  0.00  0.00  0.00  0.00  0.00  0.00  0.00  0.00  0.00  0.00  0.00  0.00  0.00  0.00  0.00  0.00
  0.00  0.00  0.00  0.00  0.00  0.07  0.10  0.51  0.73  1.35  1.40  1.34  1.08  1.47  1.79  2.14  1.98  2.23  1.83  1.29  0.90  0.93  0.57  0.48  0.17  0.08  0.00  0.00  0.00  0.00  0.00  0.00  0.08  0.08  0.08  0.09  0.08  0.00  0.00  0.00  0.00  0.00  0.00  0.00  0.00  0.00  0.00  0.00  0.00  0.00  0.00  0.00  0.00  0.00  0.00  0.00  0.00  0.00  0.00  0.00  0.00  0.00  0.00  0.00
  0.00  0.00  0.00  0.00  0.00  0.07  0.18  0.66  1.11  1.82  1.99  1.68  1.43  1.74  2.34  2.69  2.45  2.67  2.30  1.36  0.79  1.37  0.89  0.87  0.64  0.58  0.00  0.00  0.00  0.00  0.00  0.00  0.09  0.09  0.08  0.09  0.07  0.00  0.00  0.00  0.00  0.00  0.00  0.00  0.00  0.00  0.00  0.00  0.00  0.00  0.00  0.00  0.00  0.00  0.00  0.00  0.00  0.00  0.00  0.00  0.00  0.00  0.00  0.00
  0.00  0.00  0.00  0.00  0.00  0.21  0.34  0.97  1.33  2.14  2.43  2.06  1.75  0.00  2.32  2.85  3.10  3.61  3.74  2.55  1.56  2.20  1.33  1.19  0.88  0.88  0.27  0.29  0.29  0.26  0.11  0.00  0.09  0.08  0.07  0.08  0.07  0.00  0.00  0.00  0.00  0.00  0.00  0.00  0.00  0.00  0.00  0.00  0.00  0.00  0.00  0.00  0.00  0.00  0.00  0.00  0.00  0.00  0.00  0.00  0.00  0.00  0.00  0.00
  0.00  0.00  0.00  0.00  0.10  0.28  0.43  1.00  1.25  2.04  2.50  2.38  2.16  2.00  2.24  2.64  2.73  3.00  3.92  3.07  0.00  2.63  1.95  1.31  0.75  0.69  0.23  0.24  0.25  0.23  0.11  0.00  0.09  0.07  0.07  0.07  0.06  0.00  0.00  0.00  0.00  0.00  0.00  0.00  0.00  0.00  0.00  0.00  0.00  0.00  0.00  0.00  0.00  0.00  0.00  0.00  0.00  0.00  0.00  0.00  0.00  0.00  0.00  0.00
  0.00  0.00  0.00  0.00  0.00  0.41  0.59  1.01  1.10  1.76  2.29  1.97  2.07  2.03  2.18  2.43  2.61  2.66  3.57  2.89  2.14  2.25  1.73  1.07  0.72  0.68  0.21  0.23  0.24  0.20  0.11  0.00  0.11  0.08  0.07  0.07  0.07  0.00  0.00  0.00  0.00  0.00  0.00  0.00  0.00  0.00  0.00  0.00  0.00  0.00  0.00  0.00  0.00  0.00  0.00  0.00  0.00  0.00  0.00  0.00  0.00  0.00  0.00  0.00
  0.00  0.00  0.00  0.00  0.11  0.32  0.45  0.90  0.86  1.15  1.47  1.30  1.52  1.77  2.05  2.04  2.30  2.02  0.00  2.21  1.88  1.88  1.59  0.00  0.67  0.51  0.16  0.17  0.18  0.16  0.11  0.00  0.00  0.00  0.00  0.00  0.00  0.00  0.00  0.00  0.00  0.00  0.00  0.00  0.00  0.00  0.00  0.00  0.00  0.00  0.00  0.00  0.00  0.00  0.00  0.00  0.00  0.00  0.00  0.00  0.00  0.00  0.00  0.00
  0.00  0.00  0.00  0.00  0.00  0.00  0.00  0.59  0.00  0.54  0.75  0.74  0.90  1.23  1.18  1.17  1.47  1.14  2.08  1.97  1.81  1.57  1.45  0.65  0.36  0.22  0.17  0.18  0.19  0.17  0.12  0.00  0.00  0.00  0.00  0.00  0.00  0.00  0.00  0.00  0.00  0.00  0.00  0.00  0.00  0.00  0.00  0.00  0.00  0.00  0.00  0.00  0.00  0.00  0.00  0.00  0.00  0.00  0.00  0.00  0.00  0.00  0.00  0.00
  0.00  0.00  0.00  0.00  0.00  0.00  0.00  0.14  0.09  0.18  0.39  0.40  0.54  0.83  0.76  0.84  1.11  0.80  1.75  1.79  1.61  1.38  1.38  0.59  0.21  0.06  0.00  0.00  0.00  0.00  0.00  0.00  0.00  0.00  0.00  0.00  0.00  0.00  0.00  0.00  0.00  0.00  0.00  0.00  0.00  0.00  0.00  0.00  0.00  0.00  0.00  0.00  0.00  0.00  0.00  0.00  0.00  0.00  0.00  0.00  0.00  0.00  0.00  0.00
  0.00  0.00  0.00  0.00  0.00  0.00  0.00  0.00  0.00  0.00  0.12  0.13  0.15  0.45  0.52  0.66  0.97  0.81  1.42  1.41  1.38  1.13  1.14  0.51  0.25  0.08  0.00  0.00  0.00  0.00  0.00  0.00  0.00  0.00  0.00  0.00  0.00  0.00  0.00  0.00  0.00  0.00  0.00  0.00  0.00  0.00  0.00  0.00  0.00  0.00  0.00  0.00  0.00  0.00  0.00  0.00  0.00  0.00  0.00  0.00  0.00  0.00  0.00  0.00
  0.00  0.00  0.00  0.00  0.00  0.00  0.00  0.00  0.00  0.00  0.00  0.00  0.00  0.00  0.00  0.00  0.00  0.00  0.00  0.00  1.36  0.00  0.00  0.00  0.00  0.00  0.00  0.00  0.00  0.00  0.00  0.00  0.00  0.00  0.00  0.00  0.00  0.00  0.00  0.00  0.00  0.00  0.00  0.00  0.00  0.00  0.00  0.00  0.00  0.00  0.00  0.00  0.00  0.00  0.00  0.00  0.00  0.00  0.00  0.00  0.00  0.00  0.00  0.00
  0.00  0.00  0.00  0.00  0.00  0.00  0.00  0.00  0.00  0.00  0.00  0.00  0.00  0.00  0.00  0.00  0.00  0.00  0.00  0.00  0.00  0.00  0.00  0.00  0.00  0.00  0.00  0.00  0.00  0.00  0.00  0.00  0.00  0.00  0.00  0.00  0.00  0.00  0.00  0.00  0.00  0.00  0.00  0.00  0.00  0.00  0.00  0.00  0.00  0.00  0.00  0.00  0.00  0.00  0.00  0.00  0.00  0.00  0.00  0.00  0.00  0.00  0.00  0.00
  0.00  0.00  0.00  0.00  0.00  0.00  0.00  0.00  0.00  0.00  0.00  0.00  0.00  0.00  0.00  0.00  0.00  0.00  0.00  0.00  0.00  0.00  0.00  0.00  0.00  0.00  0.00  0.00  0.00  0.00  0.00  0.00  0.00  0.00  0.00  0.00  0.00  0.00  0.00  0.00  0.00  0.00  0.00  0.00  0.00  0.00  0.00  0.00  0.00  0.00  0.00  0.00  0.00  0.00  0.00  0.00  0.00  0.00  0.00  0.00  0.00  0.00  0.00  0.00
  0.00  0.00  0.00  0.00  0.00  0.00  0.00  0.00  0.00  0.00  0.00  0.00  0.00  0.00  0.00  0.00  0.00  0.00  0.00  0.00  0.00  0.00  0.00  0.00  0.00  0.00  0.00  0.00  0.00  0.00  0.00  0.00  0.00  0.00  0.00  0.00  0.00  0.00  0.00  0.00  0.00  0.00  0.00  0.00  0.00  0.00  0.00  0.00  0.00  0.00  0.00  0.00  0.00  0.00  0.00  0.00  0.00  0.00  0.00  0.00  0.00  0.00  0.00  0.00
  0.00  0.00  0.00  0.00  0.00  0.00  0.00  0.00  0.00  0.00  0.00  0.00  0.00  0.00  0.00  0.00  0.00  0.00  0.00  0.00  0.00  0.00  0.00  0.00  0.00  0.00  0.00  0.00  0.00  0.00  0.00  0.00  0.00  0.00  0.00  0.00  0.00  0.00  0.00  0.00  0.00  0.00  0.00  0.00  0.00  0.00  0.00  0.00  0.00  0.00  0.00  0.00  0.00  0.00  0.00  0.00  0.00  0.00  0.00  0.00  0.00  0.00  0.00  0.00
  0.00  0.00  0.00  0.00  0.00  0.00  0.00  0.00  0.00  0.00  0.00  0.00  0.00  0.00  0.00  0.00  0.00  0.00  0.00  0.00  0.00  0.00  0.00  0.00  0.00  0.00  0.00  0.00  0.00  0.00  0.00  0.00  0.00  0.00  0.00  0.00  0.00  0.00  0.00  0.00  0.00  0.00  0.00  0.00  0.00  0.00  0.00  0.00  0.00  0.00  0.00  0.00  0.00  0.00  0.00  0.00  0.00  0.00  0.00  0.00  0.00  0.00  0.00  0.00
  0.00  0.00  0.00  0.00  0.00  0.00  0.00  0.00  0.00  0.00  0.00  0.00  0.00  0.00  0.00  0.00  0.00  0.00  0.00  0.00  0.00  0.00  0.00  0.00  0.00  0.00  0.00  0.00  0.00  0.00  0.00  0.00  0.00  0.00  0.00  0.00  0.00  0.00  0.00  0.00  0.00  0.00  0.00  0.00  0.00  0.00  0.00  0.00  0.00  0.00  0.00  0.00  0.00  0.00  0.00  0.00  0.00  0.00  0.00  0.00  0.00  0.00  0.00  0.00
  0.00  0.00  0.00  0.00  0.00  0.00  0.00  0.00  0.00  0.00  0.00  0.00  0.00  0.00  0.00  0.00  0.00  0.00  0.00  0.00  0.00  0.00  0.00  0.00  0.00  0.00  0.00  0.00  0.00  0.00  0.00  0.00  0.00  0.00  0.00  0.00  0.00  0.00  0.00  0.00  0.00  0.00  0.00  0.00  0.00  0.00  0.00  0.00  0.00  0.00  0.00  0.00  0.00  0.00  0.00  0.00  0.00  0.00  0.00  0.00  0.00  0.00  0.00  0.00
  0.00  0.00  0.00  0.00  0.00  0.00  0.00  0.00  0.00  0.00  0.00  0.00  0.00  0.00  0.00  0.00  0.00  0.00  0.00  0.00  0.00  0.00  0.00  0.00  0.00  0.00  0.00  0.00  0.00  0.00  0.00  0.00  0.00  0.00  0.00  0.00  0.00  0.00  0.00  0.00  0.00  0.00  0.00  0.00  0.00  0.00  0.00  0.00  0.00  0.00  0.00  0.00  0.00  0.00  0.00  0.00  0.00  0.00  0.00  0.00  0.00  0.00  0.00  0.00
  0.00  0.00  0.00  0.00  0.00  0.00  0.00  0.00  0.00  0.00  0.00  0.00  0.00  0.00  0.00  0.00  0.00  0.00  0.00  0.00  0.00  0.00  0.00  0.00  0.00  0.00  0.00  0.00  0.00  0.00  0.00  0.00  0.00  0.00  0.00  0.00  0.00  0.00  0.00  0.00  0.00  0.00  0.00  0.00  0.00  0.00  0.00  0.00  0.00  0.00  0.00  0.00  0.00  0.00  0.00  0.00  0.00  0.00  0.00  0.00  0.00  0.00  0.00  0.00
  0.00  0.00  0.00  0.00  0.00  0.00  0.00  0.00  0.00  0.00  0.00  0.00  0.00  0.00  0.00  0.00  0.00  0.00  0.00  0.00  0.00  0.00  0.00  0.00  0.00  0.00  0.00  0.00  0.00  0.00  0.00  0.00  0.00  0.00  0.00  0.00  0.00  0.00  0.00  0.00  0.00  0.00  0.00  0.00  0.00  0.00  0.00  0.00  0.00  0.00  0.00  0.00  0.00  0.00  0.00  0.00  0.00  0.00  0.00  0.00  0.00  0.00  0.00  0.00
  0.00  0.00  0.00  0.00  0.00  0.00  0.00  0.00  0.00  0.00  0.00  0.00  0.00  0.00  0.00  0.00  0.00  0.00  0.00  0.00  0.00  0.00  0.00  0.00  0.00  0.00  0.00  0.00  0.00  0.00  0.00  0.00  0.00  0.00  0.00  0.00  0.00  0.00  0.00  0.00  0.00  0.00  0.00  0.00  0.00  0.00  0.00  0.00  0.00  0.00  0.00  0.00  0.00  0.00  0.00  0.00  0.00  0.00  0.00  0.00  0.00  0.00  0.00  0.00
  0.00  0.00  0.00  0.00  0.00  0.00  0.00  0.00  0.00  0.00  0.00  0.00  0.00  0.00  0.00  0.00  0.00  0.00  0.00  0.00  0.00  0.00  0.00  0.00  0.00  0.00  0.00  0.00  0.00  0.00  0.00  0.00  0.00  0.00  0.00  0.00  0.00  0.00  0.00  0.00  0.00  0.00  0.00  0.00  0.00  0.00  0.00  0.00  0.00  0.00  0.00  0.00  0.00  0.00  0.00  0.00  0.00  0.00  0.00  0.00  0.00  0.00  0.00  0.00
  0.00  0.00  0.00  0.00  0.00  0.00  0.00  0.00  0.00  0.00  0.00  0.00  0.00  0.00  0.00  0.00  0.00  0.00  0.00  0.00  0.00  0.00  0.00  0.00  0.00  0.00  0.00  0.00  0.00  0.00  0.00  0.00  0.00  0.00  0.00  0.00  0.00  0.00  0.00  0.00  0.00  0.00  0.00  0.00  0.00  0.00  0.00  0.00  0.00  0.00  0.00  0.00  0.00  0.00  0.00  0.00  0.00  0.00  0.00  0.00  0.00  0.00  0.00  0.00
  0.00  0.00  0.00  0.00  0.00  0.00  0.00  0.00  0.00  0.00  0.00  0.00  0.00  0.00  0.00  0.00  0.00  0.00  0.00  0.00  0.00  0.00  0.00  0.00  0.00  0.00  0.00  0.00  0.00  0.00  0.00  0.00  0.00  0.00  0.00  0.00  0.00  0.00  0.00  0.00  0.00  0.00  0.00  0.00  0.00  0.00  0.00  0.00  0.00  0.00  0.00  0.00  0.00  0.00  0.00  0.00  0.00  0.00  0.00  0.00  0.00  0.00  0.00  0.00
  0.00  0.00  0.00  0.00  0.00  0.00  0.00  0.00  0.00  0.00  0.00  0.00  0.00  0.00  0.00  0.00  0.00  0.00  0.00  0.00  0.00  0.00  0.00  0.00  0.00  0.00  0.00  0.00  0.00  0.00  0.00  0.00  0.00  0.00  0.00  0.00  0.00  0.00  0.00  0.00  0.00  0.00  0.00  0.00  0.00  0.00  0.00  0.00  0.00  0.00  0.00  0.00  0.00  0.00  0.00  0.00  0.00  0.00  0.00  0.00  0.00  0.00  0.00  0.00
  0.00  0.00  0.00  0.00  0.00  0.00  0.00  0.00  0.00  0.00  0.00  0.00  0.00  0.00  0.00  0.00  0.00  0.00  0.00  0.00  0.00  0.00  0.00  0.00  0.00  0.00  0.00  0.00  0.00  0.00  0.00  0.00  0.00  0.00  0.00  0.00  0.00  0.00  0.00  0.00  0.00  0.00  0.00  0.00  0.00  0.00  0.00  0.00  0.00  0.00  0.00  0.00  0.00  0.00  0.00  0.00  0.00  0.00  0.00  0.00  0.00  0.00  0.00  0.00
  0.00  0.00  0.00  0.00  0.00  0.00  0.00  0.00  0.00  0.00  0.00  0.00  0.00  0.00  0.00  0.00  0.00  0.00  0.00  0.00  0.00  0.00  0.00  0.00  0.00  0.00  0.00  0.00  0.00  0.00  0.00  0.00  0.00  0.00  0.00  0.00  0.00  0.00  0.00  0.00  0.00  0.00  0.00  0.00  0.00  0.00  0.00  0.00  0.00  0.00  0.00  0.00  0.00  0.00  0.00  0.00  0.00  0.00  0.00  0.00  0.00  0.00  0.00  0.00

 density range (Hz): 0.000000 3.919240