Array Size: 64  64
  0.00  0.00  0.81  0.70  0.61  0.46  0.14  0.11  0.18  0.16  0.14  0.14  0.07  0.00  0.00  0.07  0.07  0.07  0.08  0.09  0.00  0.07  0.07  0.07  0.07  0.06  0.06  0.07  0.06  0.07  0.09  0.00  0.00  0.00  0.00  0.00  0.00  0.00  0.00  0.00  0.00  0.00  0.00  0.00  0.00  0.00  0.00  0.00  0.00  0.00  0.00  0.00  0.00  0.00  0.00  0.00  0.00  0.00  0.00  0.00  0.00  0.00  0.00  0.00
  0.00  0.00  0.96  0.81  0.62  0.47  0.27  0.07  0.18  0.16  0.15  0.15  0.11  0.00  0.00  0.05  0.06  0.06  0.06  0.06  0.00  0.05  0.05  0.05  0.05  0.05  0.05  0.05  0.05  0.05  0.06  0.00  0.00  0.00  0.00  0.00  0.00  0.00  0.00  0.00  0.00  0.00  0.00  0.00  0.00  0.00  0.00  0.00  0.00  0.00  0.00  0.00  0.00  0.00  0.00  0.00  0.00  0.00  0.00  0.00  0.00  0.00  0.00  0.00
  0.00  1.07  1.20  1.00  0.60  0.46  0.27  0.11  0.19  0.17  0.17  0.12  0.09  0.00  0.00  0.04  0.04  0.04  0.05  0.05  0.00  0.04  0.04  0.04  0.05  0.04  0.04  0.04  0.04  0.04  0.05  0.00  0.00  0.00  0.00  0.00  0.00  0.00  0.00  0.00  0.00  0.00  0.00  0.00  0.00  0.00  0.00  0.00  0.00  0.00  0.00  0.00  0.00  0.00  0.00  0.00  0.00  0.00  0.00  0.00  0.00  0.00  0.00  0.00
  0.00  1.63  1.78  1.67  1.14  0.73  0.55  0.26  0.23  0.19  0.19  0.12  0.08  0.00  0.00  0.04  0.04  0.04  0.05  0.05  0.00  0.04  0.04  0.04  0.05  0.04  0.04  0.04  0.04  0.04  0.04  0.00  0.00  0.00  0.00  0.00  0.00  0.00  0.00  0.00  0.00  0.00  0.00  0.00  0.00  0.00  0.00  0.00  0.00  0.00  0.00  0.00  0.00  0.00  0.00  0.00  0.00  0.00  0.00  0.00  0.00  0.00  0.00  0.00
  0.00  2.20  2.38  2.27  1.74  1.22  0.73  0.34  0.22  0.15  0.15  0.08  0.08  0.00  0.00  0.04  0.04  0.04  0.04  0.05  0.00  0.04  0.05  0.05  0.05  0.05  0.00  0.00  0.00  0.00  0.00  0.00  0.00  0.00  0.00  0.00  0.00  0.00  0.00  0.00  0.00  0.00  0.00  0.00  0.00  0.00  0.00  0.00  0.00  0.00  0.00  0.00  0.00  0.00  0.00  0.00  0.00  0.00  0.00  0.00  0.00  0.00  0.00  0.00
  0.00  2.92  3.19  2.90  2.41  1.77  1.32  0.75  0.60  0.39  0.33  0.09  0.09  0.00  0.00  0.04  0.04  0.04  0.05  0.05  0.00  0.00  0.00  0.00  0.00  0.00  0.00  0.00  0.00  0.00  0.00  0.00  0.00  0.00  0.00  0.00  0.00  0.00  0.00  0.00  0.00  0.00  0.00  0.00  0.00  0.00  0.00  0.00  0.00  0.00  0.00  0.00  0.00  0.00  0.00  0.00  0.00  0.00  0.00  0.00  0.00  0.00  0.00  0.00
  0.00  3.82  3.67  3.74  3.16  2.33  1.60  1.14  0.72  0.46  0.40  0.05  0.05  0.00  0.00  0.04  0.04  0.04  0.05  0.06  0.00  0.07  0.07  0.07  0.07  0.07  0.00  0.00  0.06  0.00  0.04  0.05  0.06  0.00  0.00  0.00  0.00  0.00  0.00  0.00  0.00  0.00  0.00  0.00  0.00  0.00  0.00  0.00  0.00  0.00  0.00  0.00  0.00  0.00  0.00  0.00  0.00  0.00  0.00  0.00  0.00  0.00  0.00  0.00
  0.00  0.00  4.23  4.32  3.93  3.17  2.27  1.64  1.09  0.71  0.43  0.06  0.05  0.00  0.00  0.05  0.05  0.05  0.06  0.06  0.00  0.23  0.25  0.25  0.37  0.43  0.17  0.15  0.19  0.09  0.04  0.05  0.06  0.00  0.00  0.00  0.00  0.00  0.00  0.00  0.00  0.00  0.00  0.00  0.00  0.00  0.00  0.00  0.00  0.00  0.00  0.00  0.00  0.00  0.00  0.00  0.00  0.00  0.00  0.00  0.00  0.00  0.00  0.00
  0.00  4.07  4.24  4.33  4.01  3.26  2.54  2.03  1.49  0.99  0.62  0.14  0.07  0.00  0.00  0.00  0.00  0.00  0.14  0.14  0.12  0.31  0.33  0.37  0.53  0.84  0.59  0.49  0.35  0.22  0.09  0.11  0.00  0.00  0.00  0.00  0.00  0.00  0.00  0.00  0.00  0.00  0.00  0.00  0.00  0.00  0.00  0.00  0.00  0.00  0.00  0.00  0.00  0.00  0.00  0.00  0.00  0.00  0.00  0.00  0.00  0.00  0.00  0.00
  0.00  4.34  4.51  4.55  4.14  3.39  2.74  2.22  1.67  1.07  0.61  0.08  0.00  0.00  0.00  0.00  0.00  0.00  0.15  0.14  0.12  0.30  0.33  0.44  0.66  0.97  0.72  0.57  0.39  0.22  0.09  0.12  0.00  0.00  0.00  0.00  0.00  0.00  0.00  0.00  0.00  0.00  0.00  0.00  0.00  0.00  0.00  0.00  0.00  0.00  0.00  0.00  0.00  0.00  0.00  0.00  0.00  0.00  0.00  0.00  0.00  0.00  0.00  0.00
  4.32  4.01  3.88  4.21  3.59  2.98  2.39  2.17  1.52  0.99  0.36  0.06  0.00  0.00  0.00  0.00  0.29  0.44  0.62  0.58  0.49  0.70  0.73  0.97  1.29  1.70  1.26  0.98  0.68  0.43  0.26  0.21  0.26  0.00  0.00  0.00  0.00  0.00  0.00  0.00  0.00  0.00  0.00  0.00  0.00  0.00  0.00  0.00  0.00  0.00  0.00  0.00  0.00  0.00  0.00  0.00  0.00  0.00  0.00  0.00  0.00  0.00  0.00  0.00
  4.02  3.85  4.02  3.79  3.27  2.90  2.45  2.08  1.62  1.07  0.37  0.06  0.00  0.00  0.00  0.00  0.35  0.58  0.76  0.79  0.81  0.93  1.16  1.45  1.66  2.01  1.64  1.32  0.93  0.69  0.54  0.59  0.34  0.00  0.00  0.00  0.00  0.00  0.00  0.00  0.00  0.00  0.00  0.00  0.00  0.00  0.00  0.00  0.00  0.00  0.00  0.00  0.00  0.00  0.00  0.00  0.00  0.00  0.00  0.00  0.00  0.00  0.00  0.00
  3.75  3.66  3.48  3.21  2.69  2.26  1.94  1.71  1.24  0.70  0.30  0.05  0.00  0.00  0.00  0.00  0.51  0.73  0.89  0.89  0.92  0.84  1.08  1.41  1.79  2.21  2.38  2.08  1.79  1.48  1.46  1.47  1.44  0.00  0.00  0.00  0.00  0.00  0.00  0.00  0.00  0.00  0.00  0.00  0.00  0.00  0.00  0.00  0.00  0.00  0.00  0.00  0.00  0.00  0.00  0.00  0.00  0.00  0.00  0.00  0.00  0.00  0.00  0.00
  3.34  3.40  3.25  2.91  2.58  2.20  1.83  1.46  1.10  0.56  0.21  0.05  0.05  0.00  0.00  0.00  0.49  0.74  0.75  0.78  1.01  0.94  1.20  1.78  2.19  2.40  2.42  2.30  1.89  1.54  1.46  1.49  1.28  0.00  0.00  0.00  0.00  0.00  0.00  0.00  0.00  0.00  0.00  0.00  0.00  0.00  0.00  0.00  0.00  0.00  0.00  0.00  0.00  0.00  0.00  0.00  0.00  0.00  0.00  0.00  0.00  0.00  0.00  0.00
  3.03  2.77  2.43  2.17  1.93  1.66  1.47  1.21  0.84  0.46  0.21  0.04  0.04  0.00  0.00  0.00  0.41  0.61  0.64  0.70  0.94  0.97  1.24  1.88  2.34  2.51  2.39  2.33  2.06  1.66  1.54  1.58  1.41  0.00  0.00  0.00  0.00  0.00  0.00  0.00  0.00  0.00  0.00  0.00  0.00  0.00  0.00  0.00  0.00  0.00  0.00  0.00  0.00  0.00  0.00  0.00  0.00  0.00  0.00  0.00  0.00  0.00  0.00  0.00
  2.48  2.28  2.06  1.52  1.51  1.29  1.13  0.85  0.66  0.34  0.21  0.05  0.05  0.00  0.06  0.06  0.18  0.26  0.31  0.33  0.54  0.52  0.87  1.49  2.29  2.35  2.43  2.40  2.22  1.59  1.55  1.72  1.58  0.00  0.00  0.00  0.00  0.00  0.00  0.00  0.00  0.00  0.00  0.00  0.00  0.00  0.00  0.00  0.00  0.00  0.00  0.00  0.00  0.00  0.00  0.00  0.00  0.00  0.00  0.00  0.00  0.00  0.00  0.00
  1.94  1.75  1.37  0.97  1.05  0.79  0.60  0.48  0.48  0.19  0.09  0.09  0.09  0.05  0.10  0.11  0.18  0.21  0.21  0.14  0.15  0.14  0.21  0.76  1.63  1.99  2.01  2.21  2.21  1.53  1.39  1.60  1.63  0.00  0.00  0.00  0.00  0.00  0.00  0.00  0.00  0.00  0.00  0.00  0.00  0.00  0.00  0.00  0.00  0.00  0.00  0.00  0.00  0.00  0.00  0.00  0.00  0.00  0.00  0.00  0.00  0.00  0.00  0.00
  1.40  1.31  1.11  0.73  0.79  0.70  0.51  0.37  0.41  0.21  0.14  0.14  0.14  0.09  0.15  0.12  0.06  0.07  0.08  0.00  0.00  0.14  0.14  0.98  1.50  1.88  1.89  2.19  1.73  1.17  0.92  1.05  1.06  0.00  0.00  0.00  0.00  0.00  0.00  0.00  0.00  0.00  0.00  0.00  0.00  0.00  0.00  0.00  0.00  0.00  0.00  0.00  0.00  0.00  0.00  0.00  0.00  0.00  0.00  0.00  0.00  0.00  0.00  0.00
  0.88  0.92  0.70  0.36  0.29  0.30  0.11  0.11  0.10  0.10  0.09  0.08  0.08  0.09  0.14  0.11  0.06  0.07  0.07  0.15  0.14  0.52  0.56  1.09  1.49  1.89  1.63  1.76  1.63  1.07  0.84  1.00  1.20  0.00  0.00  0.00  0.00  0.00  0.00  0.00  0.00  0.00  0.00  0.00  0.00  0.00  0.00  0.00  0.00  0.00  0.00  0.00  0.00  0.00  0.00  0.00  0.00  0.00  0.00  0.00  0.00  0.00  0.00  0.00
  0.36  0.43  0.35  0.19  0.14  0.19  0.05  0.05  0.10  0.11  0.10  0.15  0.14  0.09  0.14  0.10  0.06  0.07  0.08  0.17  0.15  0.52  0.52  0.97  1.30  1.67  1.38  1.57  1.42  0.98  0.86  1.17  1.42  0.00  0.00  0.00  0.00  0.00  0.00  0.00  0.00  0.00  0.00  0.00  0.00  0.00  0.00  0.00  0.00  0.00  0.00  0.00  0.00  0.00  0.00  0.00  0.00  0.00  0.00  0.00  0.00  0.00  0.00  0.00
  0.08  0.11  0.09  0.08  0.04  0.09  0.05  0.05  0.10  0.10  0.09  0.15  0.15  0.10  0.10  0.06  0.00  0.00  0.00  0.15  0.12  0.40  0.42  0.77  1.11  1.50  1.19  1.39  1.14  0.74  0.58  0.86  1.03  0.00  0.00  0.00  0.00  0.00  0.00  0.00  0.00  0.00  0.00  0.00  0.00  0.00  0.00  0.00  0.00  0.00  0.00  0.00  0.00  0.00  0.00  0.00  0.00  0.00  0.00  0.00  0.00  0.00  0.00  0.00
  0.00  0.06  0.05  0.08  0.09  0.09  0.04  0.09  0.09  0.09  0.13  0.15  0.10  0.05  0.05  0.00  0.00  0.00  0.00  0.42  0.34  0.56  0.59  0.84  1.04  1.35  1.03  1.14  0.84  0.45  0.37  0.56  0.67  0.00  0.00  0.00  0.00  0.00  0.00  0.00  0.00  0.00  0.00  0.00  0.00  0.00  0.00  0.00  0.00  0.00  0.00  0.00  0.00  0.00  0.00  0.00  0.00  0.00  0.00  0.00  0.00  0.00  0.00  0.00
  0.06  0.05  0.04  0.08  0.04  0.04  0.05  0.08  0.08  0.09  0.09  0.09  0.05  0.00  0.00  0.00  0.00  0.00  0.13  0.58  0.46  0.59  0.62  0.58  0.60  0.86  0.63  0.63  0.71  0.36  0.31  0.35  0.46  0.00  0.00  0.00  0.00  0.00  0.00  0.00  0.00  0.00  0.00  0.00  0.00  0.00  0.00  0.00  0.00  0.00  0.00  0.00  0.00  0.00  0.00  0.00  0.00  0.00  0.00  0.00  0.00  0.00  0.00  0.00
  0.06  0.04  0.07  0.11  0.08  0.08  0.08  0.08  0.08  0.09  0.09  0.10  0.05  0.00  0.00  0.00  0.00  0.00  0.16  0.41  0.33  0.32  0.36  0.31  0.37  0.53  0.55  0.52  0.58  0.27  0.27  0.31  0.00  0.00  0.00  0.00  0.00  0.00  0.00  0.00  0.00  0.00  0.00  0.00  0.00  0.00  0.00  0.00  0.00  0.00  0.00  0.00  0.00  0.00  0.00  0.00  0.00  0.00  0.00  0.00  0.00  0.00  0.00  0.00
  0.06  0.05  0.08  0.12  0.09  0.10  0.10  0.09  0.05  0.04  0.04  0.04  0.00  0.00  0.00  0.00  0.00  0.05  0.25  0.46  0.39  0.39  0.41  0.33  0.37  0.51  0.54  0.47  0.43  0.09  0.06  0.00  0.00  0.00  0.00  0.00  0.00  0.00  0.00  0.00  0.00  0.00  0.00  0.00  0.00  0.00  0.00  0.00  0.00  0.00  0.00  0.00  0.00  0.00  0.00  0.00  0.00  0.00  0.00  0.00  0.00  0.00  0.00  0.00
  0.07  0.05  0.09  0.14  0.10  0.11  0.11  0.10  0.05  0.08  0.08  0.07  0.07  0.07  0.04  0.04  0.04  0.04  0.28  0.47  0.43  0.42  0.45  0.32  0.11  0.14  0.17  0.12  0.12  0.08  0.05  0.00  0.00  0.00  0.00  0.00  0.00  0.00  0.00  0.00  0.00  0.00  0.00  0.00  0.00  0.00  0.00  0.00  0.00  0.00  0.00  0.00  0.00  0.00  0.00  0.00  0.00  0.00  0.00  0.00  0.00  0.00  0.00  0.00
  0.07  0.17  0.18  0.18  0.15  0.21  0.11  0.05  0.09  0.15  0.10  0.13  0.15  0.12  0.10  0.10  0.07  0.07  0.27  0.33  0.32  0.31  0.33  0.18  0.07  0.04  0.09  0.04  0.04  0.04  0.05  0.00  0.00  0.00  0.00  0.00  0.00  0.00  0.00  0.00  0.00  0.00  0.00  0.00  0.00  0.00  0.00  0.00  0.00  0.00  0.00  0.00  0.00  0.00  0.00  0.00  0.00  0.00  0.00  0.00  0.00  0.00  0.00  0.00
  0.25  0.32  0.30  0.27  0.27  0.18  0.09  0.04  0.08  0.17  0.13  0.15  0.17  0.14  0.09  0.09  0.07  0.06  0.19  0.19  0.20  0.19  0.22  0.10  0.07  0.04  0.04  0.00  0.00  0.00  0.00  0.00  0.00  0.00  0.00  0.00  0.00  0.00  0.00  0.00  0.00  0.00  0.00  0.00  0.00  0.00  0.00  0.00  0.00  0.00  0.00  0.00  0.00  0.00  0.00  0.00  0.00  0.00  0.00  0.00  0.00  0.00  0.00  0.00
  0.29  0.35  0.28  0.24  0.22  0.14  0.05  0.04  0.08  0.24  0.22  0.24  0.25  0.23  0.13  0.10  0.07  0.06  0.16  0.17  0.18  0.18  0.20  0.05  0.00  0.00  0.00  0.00  0.00  0.00  0.00  0.00  0.00  0.00  0.00  0.00  0.00  0.00  0.00  0.00  0.00  0.00  0.00  0.00  0.00  0.00  0.00  0.00  0.00  0.00  0.00  0.00  0.00  0.00  0.00  0.00  0.00  0.00  0.00  0.00  0.00  0.00  0.00  0.00
  0.30  0.44  0.34  0.28  0.25  0.17  0.04  0.04  0.07  0.24  0.22  0.27  0.28  0.27  0.15  0.13  0.07  0.03  0.08  0.06  0.07  0.07  0.09  0.00  0.16  0.15  0.14  0.13  0.12  0.00  0.00  0.00  0.00  0.00  0.00  0.00  0.00  0.00  0.00  0.00  0.00  0.00  0.00  0.00  0.00  0.00  0.00  0.00  0.00  0.00  0.00  0.00  0.00  0.00  0.00  0.00  0.00  0.00  0.00  0.00  0.00  0.00  0.00  0.00
  0.28  0.39  0.31  0.27  0.24  0.17  0.04  0.08  0.11  0.25  0.25  0.29  0.30  0.31  0.22  0.17  0.16  0.08  0.05  0.03  0.03  0.00  0.00  0.00  0.17  0.16  0.16  0.15  0.14  0.00  0.00  0.00  0.00  0.00  0.00  0.00  0.00  0.00  0.00  0.00  0.00  0.00  0.00  0.00  0.00  0.00  0.00  0.00  0.00  0.00  0.00  0.00  0.00  0.00  0.00  0.00  0.00  0.00  0.00  0.00  0.00  0.00  0.00  0.00
  0.40  0.38  0.45  0.56  0.61  0.60  0.55  0.48  0.39  0.43  0.34  0.41  0.39  0.36  0.24  0.19  0.13  0.06  0.03  0.03  0.06  0.04  0.05  0.05  0.21  0.16  0.16  0.15  0.15  0.00  0.00  0.00  0.00  0.00  0.00  0.00  0.00  0.00  0.00  0.00  0.00  0.00  0.00  0.00  0.00  0.00  0.00  0.00  0.00  0.00  0.00  0.00  0.00  0.00  0.00  0.00  0.00  0.00  0.00  0.00  0.00  0.00  0.00  0.00
  0.22  0.31  0.44  0.67  0.90  1.32  1.42  1.20  1.04  0.91  0.54  0.49  0.50  0.41  0.28  0.23  0.18  0.12  0.06  0.06  0.10  0.07  0.04  0.04  0.16  0.13  0.14  0.14  0.14  0.00  0.00  0.00  0.00  0.00  0.00  0.00  0.00  0.00  0.00  0.00  0.00  0.00  0.00  0.00  0.00  0.00  0.00  0.00  0.00  0.00  0.00  0.00  0.00  0.00  0.00  0.00  0.00  0.00  0.00  0.00  0.00  0.00  0.00  0.00
  0.29  0.46  0.57  0.82  1.04  1.43  1.42  1.24  1.09  0.88  0.52  0.46  0.53  0.42  0.35  0.30  0.25  0.12  0.06  0.06  0.10  0.07  0.03  0.04  0.15  0.12  0.13  0.14  0.15  0.00  0.00  0.00  0.00  0.00  0.00  0.00  0.00  0.00  0.00  0.00  0.00  0.00  0.00  0.00  0.00  0.00  0.00  0.00  0.00  0.00  0.00  0.00  0.00  0.00  0.00  0.00  0.00  0.00  0.00  0.00  0.00  0.00  0.00  0.00
  0.28  0.41  0.57  0.96  1.17  1.70  1.77  1.48  1.31  1.08  0.69  0.62  0.70  0.55  0.50  0.39  0.35  0.17  0.07  0.07  0.11  0.11  0.07  0.07  0.06  0.03  0.00  0.00  0.00  0.00  0.00  0.00  0.00  0.00  0.00  0.00  0.00  0.00  0.00  0.00  0.00  0.00  0.00  0.00  0.00  0.00  0.00  0.00  0.00  0.00  0.00  0.00  0.00  0.00  0.00  0.00  0.00  0.00  0.00  0.00  0.00  0.00  0.00  0.00
  0.37  0.50  0.73  1.31  1.52  2.02  2.18  1.73  1.42  1.17  0.82  0.77  0.91  0.73  0.69  0.54  0.40  0.19  0.12  0.09  0.13  0.12  0.07  0.07  0.06  0.03  0.00  0.00  0.00  0.00  0.00  0.00  0.00  0.00  0.00  0.00  0.00  0.00  0.00  0.00  0.00  0.00  0.00  0.00  0.00  0.00  0.00  0.00  0.00  0.00  0.00  0.00  0.00  0.00  0.00  0.00  0.00  0.00  0.00  0.00  0.00  0.00  0.00  0.00
  0.41  0.52  0.62  1.11  1.15  1.53  1.79  1.47  1.25  1.07  0.79  0.60  0.82  0.74  0.76  0.59  0.49  0.20  0.12  0.09  0.09  0.09  0.04  0.04  0.03  0.07  0.04  0.04  0.05  0.07  0.00  0.00  0.00  0.00  0.00  0.00  0.00  0.00  0.00  0.00  0.00  0.00  0.00  0.00  0.00  0.00  0.00  0.00  0.00  0.00  0.00  0.00  0.00  0.00  0.00  0.00  0.00  0.00  0.00  0.00  0.00  0.00  0.00  0.00
  0.37  0.45  0.52  0.96  0.85  1.01  1.13  1.18  0.93  0.84  0.82  0.74  0.82  0.91  1.04  0.82  0.70  0.31  0.20  0.06  0.06  0.06  0.05  0.05  0.04  0.09  0.05  0.05  0.06  0.07  0.00  0.00  0.00  0.00  0.00  0.00  0.00  0.00  0.00  0.00  0.00  0.00  0.00  0.00  0.00  0.00  0.00  0.00  0.00  0.00  0.00  0.00  0.00  0.00  0.00  0.00  0.00  0.00  0.00  0.00  0.00  0.00  0.00  0.00
  0.29  0.23  0.34  0.79  0.81  1.00  1.35  1.25  0.95  0.89  0.87  0.81  0.85  1.01  1.17  0.92  1.06  0.75  0.62  0.39  0.41  0.07  0.06  0.05  0.05  0.10  0.05  0.05  0.06  0.07  0.00  0.00  0.00  0.00  0.00  0.00  0.00  0.00  0.00  0.00  0.00  0.00  0.00  0.00  0.00  0.00  0.00  0.00  0.00  0.00  0.00  0.00  0.00  0.00  0.00  0.00  0.00  0.00  0.00  0.00  0.00  0.00  0.00  0.00
  0.48  0.38  0.48  0.87  0.88  0.00  1.19  1.21  0.88  0.98  0.99  0.97  0.96  1.23  1.27  1.08  1.06  0.80  0.71  0.46  0.44  0.00  0.00  0.00  0.00  0.05  0.05  0.05  0.06  0.07  0.00  0.00  0.00  0.00  0.00  0.00  0.00  0.00  0.00  0.00  0.00  0.00  0.00  0.00  0.00  0.00  0.00  0.00  0.00  0.00  0.00  0.00  0.00  0.00  0.00  0.00  0.00  0.00  0.00  0.00  0.00  0.00  0.00  0.00
  0.38  0.29  0.39  0.62  0.67  0.67  0.96  1.11  0.98  1.11  1.01  1.00  0.95  1.09  1.14  1.09  1.15  0.90  0.79  0.49  0.43  0.00  0.00  0.00  0.00  0.05  0.05  0.05  0.06  0.07  0.00  0.00  0.00  0.00  0.00  0.00  0.00  0.00  0.00  0.00  0.00  0.00  0.00  0.00  0.00  0.00  0.00  0.00  0.00  0.00  0.00  0.00  0.00  0.00  0.00  0.00  0.00  0.00  0.00  0.00  0.00  0.00  0.00  0.00
  0.30  0.23  0.32  0.47  0.66  0.61  0.69  1.02  0.90  1.09  1.12  1.36  1.35  1.57  1.52  0.00  1.32  1.07  0.95  0.59  0.53  0.00  0.00  0.06  0.05  0.05  0.05  0.05  0.00  0.00  0.00  0.00  0.00  0.00  0.00  0.00  0.00  0.00  0.00  0.00  0.00  0.00  0.00  0.00  0.00  0.00  0.00  0.00  0.00  0.00  0.00  0.00  0.00  0.00  0.00  0.00  0.00  0.00  0.00  0.00  0.00  0.00  0.00  0.00
  0.35  0.32  0.39  0.55  0.66  0.55  0.00  0.00  0.64  0.85  0.89  1.11  1.28  1.34  1.33  1.04  1.07  0.84  0.79  0.55  0.50  0.00  0.00  0.06  0.06  0.05  0.05  0.05  0.00  0.00  0.00  0.00  0.00  0.00  0.00  0.00  0.00  0.00  0.00  0.00  0.00  0.00  0.00  0.00  0.00  0.00  0.00  0.00  0.00  0.00  0.00  0.00  0.00  0.00  0.00  0.00  0.00  0.00  0.00  0.00  0.00  0.00  0.00  0.00
  0.31  0.30  0.36  0.55  0.60  0.46  0.53  0.90  0.79  1.06  1.07  1.30  1.28  1.22  1.20  0.98  0.72  0.46  0.40  0.22  0.09  0.00  0.00  0.07  0.06  0.06  0.06  0.06  0.00  0.00  0.00  0.00  0.00  0.00  0.00  0.00  0.00  0.00  0.00  0.00  0.00  0.00  0.00  0.00  0.00  0.00  0.00  0.00  0.00  0.00  0.00  0.00  0.00  0.00  0.00  0.00  0.00  0.00  0.00  0.00  0.00  0.00  0.00  0.00
  0.00  0.19  0.22  0.34  0.39  0.35  0.35  0.81  0.85  0.60  0.58  0.57  0.70  0.65  1.05  0.82  0.77  0.47  0.40  0.18  0.10  0.00  0.00  0.09  0.08  0.07  0.07  0.08  0.00  0.00  0.00  0.00  0.00  0.00  0.00  0.00  0.00  0.00  0.00  0.00  0.00  0.00  0.00  0.00  0.00  0.00  0.00  0.00  0.00  0.00  0.00  0.00  0.00  0.00  0.00  0.00  0.00  0.00  0.00  0.00  0.00  0.00  0.00  0.00
  0.18  0.25  0.19  0.31  0.36  0.28  0.21  0.68  0.41  0.26  0.27  0.26  0.24  0.43  0.66  0.42  0.47  0.32  0.22  0.12  0.14  0.00  0.00  0.12  0.12  0.12  0.12  0.12  0.00  0.00  0.00  0.00  0.00  0.00  0.00  0.00  0.00  0.00  0.00  0.00  0.00  0.00  0.00  0.00  0.00  0.00  0.00  0.00  0.00  0.00  0.00  0.00  0.00  0.00  0.00  0.00  0.00  0.00  0.00  0.00  0.00  0.00  0.00  0.00
  0.00  0.00  0.00  0.00  0.00  0.00  0.00  0.00  0.00  0.00  0.00  0.00  0.00  0.00  0.00  0.00  0.00  0.00  0.00  0.00  0.00  0.00  0.00  0.00  0.00  0.00  0.00  0.00  0.00  0.00  0.00  0.00  0.00  0.00  0.00  0.00  0.00  0.00  0.00  0.00  0.00  0.00  0.00  0.00  0.00  0.00  0.00  0.00  0.00  0.00  0.00  0.00  0.00  0.00  0.00  0.00  0.00  0.00  0.00  0.00  0.00  0.00  0.00  0.00
  0.00  0.00  0.00  0.00  0.00  0.00  0.00  0.00  0.00  0.00  0.00  0.00  0.00  0.00  0.00  0.00  0.00  0.00  0.00  0.00  0.00  0.00  0.00  0.00  0.00  0.00  0.00  0.00  0.00  0.00  0.00  0.00  0.00  0.00  0.00  0.00  0.00  0.00  0.00  0.00  0.00  0.00  0.00  0.00  0.00  0.00  0.00  0.00  0.00  0.00  0.00  0.00  0.00  0.00  0.00  0.00  0.00  0.00  0.00  0.00  0.00  0.00  0.00  0.00
  0.00  0.00  0.00  0.00  0.00  0.00  0.00  0.00  0.00  0.00  0.00  0.00  0.00  0.00  0.00  0.00  0.00  0.00  0.00  0.00  0.00  0.00  0.00  0.00  0.00  0.00  0.00  0.00  0.00  0.00  0.00  0.00  0.00  0.00  0.00  0.00  0.00  0.00  0.00  0.00  0.00  0.00  0.00  0.00  0.00  0.00  0.00  0.00  0.00  0.00  0.00  0.00  0.00  0.00  0.00  0.00  0.00  0.00  0.00  0.00  0.00  0.00  0.00  0.00
  0.00  0.00  0.00  0.00  0.00  0.00  0.00  0.00  0.00  0.00  0.00  0.00  0.00  0.00  0.00  0.00  0.00  0.00  0.00  0.00  0.00  0.00  0.00  0.00  0.00  0.00  0.00  0.00  0.00  0.00  0.00  0.00  0.00  0.00  0.00  0.00  0.00  0.00  0.00  0.00  0.00  0.00  0.00  0.00  0.00  0.00  0.00  0.00  0.00  0.00  0.00  0.00  0.00  0.00  0.00  0.00  0.00  0.00  0.00  0.00  0.00  0.00  0.00  0.00
  0.00  0.00  0.00  0.00  0.00  0.00  0.00  0.00  0.00  0.00  0.00  0.00  0.00  0.00  0.00  0.00  0.00  0.00  0.00  0.00  0.00  0.00  0.00  0.00  0.00  0.00  0.00  0.00  0.00  0.00  0.00  0.00  0.00  0.00  0.00  0.00  0.00  0.00  0.00  0.00  0.00  0.00  0.00  0.00  0.00  0.00  0.00  0.00  0.00  0.00  0.00  0.00  0.00  0.00  0.00  0.00  0.00  0.00  0.00  0.00  0.00  0.00  0.00  0.00
  0.00  0.00  0.00  0.00  0.00  0.00  0.00  0.00  0.00  0.00  0.00  0.00  0.00  0.00  0.00  0.00  0.00  0.00  0.00  0.00  0.00  0.00  0.00  0.00  0.00  0.00  0.00  0.00  0.00  0.00  0.00  0.00  0.00  0.00  0.00  0.00  0.00  0.00  0.00  0.00  0.00  0.00  0.00  0.00  0.00  0.00  0.00  0.00  0.00  0.00  0.00  0.00  0.00  0.00  0.00  0.00  0.00  0.00  0.00  0.00  0.00  0.00  0.00  0.00
  0.00  0.00  0.00  0.00  0.00  0.00  0.00  0.00  0.00  0.00  0.00  0.00  0.00  0.00  0.00  0.00  0.00  0.00  0.00  0.00  0.00  0.00  0.00  0.00  0.00  0.00  0.00  0.00  0.00  0.00  0.00  0.00  0.00  0.00  0.00  0.00  0.00  0.00  0.00  0.00  0.00  0.00  0.00  0.00  0.00  0.00  0.00  0.00  0.00  0.00  0.00  0.00  0.00  0.00  0.00  0.00  0.00  0.00  0.00  0.00  0.00  0.00  0.00  0.00
  0.00  0.00  0.00  0.00  0.00  0.00  0.00  0.00  0.00  0.00  0.00  0.00  0.00  0.00  0.00  0.00  0.00  0.00  0.00  0.00  0.00  0.00  0.00  0.00  0.00  0.00  0.00  0.00  0.00  0.00  0.00  0.00  0.00  0.00  0.00  0.00  0.00  0.00  0.00  0.00  0.00  0.00  0.00  0.00  0.00  0.00  0.00  0.00  0.00  0.00  0.00  0.00  0.00  0.00  0.00  0.00  0.00  0.00  0.00  0.00  0.00  0.00  0.00  0.00
  0.00  0.00  0.00  0.00  0.00  0.00  0.00  0.00  0.00  0.00  0.00  0.00  0.00  0.00  0.00  0.00  0.00  0.00  0.00  0.00  0.00  0.00  0.00  0.00  0.00  0.00  0.00  0.00  0.00  0.00  0.00  0.00  0.00  0.00  0.00  0.00  0.00  0.00  0.00  0.00  0.00  0.00  0.00  0.00  0.00  0.00  0.00  0.00  0.00  0.00  0.00  0.00  0.00  0.00  0.00  0.00  0.00  0.00  0.00  0.00  0.00  0.00  0.00  0.00
  0.00  0.00  0.00  0.00  0.00  0.00  0.00  0.00  0.00  0.00  0.00  0.00  0.00  0.00  0.00  0.00  0.00  0.00  0.00  0.00  0.00  0.00  0.00  0.00  0.00  0.00  0.00  0.00  0.00  0.00  0.00  0.00  0.00  0.00  0.00  0.00  0.00  0.00  0.00  0.00  0.00  0.00  0.00  0.00  0.00  0.00  0.00  0.00  0.00  0.00  0.00  0.00  0.00  0.00  0.00  0.00  0.00  0.00  0.00  0.00  0.00  0.00  0.00  0.00
  0.00  0.00  0.00  0.00  0.00  0.00  0.00  0.00  0.00  0.00  0.00  0.00  0.00  0.00  0.00  0.00  0.00  0.00  0.00  0.00  0.00  0.00  0.00  0.00  0.00  0.00  0.00  0.00  0.00  0.00  0.00  0.00  0.00  0.00  0.00  0.00  0.00  0.00  0.00  0.00  0.00  0.00  0.00  0.00  0.00  0.00  0.00  0.00  0.00  0.00  0.00  0.00  0.00  0.00  0.00  0.00  0.00  0.00  0.00  0.00  0.00  0.00  0.00  0.00
  0.00  0.00  0.00  0.00  0.00  0.00  0.00  0.00  0.00  0.00  0.00  0.00  0.00  0.00  0.00  0.00  0.00  0.00  0.00  0.00  0.00  0.00  0.00  0.00  0.00  0.00  0.00  0.00  0.00  0.00  0.00  0.00  0.00  0.00  0.00  0.00  0.00  0.00  0.00  0.00  0.00  0.00  0.00  0.00  0.00  0.00  0.00  0.00  0.00  0.00  0.00  0.00  0.00  0.00  0.00  0.00  0.00  0.00  0.00  0.00  0.00  0.00  0.00  0.00
  0.00  0.00  0.00  0.00  0.00  0.00  0.00  0.00  0.00  0.00  0.00  0.00  0.00  0.00  0.00  0.00  0.00  0.00  0.00  0.00  0.00  0.00  0.00  0.00  0.00  0.00  0.00  0.00  0.00  0.00  0.00  0.00  0.00  0.00  0.00  0.00  0.00  0.00  0.00  0.00  0.00  0.00  0.00  0.00  0.00  0.00  0.00  0.00  0.00  0.00  0.00  0.00  0.00  0.00  0.00  0.00  0.00  0.00  0.00  0.00  0.00  0.00  0.00  0.00
  0.00  0.00  0.00  0.00  0.00  0.00  0.00  0.00  0.00  0.00  0.00  0.00  0.00  0.00  0.00  0.00  0.00  0.00  0.00  0.00  0.00  0.00  0.00  0.00  0.00  0.00  0.00  0.00  0.00  0.00  0.00  0.00  0.00  0.00  0.00  0.00  0.00  0.00  0.00  0.00  0.00  0.00  0.00  0.00  0.00  0.00  0.00  0.00  0.00  0.00  0.00  0.00  0.00  0.00  0.00  0.00  0.00  0.00  0.00  0.00  0.00  0.00  0.00  0.00
  0.00  0.00  0.00  0.00  0.00  0.00  0.00  0.00  0.00  0.00  0.00  0.00  0.00  0.00  0.00  0.00  0.00  0.00  0.00  0.00  0.00  0.00  0.00  0.00  0.00  0.00  0.00  0.00  0.00  0.00  0.00  0.00  0.00  0.00  0.00  0.00  0.00  0.00  0.00  0.00  0.00  0.00  0.00  0.00  0.00  0.00  0.00  0.00  0.00  0.00  0.00  0.00  0.00  0.00  0.00  0.00  0.00  0.00  0.00  0.00  0.00  0.00  0.00  0.00
  0.00  0.00  0.00  0.00  0.00  0.00  0.00  0.00  0.00  0.00  0.00  0.00  0.00  0.00  0.00  0.00  0.00  0.00  0.00  0.00  0.00  0.00  0.00  0.00  0.00  0.00  0.00  0.00  0.00  0.00  0.00  0.00  0.00  0.00  0.00  0.00  0.00  0.00  0.00  0.00  0.00  0.00  0.00  0.00  0.00  0.00  0.00  0.00  0.00  0.00  0.00  0.00  0.00  0.00  0.00  0.00  0.00  0.00  0.00  0.00  0.00  0.00  0.00  0.00
  0.00  0.00  0.00  0.00  0.00  0.00  0.00  0.00  0.00  0.00  0.00  0.00  0.00  0.00  0.00  0.00  0.00  0.00  0.00  0.00  0.00  0.00  0.00  0.00  0.00  0.00  0.00  0.00  0.00  0.00  0.00  0.00  0.00  0.00  0.00  0.00  0.00  0.00  0.00  0.00  0.00  0.00  0.00  0.00  0.00  0.00  0.00  0.00  0.00  0.00  0.00  0.00  0.00  0.00  0.00  0.00  0.00  0.00  0.00  0.00  0.00  0.00  0.00  0.00
  0.00  0.00  0.00  0.00  0.00  0.00  0.00  0.00  0.00  0.00  0.00  0.00  0.00  0.00  0.00  0.00  0.00  0.00  0.00  0.00  0.00  0.00  0.00  0.00  0.00  0.00  0.00  0.00  0.00  0.00  0.00  0.00  0.00  0.00  0.00  0.00  0.00  0.00  0.00  0.00  0.00  0.00  0.00  0.00  0.00  0.00  0.00  0.00  0.00  0.00  0.00  0.00  0.00  0.00  0.00  0.00  0.00  0.00  0.00  0.00  0.00  0.00  0.00  0.00

 density range (Hz): 0.000000 4.545455