Array Size: 64  64
  3.33  3.26  4.01  3.52  3.55  3.95  4.36  3.93  3.55  3.22  2.85  2.20  1.73  1.19  1.17  1.32  1.19  0.78  0.56  0.43  0.16  0.06  0.07  0.08  0.09  0.10  0.00  0.00  0.00  0.00  0.00  0.00  0.00  0.00  0.00  0.00  0.00  0.00  0.00  0.00  0.25  0.00  0.00  0.00  0.00  0.00  0.00  0.00  0.00  0.00  0.00  0.00  0.00  0.00  0.00  0.00  0.00  0.00  0.00  0.00  0.00  0.00  0.00  0.00
  0.00  3.44  3.93  3.79  3.59  4.08  4.54  4.29  3.87  3.66  3.10  2.29  1.77  1.23  1.05  1.22  1.12  0.71  0.51  0.38  0.14  0.05  0.10  0.11  0.12  0.13  0.15  0.00  0.00  0.00  0.06  0.06  0.07  0.16  0.19  0.16  0.15  0.16  0.15  0.16  0.13  0.19  0.00  0.00  0.00  0.00  0.00  0.00  0.00  0.00  0.00  0.00  0.00  0.00  0.00  0.00  0.00  0.00  0.00  0.00  0.00  0.00  0.00  0.00
  2.89  2.84  3.16  3.55  3.66  4.28  4.60  4.20  3.89  3.88  3.13  2.51  2.23  1.69  1.21  1.40  1.27  0.91  0.65  0.49  0.26  0.14  0.19  0.25  0.26  0.27  0.28  0.05  0.00  0.00  0.04  0.09  0.10  0.17  0.22  0.20  0.13  0.13  0.12  0.11  0.08  0.10  0.12  0.00  0.00  0.00  0.00  0.00  0.00  0.00  0.00  0.00  0.00  0.00  0.00  0.00  0.00  0.00  0.00  0.00  0.00  0.00  0.00  0.00
  3.73  3.62  3.79  4.59  4.22  4.42  4.50  3.86  3.72  3.75  2.85  2.37  2.37  1.90  1.47  1.71  1.53  0.97  0.61  0.33  0.17  0.12  0.20  0.24  0.24  0.19  0.27  0.19  0.15  0.17  0.26  0.22  0.22  0.43  0.53  0.54  0.46  0.37  0.42  0.37  0.29  0.32  0.39  0.00  0.00  0.00  0.00  0.00  0.00  0.00  0.00  0.00  0.00  0.00  0.00  0.00  0.00  0.00  0.00  0.00  0.00  0.00  0.00  0.00
  3.50  3.55  3.43  4.26  4.01  4.58  4.41  3.90  3.53  3.67  2.65  2.28  2.23  2.01  1.46  1.56  1.39  1.14  0.68  0.28  0.24  0.17  0.20  0.24  0.22  0.19  0.26  0.19  0.16  0.18  0.29  0.30  0.33  0.79  0.91  0.87  0.79  0.73  0.73  0.70  0.64  0.60  0.59  0.00  0.00  0.00  0.00  0.00  0.00  0.00  0.00  0.00  0.00  0.00  0.00  0.00  0.00  0.00  0.00  0.00  0.00  0.00  0.00  0.00
  3.60  3.64  3.42  4.41  4.01  4.62  4.66  3.91  3.38  3.66  2.62  2.08  2.09  1.96  1.15  1.21  1.10  0.95  0.48  0.29  0.25  0.18  0.22  0.27  0.23  0.19  0.25  0.19  0.15  0.18  0.32  0.45  0.74  1.39  1.81  1.58  1.50  1.33  1.25  1.20  1.21  0.96  0.74  0.27  0.12  0.00  0.00  0.00  0.00  0.00  0.00  0.00  0.00  0.00  0.00  0.00  0.00  0.00  0.00  0.00  0.00  0.00  0.00  0.00
  3.23  3.31  3.07  3.90  3.78  4.40  4.27  3.47  2.99  3.18  2.41  2.08  2.09  1.83  1.03  1.02  0.95  0.83  0.47  0.34  0.32  0.19  0.18  0.25  0.21  0.17  0.24  0.23  0.19  0.22  0.52  0.76  1.36  2.27  2.76  2.72  2.76  2.35  2.03  1.87  1.67  1.18  0.79  0.43  0.31  0.00  0.00  0.00  0.00  0.00  0.00  0.00  0.00  0.00  0.00  0.00  0.00  0.00  0.00  0.00  0.00  0.00  0.00  0.00
  4.70  4.62  4.49  4.71  3.70  3.89  3.54  2.77  2.24  2.34  1.93  1.56  1.38  1.41  0.76  0.67  0.62  0.41  0.11  0.06  0.06  0.00  0.00  0.00  0.00  0.06  0.25  0.33  0.38  0.42  0.85  1.02  1.79  2.97  3.60  3.77  3.94  3.58  3.39  3.19  2.71  2.00  1.48  0.89  0.63  0.00  0.00  0.00  0.00  0.00  0.00  0.00  0.00  0.00  0.00  0.00  0.00  0.00  0.00  0.00  0.00  0.00  0.00  0.00
  3.91  3.85  3.72  3.69  2.97  2.87  2.63  2.08  1.74  1.82  1.64  1.30  0.99  0.84  0.29  0.25  0.23  0.22  0.05  0.05  0.05  0.00  0.00  0.00  0.00  0.10  0.30  0.37  0.44  0.49  0.96  1.10  1.78  2.76  3.36  3.55  3.90  3.82  3.73  3.46  3.02  2.31  1.48  0.99  0.73  0.00  0.00  0.00  0.00  0.00  0.00  0.00  0.00  0.00  0.00  0.00  0.00  0.00  0.00  0.00  0.00  0.00  0.00  0.00
  3.55  3.54  3.48  3.34  2.44  2.41  2.22  1.76  1.55  1.65  1.51  1.12  0.83  0.57  0.17  0.14  0.13  0.10  0.04  0.04  0.04  0.00  0.00  0.00  0.00  0.10  0.29  0.34  0.46  0.51  0.97  1.21  1.86  2.75  3.13  3.41  3.65  3.61  3.39  3.25  2.63  1.92  1.34  1.07  0.83  0.00  0.00  0.00  0.00  0.00  0.00  0.00  0.00  0.00  0.00  0.00  0.00  0.00  0.00  0.00  0.00  0.00  0.00  0.00
  2.95  2.84  2.89  2.83  2.33  1.90  1.64  1.24  1.14  1.15  1.10  0.99  0.77  0.41  0.18  0.17  0.15  0.11  0.05  0.08  0.08  0.04  0.04  0.04  0.17  0.21  0.37  0.41  0.53  0.52  0.97  1.20  1.71  2.46  2.68  3.00  3.28  3.40  3.24  3.20  2.59  1.91  1.38  1.09  0.97  0.00  0.00  0.00  0.00  0.00  0.00  0.00  0.00  0.00  0.00  0.00  0.00  0.00  0.00  0.00  0.00  0.00  0.00  0.00
  2.28  2.19  2.41  2.48  1.96  1.60  1.38  0.96  0.75  0.74  0.57  0.45  0.25  0.20  0.13  0.13  0.06  0.06  0.00  0.04  0.04  0.03  0.03  0.04  0.23  0.24  0.39  0.40  0.53  0.56  0.90  1.04  1.33  1.69  1.96  2.36  2.59  2.76  2.87  2.88  2.39  1.97  1.62  1.27  1.06  0.00  0.00  0.00  0.00  0.00  0.00  0.00  0.00  0.00  0.00  0.00  0.00  0.00  0.00  0.00  0.00  0.00  0.00  0.00
  1.22  1.08  1.21  1.39  1.26  1.07  1.06  0.77  0.57  0.55  0.34  0.24  0.20  0.07  0.07  0.07  0.00  0.00  0.00  0.04  0.04  0.04  0.04  0.08  0.33  0.34  0.42  0.41  0.47  0.48  0.81  1.00  1.18  1.28  1.39  1.48  1.58  1.74  1.85  1.85  1.57  1.25  1.03  0.92  0.79  0.00  0.00  0.00  0.00  0.00  0.00  0.00  0.00  0.00  0.00  0.00  0.00  0.00  0.00  0.00  0.00  0.00  0.00  0.00
  0.97  0.90  1.04  1.00  1.02  0.95  0.89  0.62  0.59  0.53  0.28  0.19  0.13  0.06  0.06  0.06  0.00  0.00  0.00  0.04  0.04  0.05  0.05  0.10  0.37  0.35  0.37  0.34  0.43  0.40  0.72  0.94  1.15  1.20  1.25  1.19  1.23  1.32  1.38  1.38  1.31  1.34  1.28  1.25  1.28  0.00  0.00  0.00  0.00  0.00  0.00  0.00  0.00  0.00  0.00  0.00  0.00  0.00  0.00  0.00  0.00  0.00  0.00  0.00
  0.78  0.56  0.74  0.68  0.73  0.59  0.65  0.42  0.39  0.34  0.21  0.19  0.13  0.06  0.06  0.06  0.00  0.00  0.00  0.05  0.05  0.06  0.06  0.11  0.42  0.39  0.40  0.40  0.48  0.39  0.73  0.82  0.97  0.88  0.92  0.91  0.94  0.99  1.14  1.11  1.08  1.31  1.26  1.21  1.28  0.00  0.00  0.00  0.00  0.00  0.00  0.00  0.00  0.00  0.00  0.00  0.00  0.00  0.00  0.00  0.00  0.00  0.00  0.00
  0.44  0.32  0.35  0.16  0.15  0.30  0.36  0.27  0.25  0.26  0.15  0.13  0.07  0.06  0.05  0.05  0.00  0.00  0.05  0.05  0.05  0.06  0.06  0.06  0.26  0.25  0.28  0.29  0.33  0.33  0.60  0.60  0.68  0.58  0.64  0.73  0.90  0.84  1.05  1.08  0.98  1.05  1.24  1.16  1.22  0.00  0.00  0.00  0.00  0.00  0.00  0.00  0.00  0.00  0.00  0.00  0.00  0.00  0.00  0.00  0.00  0.00  0.00  0.00
  0.50  0.37  0.37  0.15  0.13  0.22  0.22  0.18  0.17  0.18  0.09  0.11  0.06  0.05  0.04  0.05  0.00  0.00  0.04  0.09  0.09  0.10  0.10  0.11  0.19  0.18  0.22  0.22  0.26  0.15  0.31  0.34  0.41  0.34  0.38  0.52  0.65  0.61  0.76  0.80  0.76  0.96  1.15  1.21  1.43  0.00  0.00  0.00  0.00  0.00  0.00  0.00  0.00  0.00  0.00  0.00  0.00  0.00  0.00  0.00  0.00  0.00  0.00  0.00
  0.16  0.11  0.08  0.00  0.00  0.11  0.08  0.08  0.08  0.09  0.03  0.04  0.00  0.00  0.00  0.00  0.00  0.00  0.04  0.08  0.09  0.09  0.10  0.05  0.05  0.05  0.21  0.21  0.24  0.21  0.28  0.20  0.19  0.16  0.19  0.31  0.45  0.49  0.63  0.67  0.72  1.00  1.21  1.33  1.58  0.00  0.00  0.00  0.00  0.00  0.00  0.00  0.00  0.00  0.00  0.00  0.00  0.00  0.00  0.00  0.00  0.00  0.00  0.00
  0.14  0.10  0.07  0.00  0.00  0.10  0.08  0.09  0.14  0.14  0.08  0.10  0.10  0.00  0.00  0.00  0.00  0.00  0.04  0.12  0.17  0.15  0.17  0.15  0.10  0.05  0.24  0.22  0.25  0.22  0.25  0.16  0.14  0.11  0.14  0.29  0.42  0.48  0.65  0.66  0.60  0.62  0.79  0.74  0.95  0.00  0.00  0.00  0.00  0.00  0.00  0.00  0.00  0.00  0.00  0.00  0.00  0.00  0.00  0.00  0.00  0.00  0.00  0.00
  0.13  0.09  0.07  0.00  0.00  0.10  0.08  0.08  0.13  0.13  0.08  0.09  0.09  0.00  0.00  0.00  0.00  0.00  0.04  0.11  0.15  0.14  0.16  0.23  0.16  0.10  0.27  0.22  0.17  0.17  0.14  0.03  0.03  0.00  0.00  0.15  0.33  0.41  0.58  0.59  0.55  0.52  0.58  0.51  0.71  0.00  0.00  0.00  0.00  0.00  0.00  0.00  0.00  0.00  0.00  0.00  0.00  0.00  0.00  0.00  0.00  0.00  0.00  0.00
  0.12  0.08  0.12  0.06  0.06  0.06  0.04  0.00  0.13  0.12  0.10  0.11  0.11  0.00  0.00  0.00  0.00  0.00  0.04  0.10  0.14  0.14  0.15  0.22  0.17  0.12  0.31  0.24  0.19  0.18  0.14  0.02  0.02  0.00  0.00  0.03  0.03  0.09  0.11  0.10  0.17  0.36  0.30  0.36  0.51  0.00  0.00  0.00  0.00  0.00  0.00  0.00  0.00  0.00  0.00  0.00  0.00  0.00  0.00  0.00  0.00  0.00  0.00  0.00
  0.00  0.00  0.05  0.06  0.05  0.06  0.09  0.05  0.20  0.18  0.16  0.12  0.11  0.00  0.00  0.00  0.00  0.00  0.04  0.08  0.16  0.20  0.22  0.31  0.33  0.20  0.34  0.27  0.21  0.20  0.19  0.03  0.03  0.00  0.00  0.00  0.00  0.05  0.06  0.06  0.11  0.15  0.10  0.11  0.16  0.00  0.00  0.00  0.00  0.00  0.00  0.00  0.00  0.00  0.00  0.00  0.00  0.00  0.00  0.00  0.00  0.00  0.00  0.00
  0.00  0.00  0.05  0.05  0.06  0.06  0.10  0.16  0.29  0.26  0.22  0.17  0.10  0.00  0.00  0.00  0.00  0.00  0.04  0.08  0.20  0.26  0.28  0.40  0.45  0.25  0.18  0.14  0.08  0.08  0.07  0.03  0.03  0.00  0.00  0.00  0.00  0.05  0.06  0.05  0.05  0.05  0.00  0.00  0.00  0.00  0.00  0.00  0.00  0.00  0.00  0.00  0.00  0.00  0.00  0.00  0.00  0.00  0.00  0.00  0.00  0.00  0.00  0.00
  0.00  0.00  0.05  0.06  0.06  0.06  0.10  0.15  0.20  0.18  0.15  0.10  0.03  0.04  0.03  0.04  0.05  0.05  0.14  0.13  0.19  0.29  0.37  0.38  0.50  0.46  0.25  0.12  0.06  0.05  0.05  0.04  0.04  0.00  0.00  0.00  0.00  0.05  0.06  0.06  0.05  0.05  0.04  0.05  0.07  0.00  0.00  0.00  0.00  0.00  0.00  0.00  0.00  0.00  0.00  0.00  0.00  0.00  0.00  0.00  0.00  0.00  0.00  0.00
  0.00  0.00  0.06  0.07  0.07  0.06  0.11  0.21  0.26  0.29  0.23  0.16  0.10  0.09  0.06  0.07  0.08  0.05  0.13  0.12  0.18  0.30  0.39  0.32  0.39  0.39  0.19  0.00  0.00  0.10  0.06  0.11  0.09  0.08  0.04  0.04  0.00  0.05  0.07  0.07  0.06  0.05  0.05  0.05  0.07  0.00  0.00  0.00  0.00  0.00  0.00  0.00  0.00  0.00  0.00  0.00  0.00  0.00  0.00  0.00  0.00  0.00  0.00  0.00
  0.00  0.00  0.00  0.00  0.00  0.00  0.11  0.24  0.23  0.27  0.23  0.13  0.07  0.13  0.09  0.13  0.23  0.21  0.23  0.23  0.25  0.30  0.39  0.32  0.39  0.37  0.18  0.10  0.11  0.21  0.16  0.21  0.13  0.11  0.05  0.06  0.00  0.00  0.00  0.00  0.00  0.00  0.05  0.06  0.08  0.00  0.00  0.00  0.00  0.00  0.00  0.00  0.00  0.00  0.00  0.00  0.00  0.00  0.00  0.00  0.00  0.00  0.00  0.00
  0.00  0.00  0.00  0.00  0.00  0.08  0.13  0.25  0.23  0.26  0.20  0.15  0.18  0.28  0.21  0.26  0.33  0.21  0.20  0.25  0.24  0.26  0.37  0.28  0.27  0.28  0.17  0.08  0.18  0.24  0.19  0.25  0.18  0.10  0.05  0.06  0.00  0.00  0.06  0.06  0.06  0.05  0.11  0.07  0.08  0.00  0.00  0.00  0.00  0.00  0.00  0.00  0.00  0.00  0.00  0.00  0.00  0.00  0.00  0.00  0.00  0.00  0.00  0.00
  0.33  0.21  0.17  0.28  0.22  0.17  0.19  0.20  0.18  0.22  0.17  0.12  0.23  0.30  0.23  0.25  0.32  0.20  0.20  0.24  0.21  0.23  0.34  0.24  0.22  0.28  0.16  0.08  0.17  0.25  0.20  0.25  0.18  0.10  0.05  0.07  0.00  0.00  0.07  0.07  0.06  0.06  0.11  0.07  0.08  0.00  0.00  0.00  0.00  0.00  0.00  0.00  0.00  0.00  0.00  0.00  0.00  0.00  0.00  0.00  0.00  0.00  0.00  0.00
  0.36  0.24  0.20  0.34  0.27  0.40  0.33  0.31  0.41  0.48  0.41  0.38  0.48  0.50  0.40  0.43  0.49  0.44  0.32  0.36  0.28  0.22  0.20  0.18  0.12  0.14  0.08  0.07  0.15  0.23  0.19  0.24  0.19  0.11  0.06  0.07  0.00  0.00  0.09  0.08  0.07  0.07  0.07  0.00  0.00  0.00  0.00  0.00  0.00  0.00  0.00  0.00  0.00  0.00  0.00  0.00  0.00  0.00  0.00  0.00  0.00  0.00  0.00  0.00
  0.28  0.00  0.16  0.31  0.26  0.39  0.33  0.28  0.39  0.64  0.62  0.67  0.78  0.79  0.51  0.66  0.71  0.71  0.59  0.68  0.45  0.28  0.14  0.09  0.00  0.00  0.00  0.08  0.14  0.13  0.13  0.14  0.07  0.00  0.00  0.00  0.00  0.00  0.09  0.08  0.07  0.08  0.07  0.00  0.00  0.00  0.00  0.00  0.00  0.00  0.00  0.00  0.00  0.00  0.00  0.00  0.00  0.00  0.00  0.00  0.00  0.00  0.00  0.00
  0.19  0.15  0.13  0.21  0.21  0.38  0.29  0.26  0.46  0.77  0.72  0.83  0.94  0.89  0.59  0.73  0.74  0.75  0.60  0.70  0.44  0.32  0.10  0.13  0.00  0.00  0.00  0.00  0.08  0.07  0.07  0.08  0.08  0.00  0.00  0.00  0.00  0.00  0.11  0.10  0.09  0.10  0.08  0.00  0.00  0.00  0.00  0.00  0.00  0.00  0.00  0.00  0.00  0.00  0.00  0.00  0.00  0.00  0.00  0.00  0.00  0.00  0.00  0.00
  0.23  0.18  0.14  0.23  0.23  0.35  0.27  0.24  0.52  0.93  0.92  1.08  1.06  0.97  0.58  0.82  0.84  1.01  0.88  0.95  0.56  0.38  0.00  0.00  0.00  0.00  0.00  0.00  0.00  0.00  0.00  0.00  0.00  0.00  0.00  0.00  0.00  0.00  0.00  0.00  0.00  0.00  0.00  0.00  0.00  0.00  0.00  0.00  0.00  0.00  0.00  0.00  0.00  0.00  0.00  0.00  0.00  0.00  0.00  0.00  0.00  0.00  0.00  0.00
  0.00  0.00  0.00  0.00  0.00  0.32  0.25  0.00  0.00  0.00  0.00  0.00  0.00  1.38  0.84  1.18  1.14  1.35  1.22  1.30  0.00  0.00  0.00  0.00  0.00  0.00  0.00  0.00  0.00  0.00  0.00  0.00  0.00  0.00  0.00  0.00  0.00  0.00  0.00  0.00  0.00  0.00  0.00  0.00  0.00  0.00  0.00  0.00  0.00  0.00  0.00  0.00  0.00  0.00  0.00  0.00  0.00  0.00  0.00  0.00  0.00  0.00  0.00  0.00
  0.00  0.00  0.00  0.00  0.00  0.00  0.00  0.00  0.00  0.00  0.00  0.00  0.00  0.00  0.00  0.00  0.00  0.00  0.00  0.00  0.00  0.00  0.00  0.00  0.00  0.00  0.00  0.00  0.00  0.00  0.00  0.00  0.00  0.00  0.00  0.00  0.00  0.00  0.00  0.00  0.00  0.00  0.00  0.00  0.00  0.00  0.00  0.00  0.00  0.00  0.00  0.00  0.00  0.00  0.00  0.00  0.00  0.00  0.00  0.00  0.00  0.00  0.00  0.00
  0.00  0.00  0.00  0.00  0.00  0.00  0.00  0.00  0.00  0.00  0.00  0.00  0.00  0.00  0.00  0.00  0.00  0.00  0.00  0.00  0.00  0.00  0.00  0.00  0.00  0.00  0.00  0.00  0.00  0.00  0.00  0.00  0.00  0.00  0.00  0.00  0.00  0.00  0.00  0.00  0.00  0.00  0.00  0.00  0.00  0.00  0.00  0.00  0.00  0.00  0.00  0.00  0.00  0.00  0.00  0.00  0.00  0.00  0.00  0.00  0.00  0.00  0.00  0.00
  0.00  0.00  0.00  0.00  0.00  0.00  0.00  0.00  0.00  0.00  0.00  0.00  0.00  0.00  0.00  0.00  0.00  0.00  0.00  0.00  0.00  0.00  0.00  0.00  0.00  0.00  0.00  0.00  0.00  0.00  0.00  0.00  0.00  0.00  0.00  0.00  0.00  0.00  0.00  0.00  0.00  0.00  0.00  0.00  0.00  0.00  0.00  0.00  0.00  0.00  0.00  0.00  0.00  0.00  0.00  0.00  0.00  0.00  0.00  0.00  0.00  0.00  0.00  0.00
  0.00  0.00  0.00  0.00  0.00  0.00  0.00  0.00  0.00  0.00  0.00  0.00  0.00  0.00  0.00  0.00  0.00  0.00  0.00  0.00  0.00  0.00  0.00  0.00  0.00  0.00  0.00  0.00  0.00  0.00  0.00  0.00  0.00  0.00  0.00  0.00  0.00  0.00  0.00  0.00  0.00  0.00  0.00  0.00  0.00  0.00  0.00  0.00  0.00  0.00  0.00  0.00  0.00  0.00  0.00  0.00  0.00  0.00  0.00  0.00  0.00  0.00  0.00  0.00
  0.00  0.00  0.00  0.00  0.00  0.00  0.00  0.00  0.00  0.00  0.00  0.00  0.00  0.00  0.00  0.00  0.00  0.00  0.00  0.00  0.00  0.00  0.00  0.00  0.00  0.00  0.00  0.00  0.00  0.00  0.00  0.00  0.00  0.00  0.00  0.00  0.00  0.00  0.00  0.00  0.00  0.00  0.00  0.00  0.00  0.00  0.00  0.00  0.00  0.00  0.00  0.00  0.00  0.00  0.00  0.00  0.00  0.00  0.00  0.00  0.00  0.00  0.00  0.00
  0.00  0.00  0.00  0.00  0.00  0.00  0.00  0.00  0.00  0.00  0.00  0.00  0.00  0.00  0.00  0.00  0.00  0.00  0.00  0.00  0.00  0.00  0.00  0.00  0.00  0.00  0.00  0.00  0.00  0.00  0.00  0.00  0.00  0.00  0.00  0.00  0.00  0.00  0.00  0.00  0.00  0.00  0.00  0.00  0.00  0.00  0.00  0.00  0.00  0.00  0.00  0.00  0.00  0.00  0.00  0.00  0.00  0.00  0.00  0.00  0.00  0.00  0.00  0.00
  0.00  0.00  0.00  0.00  0.00  0.00  0.00  0.00  0.00  0.00  0.00  0.00  0.00  0.00  0.00  0.00  0.00  0.00  0.00  0.00  0.00  0.00  0.00  0.00  0.00  0.00  0.00  0.00  0.00  0.00  0.00  0.00  0.00  0.00  0.00  0.00  0.00  0.00  0.00  0.00  0.00  0.00  0.00  0.00  0.00  0.00  0.00  0.00  0.00  0.00  0.00  0.00  0.00  0.00  0.00  0.00  0.00  0.00  0.00  0.00  0.00  0.00  0.00  0.00
  0.00  0.00  0.00  0.00  0.00  0.00  0.00  0.00  0.00  0.00  0.00  0.00  0.00  0.00  0.00  0.00  0.00  0.00  0.00  0.00  0.00  0.00  0.00  0.00  0.00  0.00  0.00  0.00  0.00  0.00  0.00  0.00  0.00  0.00  0.00  0.00  0.00  0.00  0.00  0.00  0.00  0.00  0.00  0.00  0.00  0.00  0.00  0.00  0.00  0.00  0.00  0.00  0.00  0.00  0.00  0.00  0.00  0.00  0.00  0.00  0.00  0.00  0.00  0.00
  0.00  0.00  0.00  0.00  0.00  0.00  0.00  0.00  0.00  0.00  0.00  0.00  0.00  0.00  0.00  0.00  0.00  0.00  0.00  0.00  0.00  0.00  0.00  0.00  0.00  0.00  0.00  0.00  0.00  0.00  0.00  0.00  0.00  0.00  0.00  0.00  0.00  0.00  0.00  0.00  0.00  0.00  0.00  0.00  0.00  0.00  0.00  0.00  0.00  0.00  0.00  0.00  0.00  0.00  0.00  0.00  0.00  0.00  0.00  0.00  0.00  0.00  0.00  0.00
  0.00  0.00  0.00  0.00  0.00  0.00  0.00  0.00  0.00  0.00  0.00  0.00  0.00  0.00  0.00  0.00  0.00  0.00  0.00  0.00  0.00  0.00  0.00  0.00  0.00  0.00  0.00  0.00  0.00  0.00  0.00  0.00  0.00  0.00  0.00  0.00  0.00  0.00  0.00  0.00  0.00  0.00  0.00  0.00  0.00  0.00  0.00  0.00  0.00  0.00  0.00  0.00  0.00  0.00  0.00  0.00  0.00  0.00  0.00  0.00  0.00  0.00  0.00  0.00
  0.00  0.00  0.00  0.00  0.00  0.00  0.00  0.00  0.00  0.00  0.00  0.00  0.00  0.00  0.00  0.00  0.00  0.00  0.00  0.00  0.00  0.00  0.00  0.00  0.00  0.00  0.00  0.00  0.00  0.00  0.00  0.00  0.00  0.00  0.00  0.00  0.00  0.00  0.00  0.00  0.00  0.00  0.00  0.00  0.00  0.00  0.00  0.00  0.00  0.00  0.00  0.00  0.00  0.00  0.00  0.00  0.00  0.00  0.00  0.00  0.00  0.00  0.00  0.00
  0.00  0.00  0.00  0.00  0.00  0.00  0.00  0.00  0.00  0.00  0.00  0.00  0.00  0.00  0.00  0.00  0.00  0.00  0.00  0.00  0.00  0.00  0.00  0.00  0.00  0.00  0.00  0.00  0.00  0.00  0.00  0.00  0.00  0.00  0.00  0.00  0.00  0.00  0.00  0.00  0.00  0.00  0.00  0.00  0.00  0.00  0.00  0.00  0.00  0.00  0.00  0.00  0.00  0.00  0.00  0.00  0.00  0.00  0.00  0.00  0.00  0.00  0.00  0.00
  0.00  0.00  0.00  0.00  0.00  0.00  0.00  0.00  0.00  0.00  0.00  0.00  0.00  0.00  0.00  0.00  0.00  0.00  0.00  0.00  0.00  0.00  0.00  0.00  0.00  0.00  0.00  0.00  0.00  0.00  0.00  0.00  0.00  0.00  0.00  0.00  0.00  0.00  0.00  0.00  0.00  0.00  0.00  0.00  0.00  0.00  0.00  0.00  0.00  0.00  0.00  0.00  0.00  0.00  0.00  0.00  0.00  0.00  0.00  0.00  0.00  0.00  0.00  0.00
  0.00  0.00  0.00  0.00  0.00  0.00  0.00  0.00  0.00  0.00  0.00  0.00  0.00  0.00  0.00  0.00  0.00  0.00  0.00  0.00  0.00  0.00  0.00  0.00  0.00  0.00  0.00  0.00  0.00  0.00  0.00  0.00  0.00  0.00  0.00  0.00  0.00  0.00  0.00  0.00  0.00  0.00  0.00  0.00  0.00  0.00  0.00  0.00  0.00  0.00  0.00  0.00  0.00  0.00  0.00  0.00  0.00  0.00  0.00  0.00  0.00  0.00  0.00  0.00
  0.00  0.00  0.00  0.00  0.00  0.00  0.00  0.00  0.00  0.00  0.00  0.00  0.00  0.00  0.00  0.00  0.00  0.00  0.00  0.00  0.00  0.00  0.00  0.00  0.00  0.00  0.00  0.00  0.00  0.00  0.00  0.00  0.00  0.00  0.00  0.00  0.00  0.00  0.00  0.00  0.00  0.00  0.00  0.00  0.00  0.00  0.00  0.00  0.00  0.00  0.00  0.00  0.00  0.00  0.00  0.00  0.00  0.00  0.00  0.00  0.00  0.00  0.00  0.00
  0.00  0.00  0.00  0.00  0.00  0.00  0.00  0.00  0.00  0.00  0.00  0.00  0.00  0.00  0.00  0.00  0.00  0.00  0.00  0.00  0.00  0.00  0.00  0.00  0.00  0.00  0.00  0.00  0.00  0.00  0.00  0.00  0.00  0.00  0.00  0.00  0.00  0.00  0.00  0.00  0.00  0.00  0.00  0.00  0.00  0.00  0.00  0.00  0.00  0.00  0.00  0.00  0.00  0.00  0.00  0.00  0.00  0.00  0.00  0.00  0.00  0.00  0.00  0.00
  0.00  0.00  0.00  0.00  0.00  0.00  0.00  0.00  0.00  0.00  0.00  0.00  0.00  0.00  0.00  0.00  0.00  0.00  0.00  0.00  0.00  0.00  0.00  0.00  0.00  0.00  0.00  0.00  0.00  0.00  0.00  0.00  0.00  0.00  0.00  0.00  0.00  0.00  0.00  0.00  0.00  0.00  0.00  0.00  0.00  0.00  0.00  0.00  0.00  0.00  0.00  0.00  0.00  0.00  0.00  0.00  0.00  0.00  0.00  0.00  0.00  0.00  0.00  0.00
  0.00  0.00  0.00  0.00  0.00  0.00  0.00  0.00  0.00  0.00  0.00  0.00  0.00  0.00  0.00  0.00  0.00  0.00  0.00  0.00  0.00  0.00  0.00  0.00  0.00  0.00  0.00  0.00  0.00  0.00  0.00  0.00  0.00  0.00  0.00  0.00  0.00  0.00  0.00  0.00  0.00  0.00  0.00  0.00  0.00  0.00  0.00  0.00  0.00  0.00  0.00  0.00  0.00  0.00  0.00  0.00  0.00  0.00  0.00  0.00  0.00  0.00  0.00  0.00
  0.00  0.00  0.00  0.00  0.00  0.00  0.00  0.00  0.00  0.00  0.00  0.00  0.00  0.00  0.00  0.00  0.00  0.00  0.00  0.00  0.00  0.00  0.00  0.00  0.00  0.00  0.00  0.00  0.00  0.00  0.00  0.00  0.00  0.00  0.00  0.00  0.00  0.00  0.00  0.00  0.00  0.00  0.00  0.00  0.00  0.00  0.00  0.00  0.00  0.00  0.00  0.00  0.00  0.00  0.00  0.00  0.00  0.00  0.00  0.00  0.00  0.00  0.00  0.00
  0.00  0.00  0.00  0.00  0.00  0.00  0.00  0.00  0.00  0.00  0.00  0.00  0.00  0.00  0.00  0.00  0.00  0.00  0.00  0.00  0.00  0.00  0.00  0.00  0.00  0.00  0.00  0.00  0.00  0.00  0.00  0.00  0.00  0.00  0.00  0.00  0.00  0.00  0.00  0.00  0.00  0.00  0.00  0.00  0.00  0.00  0.00  0.00  0.00  0.00  0.00  0.00  0.00  0.00  0.00  0.00  0.00  0.00  0.00  0.00  0.00  0.00  0.00  0.00
  0.00  0.00  0.00  0.00  0.00  0.00  0.00  0.00  0.00  0.00  0.00  0.00  0.00  0.00  0.00  0.00  0.00  0.00  0.00  0.00  0.00  0.00  0.00  0.00  0.00  0.00  0.00  0.00  0.00  0.00  0.00  0.00  0.00  0.00  0.00  0.00  0.00  0.00  0.00  0.00  0.00  0.00  0.00  0.00  0.00  0.00  0.00  0.00  0.00  0.00  0.00  0.00  0.00  0.00  0.00  0.00  0.00  0.00  0.00  0.00  0.00  0.00  0.00  0.00
  0.00  0.00  0.00  0.00  0.00  0.00  0.00  0.00  0.00  0.00  0.00  0.00  0.00  0.00  0.00  0.00  0.00  0.00  0.00  0.00  0.00  0.00  0.00  0.00  0.00  0.00  0.00  0.00  0.00  0.00  0.00  0.00  0.00  0.00  0.00  0.00  0.00  0.00  0.00  0.00  0.00  0.00  0.00  0.00  0.00  0.00  0.00  0.00  0.00  0.00  0.00  0.00  0.00  0.00  0.00  0.00  0.00  0.00  0.00  0.00  0.00  0.00  0.00  0.00
  0.00  0.00  0.00  0.00  0.00  0.00  0.00  0.00  0.00  0.00  0.00  0.00  0.00  0.00  0.00  0.00  0.00  0.00  0.00  0.00  0.00  0.00  0.00  0.00  0.00  0.00  0.00  0.00  0.00  0.00  0.00  0.00  0.00  0.00  0.00  0.00  0.00  0.00  0.00  0.00  0.00  0.00  0.00  0.00  0.00  0.00  0.00  0.00  0.00  0.00  0.00  0.00  0.00  0.00  0.00  0.00  0.00  0.00  0.00  0.00  0.00  0.00  0.00  0.00
  0.00  0.00  0.00  0.00  0.00  0.00  0.00  0.00  0.00  0.00  0.00  0.00  0.00  0.00  0.00  0.00  0.00  0.00  0.00  0.00  0.00  0.00  0.00  0.00  0.00  0.00  0.00  0.00  0.00  0.00  0.00  0.00  0.00  0.00  0.00  0.00  0.00  0.00  0.00  0.00  0.00  0.00  0.00  0.00  0.00  0.00  0.00  0.00  0.00  0.00  0.00  0.00  0.00  0.00  0.00  0.00  0.00  0.00  0.00  0.00  0.00  0.00  0.00  0.00
  0.00  0.00  0.00  0.00  0.00  0.00  0.00  0.00  0.00  0.00  0.00  0.00  0.00  0.00  0.00  0.00  0.00  0.00  0.00  0.00  0.00  0.00  0.00  0.00  0.00  0.00  0.00  0.00  0.00  0.00  0.00  0.00  0.00  0.00  0.00  0.00  0.00  0.00  0.00  0.00  0.00  0.00  0.00  0.00  0.00  0.00  0.00  0.00  0.00  0.00  0.00  0.00  0.00  0.00  0.00  0.00  0.00  0.00  0.00  0.00  0.00  0.00  0.00  0.00
  0.00  0.00  0.00  0.00  0.00  0.00  0.00  0.00  0.00  0.00  0.00  0.00  0.00  0.00  0.00  0.00  0.00  0.00  0.00  0.00  0.00  0.00  0.00  0.00  0.00  0.00  0.00  0.00  0.00  0.00  0.00  0.00  0.00  0.00  0.00  0.00  0.00  0.00  0.00  0.00  0.00  0.00  0.00  0.00  0.00  0.00  0.00  0.00  0.00  0.00  0.00  0.00  0.00  0.00  0.00  0.00  0.00  0.00  0.00  0.00  0.00  0.00  0.00  0.00
  0.00  0.00  0.00  0.00  0.00  0.00  0.00  0.00  0.00  0.00  0.00  0.00  0.00  0.00  0.00  0.00  0.00  0.00  0.00  0.00  0.00  0.00  0.00  0.00  0.00  0.00  0.00  0.00  0.00  0.00  0.00  0.00  0.00  0.00  0.00  0.00  0.00  0.00  0.00  0.00  0.00  0.00  0.00  0.00  0.00  0.00  0.00  0.00  0.00  0.00  0.00  0.00  0.00  0.00  0.00  0.00  0.00  0.00  0.00  0.00  0.00  0.00  0.00  0.00
  0.00  0.00  0.00  0.00  0.00  0.00  0.00  0.00  0.00  0.00  0.00  0.00  0.00  0.00  0.00  0.00  0.00  0.00  0.00  0.00  0.00  0.00  0.00  0.00  0.00  0.00  0.00  0.00  0.00  0.00  0.00  0.00  0.00  0.00  0.00  0.00  0.00  0.00  0.00  0.00  0.00  0.00  0.00  0.00  0.00  0.00  0.00  0.00  0.00  0.00  0.00  0.00  0.00  0.00  0.00  0.00  0.00  0.00  0.00  0.00  0.00  0.00  0.00  0.00
  0.00  0.00  0.00  0.00  0.00  0.00  0.00  0.00  0.00  0.00  0.00  0.00  0.00  0.00  0.00  0.00  0.00  0.00  0.00  0.00  0.00  0.00  0.00  0.00  0.00  0.00  0.00  0.00  0.00  0.00  0.00  0.00  0.00  0.00  0.00  0.00  0.00  0.00  0.00  0.00  0.00  0.00  0.00  0.00  0.00  0.00  0.00  0.00  0.00  0.00  0.00  0.00  0.00  0.00  0.00  0.00  0.00  0.00  0.00  0.00  0.00  0.00  0.00  0.00
  0.00  0.00  0.00  0.00  0.00  0.00  0.00  0.00  0.00  0.00  0.00  0.00  0.00  0.00  0.00  0.00  0.00  0.00  0.00  0.00  0.00  0.00  0.00  0.00  0.00  0.00  0.00  0.00  0.00  0.00  0.00  0.00  0.00  0.00  0.00  0.00  0.00  0.00  0.00  0.00  0.00  0.00  0.00  0.00  0.00  0.00  0.00  0.00  0.00  0.00  0.00  0.00  0.00  0.00  0.00  0.00  0.00  0.00  0.00  0.00  0.00  0.00  0.00  0.00
  0.00  0.00  0.00  0.00  0.00  0.00  0.00  0.00  0.00  0.00  0.00  0.00  0.00  0.00  0.00  0.00  0.00  0.00  0.00  0.00  0.00  0.00  0.00  0.00  0.00  0.00  0.00  0.00  0.00  0.00  0.00  0.00  0.00  0.00  0.00  0.00  0.00  0.00  0.00  0.00  0.00  0.00  0.00  0.00  0.00  0.00  0.00  0.00  0.00  0.00  0.00  0.00  0.00  0.00  0.00  0.00  0.00  0.00  0.00  0.00  0.00  0.00  0.00  0.00

 density range (Hz): 0.000000 4.706927