Array Size: 64  64
  0.00  0.00  0.00  0.00  0.00  0.28  0.48  0.81  1.07  1.42  1.87  2.36  2.55  3.85  4.32  5.10  4.24  4.03  3.38  2.95  2.05  1.91  0.95  0.48  0.26  0.30  0.00  0.00  0.19  0.83  0.90  0.90  0.85  0.90  0.52  0.00  0.00  0.00  0.00  0.00  0.25  0.00  0.00  0.00  0.00  0.00  0.00  0.00  0.00  0.00  0.00  0.00  0.00  0.00  0.00  0.00  0.00  0.00  0.00  0.00  0.00  0.00  0.00  0.00
  0.00  0.22  0.18  0.26  0.21  0.38  0.57  0.83  1.12  1.46  2.01  2.56  2.97  4.10  4.42  5.02  4.13  3.79  3.10  2.61  1.77  1.61  0.78  0.45  0.30  0.27  0.22  0.41  0.41  0.77  0.82  0.82  0.69  0.86  0.48  0.81  0.69  0.70  0.54  0.63  0.25  0.37  0.00  0.00  0.00  0.00  0.00  0.00  0.00  0.00  0.00  0.00  0.00  0.00  0.00  0.00  0.00  0.00  0.00  0.00  0.00  0.00  0.00  0.00
  0.18  0.16  0.33  0.39  0.40  0.48  0.74  1.18  1.44  1.80  2.41  2.88  3.28  4.19  4.37  4.83  4.15  3.53  2.76  2.28  1.52  1.33  0.65  0.37  0.26  0.22  0.19  0.31  0.35  0.56  0.60  0.62  0.54  0.64  0.37  0.68  0.60  0.64  0.52  0.57  0.31  0.40  0.48  0.00  0.79  0.00  0.00  0.00  0.00  0.00  0.00  0.00  0.00  0.00  0.00  0.00  0.00  0.00  0.00  0.00  0.00  0.00  0.00  0.00
  0.31  0.27  0.43  0.61  0.60  0.54  1.30  1.85  2.05  2.49  3.18  3.28  3.54  4.08  4.04  4.28  3.63  3.16  2.33  1.91  1.26  1.10  0.47  0.35  0.20  0.37  0.35  0.40  0.37  0.50  0.47  0.54  0.52  0.69  0.46  0.60  0.57  0.63  0.51  0.55  0.35  0.32  0.31  0.38  0.37  0.00  0.00  0.00  0.00  0.00  0.00  0.00  0.00  0.00  0.00  0.00  0.00  0.00  0.00  0.00  0.00  0.00  0.00  0.00
  0.40  0.35  0.49  0.68  0.70  0.62  1.39  1.90  2.15  2.62  3.41  3.42  3.63  4.02  3.84  3.54  2.95  2.20  1.29  0.90  0.65  0.45  0.40  0.33  0.18  0.34  0.34  0.38  0.36  0.43  0.38  0.45  0.38  0.54  0.42  0.64  0.58  0.60  0.49  0.54  0.32  0.30  0.29  0.35  0.33  0.00  0.00  0.00  0.00  0.00  0.00  0.00  0.00  0.00  0.00  0.00  0.00  0.00  0.00  0.00  0.00  0.00  0.00  0.00
  0.47  0.40  0.60  0.84  0.80  0.62  1.53  1.95  2.07  2.57  3.29  3.09  3.16  3.36  3.04  2.58  1.97  0.95  0.48  0.43  0.44  0.42  0.44  0.37  0.32  0.43  0.40  0.44  0.41  0.44  0.38  0.41  0.37  0.42  0.35  0.51  0.52  0.50  0.44  0.45  0.31  0.28  0.25  0.27  0.24  0.00  0.00  0.00  0.00  0.00  0.00  0.00  0.00  0.00  0.00  0.00  0.00  0.00  0.00  0.00  0.00  0.00  0.00  0.00
  0.32  0.27  0.50  0.66  0.66  0.53  1.54  2.07  2.05  2.47  3.02  2.78  2.60  2.74  2.28  1.87  1.38  0.64  0.34  0.41  0.45  0.45  0.49  0.38  0.31  0.43  0.41  0.38  0.37  0.38  0.29  0.30  0.44  0.40  0.37  0.30  0.32  0.25  0.27  0.27  0.29  0.29  0.26  0.29  0.31  0.00  0.00  0.00  0.00  0.00  0.00  0.00  0.00  0.00  0.00  0.00  0.00  0.00  0.00  0.00  0.00  0.00  0.00  0.00
  0.40  0.29  0.31  0.44  0.35  0.35  1.21  1.49  1.82  2.17  2.49  2.25  1.95  1.57  1.19  0.81  0.57  0.36  0.40  0.35  0.37  0.38  0.43  0.37  0.29  0.46  0.45  0.44  0.42  0.44  0.38  0.41  0.49  0.47  0.41  0.32  0.29  0.19  0.22  0.30  0.33  0.33  0.33  0.38  0.27  0.00  0.00  0.00  0.00  0.00  0.00  0.00  0.00  0.00  0.00  0.00  0.00  0.00  0.00  0.00  0.00  0.00  0.00  0.00
  0.47  0.32  0.32  0.31  0.48  0.51  0.61  0.62  1.04  1.16  1.43  1.60  1.70  1.33  1.03  0.74  0.65  0.49  0.50  0.36  0.41  0.30  0.30  0.23  0.31  0.41  0.50  0.56  0.57  0.60  0.54  0.51  0.56  0.44  0.39  0.40  0.33  0.09  0.14  0.22  0.25  0.32  0.35  0.37  0.27  0.00  0.00  0.00  0.00  0.00  0.00  0.00  0.00  0.00  0.00  0.00  0.00  0.00  0.00  0.00  0.00  0.00  0.00  0.00
  0.65  0.44  0.57  0.53  0.68  0.60  0.67  0.62  0.99  0.92  0.95  1.18  1.13  0.63  0.68  0.57  0.49  0.43  0.48  0.34  0.45  0.36  0.41  0.39  0.45  0.53  0.58  0.59  0.59  0.62  0.53  0.52  0.63  0.55  0.53  0.56  0.50  0.26  0.29  0.27  0.28  0.35  0.32  0.34  0.25  0.00  0.00  0.00  0.00  0.00  0.00  0.00  0.00  0.00  0.00  0.00  0.00  0.00  0.00  0.00  0.00  0.00  0.00  0.00
  0.49  0.44  0.55  0.51  0.71  0.63  0.60  0.67  1.09  1.00  1.04  1.24  1.09  0.48  0.55  0.44  0.46  0.42  0.36  0.34  0.43  0.33  0.33  0.42  0.35  0.48  0.51  0.58  0.55  0.59  0.47  0.46  0.51  0.43  0.49  0.53  0.52  0.33  0.41  0.37  0.34  0.36  0.29  0.24  0.09  0.00  0.00  0.00  0.00  0.00  0.00  0.00  0.00  0.00  0.00  0.00  0.00  0.00  0.00  0.00  0.00  0.00  0.00  0.00
  1.00  1.24  1.17  1.13  1.27  0.94  0.64  0.67  1.03  0.89  0.88  1.02  0.94  0.46  0.65  0.53  0.56  0.54  0.48  0.39  0.43  0.34  0.31  0.35  0.30  0.46  0.47  0.54  0.53  0.56  0.44  0.47  0.49  0.42  0.48  0.50  0.50  0.35  0.42  0.49  0.55  0.48  0.39  0.36  0.09  0.00  0.00  0.00  0.00  0.00  0.00  0.00  0.00  0.00  0.00  0.00  0.00  0.00  0.00  0.00  0.00  0.00  0.00  0.00
  1.11  1.33  1.27  1.32  1.39  0.95  0.61  0.61  0.72  0.55  0.62  0.72  0.73  0.67  0.73  0.66  0.68  0.64  0.49  0.51  0.50  0.41  0.34  0.40  0.33  0.46  0.45  0.54  0.57  0.62  0.51  0.55  0.57  0.44  0.49  0.47  0.50  0.36  0.41  0.46  0.54  0.46  0.43  0.42  0.20  0.00  0.00  0.00  0.00  0.00  0.00  0.00  0.00  0.00  0.00  0.00  0.00  0.00  0.00  0.00  0.00  0.00  0.00  0.00
  1.29  1.47  1.45  1.62  1.33  0.87  0.61  0.56  0.71  0.77  0.91  0.87  0.78  0.68  0.69  0.72  0.76  0.79  0.69  0.76  0.56  0.45  0.56  0.63  0.46  0.46  0.40  0.37  0.40  0.40  0.42  0.49  0.49  0.37  0.49  0.41  0.43  0.44  0.50  0.54  0.72  0.64  0.54  0.55  0.32  0.00  0.00  0.00  0.00  0.00  0.00  0.00  0.00  0.00  0.00  0.00  0.00  0.00  0.00  0.00  0.00  0.00  0.00  0.00
  1.45  1.68  1.60  1.75  1.32  0.89  0.52  0.42  0.55  0.62  0.80  0.75  0.72  0.61  0.61  0.65  0.71  0.74  0.69  0.79  0.57  0.45  0.57  0.62  0.50  0.46  0.48  0.40  0.44  0.34  0.36  0.39  0.35  0.22  0.36  0.29  0.34  0.51  0.57  0.64  0.90  0.83  0.53  0.56  0.32  0.00  0.00  0.00  0.00  0.00  0.00  0.00  0.00  0.00  0.00  0.00  0.00  0.00  0.00  0.00  0.00  0.00  0.00  0.00
  1.75  1.87  1.73  1.87  1.20  0.67  0.46  0.53  0.57  0.66  0.82  0.72  0.66  0.69  0.58  0.62  0.71  0.82  0.76  0.83  0.63  0.69  0.73  0.62  0.56  0.49  0.40  0.29  0.41  0.33  0.37  0.38  0.43  0.37  0.68  0.73  0.72  0.84  0.88  0.78  0.88  0.93  0.62  0.54  0.31  0.00  0.00  0.00  0.00  0.00  0.00  0.00  0.00  0.00  0.00  0.00  0.00  0.00  0.00  0.00  0.00  0.00  0.00  0.00
  1.99  1.67  1.47  1.39  0.47  0.28  0.43  0.50  0.52  0.61  0.88  0.82  0.85  0.87  0.73  0.59  0.73  0.87  1.08  1.47  1.64  1.70  1.73  1.46  1.02  0.63  0.44  0.31  0.47  0.35  0.41  0.48  0.55  0.57  0.93  1.19  1.09  1.18  1.14  1.03  0.99  1.17  0.89  0.84  0.44  0.00  0.00  0.00  0.00  0.00  0.00  0.00  0.00  0.00  0.00  0.00  0.00  0.00  0.00  0.00  0.00  0.00  0.00  0.00
  2.14  1.69  1.51  1.32  0.48  0.33  0.44  0.51  0.50  0.58  0.81  0.79  0.88  1.07  0.88  1.11  1.25  1.28  1.46  1.97  1.86  2.05  2.15  1.91  1.45  1.03  0.51  0.33  0.41  0.26  0.31  0.40  0.64  0.88  1.32  1.73  1.65  1.64  1.40  1.16  1.17  1.32  0.97  0.88  0.63  0.00  0.00  0.00  0.00  0.00  0.00  0.00  0.00  0.00  0.00  0.00  0.00  0.00  0.00  0.00  0.00  0.00  0.00  0.00
  1.71  1.39  1.26  1.06  0.39  0.31  0.28  0.40  0.41  0.45  0.62  0.70  0.88  1.12  0.99  1.38  1.48  1.42  1.74  2.17  2.20  2.34  2.34  2.09  1.80  1.04  0.43  0.37  0.43  0.29  0.34  0.47  0.93  1.14  1.53  2.10  2.09  1.96  1.69  1.41  1.20  1.30  0.90  0.74  0.48  0.00  0.00  0.00  0.00  0.00  0.00  0.00  0.00  0.00  0.00  0.00  0.00  0.00  0.00  0.00  0.00  0.00  0.00  0.00
  1.30  1.20  1.02  0.87  0.35  0.30  0.26  0.42  0.43  0.45  0.61  0.65  0.78  1.05  1.05  1.50  1.69  1.67  1.94  2.24  2.21  2.32  2.28  2.07  1.78  0.95  0.27  0.22  0.46  0.42  0.48  0.81  1.40  1.45  1.87  2.40  2.50  2.29  2.10  1.72  1.51  1.35  1.11  0.95  0.62  0.00  0.00  0.00  0.00  0.00  0.00  0.00  0.00  0.00  0.00  0.00  0.00  0.00  0.00  0.00  0.00  0.00  0.00  0.00
  1.06  1.09  0.96  0.78  0.46  0.46  0.30  0.21  0.25  0.24  0.43  0.53  0.75  1.00  1.12  1.68  1.93  1.80  2.03  2.21  1.99  2.04  2.11  1.89  1.73  0.93  0.26  0.27  0.56  0.50  0.55  0.87  1.48  1.44  1.75  2.33  2.70  2.52  2.56  2.28  1.93  1.45  1.26  1.19  0.68  0.00  0.00  0.00  0.00  0.00  0.00  0.00  0.00  0.00  0.00  0.00  0.00  0.00  0.00  0.00  0.00  0.00  0.00  0.00
  0.55  0.68  0.79  0.67  0.59  0.61  0.45  0.26  0.29  0.26  0.28  0.36  0.61  0.87  1.05  1.75  2.01  1.82  1.75  1.81  1.28  1.43  1.48  1.50  1.45  0.99  0.34  0.30  0.56  0.54  0.59  0.97  1.76  1.67  2.06  2.61  3.25  3.11  3.38  2.57  1.91  1.23  1.03  0.95  0.65  0.00  0.00  0.00  0.00  0.00  0.00  0.00  0.00  0.00  0.00  0.00  0.00  0.00  0.00  0.00  0.00  0.00  0.00  0.00
  0.61  0.00  0.76  0.63  0.61  0.62  0.48  0.26  0.34  0.26  0.30  0.41  0.58  0.67  0.86  1.30  1.45  1.38  1.38  1.31  1.14  1.11  1.14  1.14  1.11  0.59  0.31  0.28  0.63  0.68  0.68  1.05  1.83  1.70  2.06  2.53  3.10  2.89  3.19  2.36  1.75  1.13  0.88  0.79  0.47  0.00  0.00  0.00  0.00  0.00  0.00  0.00  0.00  0.00  0.00  0.00  0.00  0.00  0.00  0.00  0.00  0.00  0.00  0.00
  0.51  0.75  0.78  0.67  0.67  0.73  0.54  0.36  0.44  0.36  0.30  0.37  0.45  0.50  0.66  0.90  0.97  0.96  0.86  0.88  0.74  0.71  0.74  0.77  0.50  0.46  0.34  0.37  0.79  0.86  0.83  1.17  1.79  1.67  2.08  2.54  3.00  2.69  2.88  2.26  1.66  0.99  0.82  0.73  0.40  0.00  0.00  0.00  0.00  0.00  0.00  0.00  0.00  0.00  0.00  0.00  0.00  0.00  0.00  0.00  0.00  0.00  0.00  0.00
  0.45  0.52  0.61  0.46  0.47  0.56  0.50  0.37  0.46  0.39  0.31  0.41  0.45  0.47  0.54  0.71  0.67  0.66  0.68  0.77  0.62  0.60  0.81  0.86  0.72  1.10  1.23  1.33  1.32  1.36  1.28  1.56  1.82  1.83  2.15  2.64  2.92  2.59  2.70  2.29  1.46  0.89  0.70  0.64  0.41  0.00  0.00  0.00  0.00  0.00  0.00  0.00  0.00  0.00  0.00  0.00  0.00  0.00  0.00  0.00  0.00  0.00  0.00  0.00
  0.28  0.32  0.45  0.37  0.37  0.40  0.39  0.29  0.37  0.32  0.27  0.33  0.37  0.33  0.39  0.43  0.41  0.50  0.58  0.73  0.83  0.76  0.87  0.96  0.90  1.19  1.44  1.35  1.38  1.27  1.33  1.82  2.00  2.09  2.39  2.56  2.49  2.25  2.09  1.61  1.08  0.71  0.53  0.49  0.47  0.00  0.00  0.00  0.00  0.00  0.00  0.00  0.00  0.00  0.00  0.00  0.00  0.00  0.00  0.00  0.00  0.00  0.00  0.00
  0.34  0.40  0.32  0.21  0.21  0.25  0.13  0.20  0.27  0.22  0.20  0.29  0.29  0.24  0.27  0.26  0.27  0.35  0.47  0.63  0.79  0.74  0.86  0.84  0.77  0.99  1.16  1.42  1.59  1.46  1.49  1.84  1.46  1.51  1.67  1.55  1.24  1.36  1.16  0.99  0.75  0.64  0.50  0.46  0.48  0.00  0.00  0.00  0.00  0.00  0.00  0.00  0.00  0.00  0.00  0.00  0.00  0.00  0.00  0.00  0.00  0.00  0.00  0.00
  0.00  0.21  0.17  0.14  0.11  0.17  0.06  0.15  0.18  0.18  0.17  0.21  0.16  0.15  0.19  0.19  0.25  0.37  0.52  0.69  0.81  0.76  0.88  0.83  0.73  0.92  1.07  1.30  1.40  1.26  1.40  1.74  1.39  1.25  1.41  1.25  0.90  0.96  1.02  0.88  0.68  0.57  0.52  0.47  0.48  0.00  0.00  0.00  0.00  0.00  0.00  0.00  0.00  0.00  0.00  0.00  0.00  0.00  0.00  0.00  0.00  0.00  0.00  0.00
  0.00  0.00  0.00  0.00  0.13  0.10  0.20  0.26  0.23  0.17  0.24  0.25  0.16  0.18  0.22  0.18  0.19  0.30  0.40  0.46  0.56  0.57  0.70  0.77  0.78  0.96  1.06  1.15  1.19  1.13  1.17  1.58  1.36  1.10  1.26  1.12  0.72  0.74  0.85  0.64  0.55  0.50  0.46  0.46  0.57  0.00  0.00  0.00  0.00  0.00  0.00  0.00  0.00  0.00  0.00  0.00  0.00  0.00  0.00  0.00  0.00  0.00  0.00  0.00
  0.56  0.00  0.31  0.16  0.13  0.10  0.20  0.22  0.20  0.14  0.22  0.19  0.14  0.21  0.25  0.23  0.26  0.37  0.38  0.41  0.53  0.55  0.41  0.44  0.50  0.42  0.43  0.69  0.86  0.79  0.67  0.81  0.55  0.25  0.31  0.32  0.23  0.24  0.38  0.25  0.36  0.40  0.40  0.40  0.40  0.00  0.00  0.00  0.00  0.00  0.00  0.00  0.00  0.00  0.00  0.00  0.00  0.00  0.00  0.00  0.00  0.00  0.00  0.00
  0.39  0.31  0.25  0.21  0.21  0.19  0.29  0.32  0.26  0.18  0.28  0.24  0.17  0.25  0.27  0.24  0.21  0.25  0.26  0.26  0.27  0.32  0.29  0.25  0.23  0.23  0.21  0.56  0.66  0.72  0.64  0.68  0.40  0.14  0.09  0.10  0.18  0.00  0.34  0.31  0.34  0.38  0.38  0.37  0.34  0.00  0.00  0.00  0.00  0.00  0.00  0.00  0.00  0.00  0.00  0.00  0.00  0.00  0.00  0.00  0.00  0.00  0.00  0.00
  0.45  0.35  0.29  0.23  0.23  0.23  0.36  0.40  0.34  0.23  0.35  0.31  0.23  0.28  0.26  0.23  0.20  0.25  0.27  0.32  0.32  0.38  0.29  0.35  0.32  0.32  0.30  0.26  0.34  0.42  0.31  0.33  0.37  0.11  0.00  0.00  0.00  0.00  0.25  0.38  0.45  0.46  0.30  0.23  0.14  0.00  0.00  0.00  0.00  0.00  0.00  0.00  0.00  0.00  0.00  0.00  0.00  0.00  0.00  0.00  0.00  0.00  0.00  0.00
  0.00  0.43  0.35  0.27  0.30  0.32  0.50  0.00  0.00  0.00  0.00  0.00  0.00  0.30  0.28  0.25  0.13  0.13  0.08  0.09  0.00  0.00  0.00  0.54  0.45  0.46  0.00  0.37  0.47  0.55  0.39  0.00  0.49  0.14  0.00  0.00  0.00  0.00  0.00  0.30  0.26  0.26  0.00  0.00  0.00  0.00  0.00  0.00  0.00  0.00  0.00  0.00  0.00  0.00  0.00  0.00  0.00  0.00  0.00  0.00  0.00  0.00  0.00  0.00
  0.00  0.00  0.00  0.00  0.00  0.00  0.00  0.00  0.00  0.00  0.00  0.00  0.00  0.00  0.00  0.00  0.00  0.00  0.00  0.00  0.00  0.00  0.00  0.00  0.00  0.00  0.00  0.00  0.00  0.00  0.00  0.00  0.00  0.00  0.00  0.00  0.00  0.00  0.00  0.00  0.00  0.00  0.00  0.00  0.00  0.00  0.00  0.00  0.00  0.00  0.00  0.00  0.00  0.00  0.00  0.00  0.00  0.00  0.00  0.00  0.00  0.00  0.00  0.00
  0.00  0.00  0.00  0.00  0.00  0.00  0.00  0.00  0.00  0.00  0.00  0.00  0.00  0.00  0.00  0.00  0.00  0.00  0.00  0.00  0.00  0.00  0.00  0.00  0.00  0.00  0.00  0.00  0.00  0.00  0.00  0.00  0.00  0.00  0.00  0.00  0.00  0.00  0.00  0.00  0.00  0.00  0.00  0.00  0.00  0.00  0.00  0.00  0.00  0.00  0.00  0.00  0.00  0.00  0.00  0.00  0.00  0.00  0.00  0.00  0.00  0.00  0.00  0.00
  0.00  0.00  0.00  0.00  0.00  0.00  0.00  0.00  0.00  0.00  0.00  0.00  0.00  0.00  0.00  0.00  0.00  0.00  0.00  0.00  0.00  0.00  0.00  0.00  0.00  0.00  0.00  0.00  0.00  0.00  0.00  0.00  0.00  0.00  0.00  0.00  0.00  0.00  0.00  0.00  0.00  0.00  0.00  0.00  0.00  0.00  0.00  0.00  0.00  0.00  0.00  0.00  0.00  0.00  0.00  0.00  0.00  0.00  0.00  0.00  0.00  0.00  0.00  0.00
  0.00  0.00  0.00  0.00  0.00  0.00  0.00  0.00  0.00  0.00  0.00  0.00  0.00  0.00  0.00  0.00  0.00  0.00  0.00  0.00  0.00  0.00  0.00  0.00  0.00  0.00  0.00  0.00  0.00  0.00  0.00  0.00  0.00  0.00  0.00  0.00  0.00  0.00  0.00  0.00  0.00  0.00  0.00  0.00  0.00  0.00  0.00  0.00  0.00  0.00  0.00  0.00  0.00  0.00  0.00  0.00  0.00  0.00  0.00  0.00  0.00  0.00  0.00  0.00
  0.00  0.00  0.00  0.00  0.00  0.00  0.00  0.00  0.00  0.00  0.00  0.00  0.00  0.00  0.00  0.00  0.00  0.00  0.00  0.00  0.00  0.00  0.00  0.00  0.00  0.00  0.00  0.00  0.00  0.00  0.00  0.00  0.00  0.00  0.00  0.00  0.00  0.00  0.00  0.00  0.00  0.00  0.00  0.00  0.00  0.00  0.00  0.00  0.00  0.00  0.00  0.00  0.00  0.00  0.00  0.00  0.00  0.00  0.00  0.00  0.00  0.00  0.00  0.00
  0.00  0.00  0.00  0.00  0.00  0.00  0.00  0.00  0.00  0.00  0.00  0.00  0.00  0.00  0.00  0.00  0.00  0.00  0.00  0.00  0.00  0.00  0.00  0.00  0.00  0.00  0.00  0.00  0.00  0.00  0.00  0.00  0.00  0.00  0.00  0.00  0.00  0.00  0.00  0.00  0.00  0.00  0.00  0.00  0.00  0.00  0.00  0.00  0.00  0.00  0.00  0.00  0.00  0.00  0.00  0.00  0.00  0.00  0.00  0.00  0.00  0.00  0.00  0.00
  0.00  0.00  0.00  0.00  0.00  0.00  0.00  0.00  0.00  0.00  0.00  0.00  0.00  0.00  0.00  0.00  0.00  0.00  0.00  0.00  0.00  0.00  0.00  0.00  0.00  0.00  0.00  0.00  0.00  0.00  0.00  0.00  0.00  0.00  0.00  0.00  0.00  0.00  0.00  0.00  0.00  0.00  0.00  0.00  0.00  0.00  0.00  0.00  0.00  0.00  0.00  0.00  0.00  0.00  0.00  0.00  0.00  0.00  0.00  0.00  0.00  0.00  0.00  0.00
  0.00  0.00  0.00  0.00  0.00  0.00  0.00  0.00  0.00  0.00  0.00  0.00  0.00  0.00  0.00  0.00  0.00  0.00  0.00  0.00  0.00  0.00  0.00  0.00  0.00  0.00  0.00  0.00  0.00  0.00  0.00  0.00  0.00  0.00  0.00  0.00  0.00  0.00  0.00  0.00  0.00  0.00  0.00  0.00  0.00  0.00  0.00  0.00  0.00  0.00  0.00  0.00  0.00  0.00  0.00  0.00  0.00  0.00  0.00  0.00  0.00  0.00  0.00  0.00
  0.00  0.00  0.00  0.00  0.00  0.00  0.00  0.00  0.00  0.00  0.00  0.00  0.00  0.00  0.00  0.00  0.00  0.00  0.00  0.00  0.00  0.00  0.00  0.00  0.00  0.00  0.00  0.00  0.00  0.00  0.00  0.00  0.00  0.00  0.00  0.00  0.00  0.00  0.00  0.00  0.00  0.00  0.00  0.00  0.00  0.00  0.00  0.00  0.00  0.00  0.00  0.00  0.00  0.00  0.00  0.00  0.00  0.00  0.00  0.00  0.00  0.00  0.00  0.00
  0.00  0.00  0.00  0.00  0.00  0.00  0.00  0.00  0.00  0.00  0.00  0.00  0.00  0.00  0.00  0.00  0.00  0.00  0.00  0.00  0.00  0.00  0.00  0.00  0.00  0.00  0.00  0.00  0.00  0.00  0.00  0.00  0.00  0.00  0.00  0.00  0.00  0.00  0.00  0.00  0.00  0.00  0.00  0.00  0.00  0.00  0.00  0.00  0.00  0.00  0.00  0.00  0.00  0.00  0.00  0.00  0.00  0.00  0.00  0.00  0.00  0.00  0.00  0.00
  0.00  0.00  0.00  0.00  0.00  0.00  0.00  0.00  0.00  0.00  0.00  0.00  0.00  0.00  0.00  0.00  0.00  0.00  0.00  0.00  0.00  0.00  0.00  0.00  0.00  0.00  0.00  0.00  0.00  0.00  0.00  0.00  0.00  0.00  0.00  0.00  0.00  0.00  0.00  0.00  0.00  0.00  0.00  0.00  0.00  0.00  0.00  0.00  0.00  0.00  0.00  0.00  0.00  0.00  0.00  0.00  0.00  0.00  0.00  0.00  0.00  0.00  0.00  0.00
  0.00  0.00  0.00  0.00  0.00  0.00  0.00  0.00  0.00  0.00  0.00  0.00  0.00  0.00  0.00  0.00  0.00  0.00  0.00  0.00  0.00  0.00  0.00  0.00  0.00  0.00  0.00  0.00  0.00  0.00  0.00  0.00  0.00  0.00  0.00  0.00  0.00  0.00  0.00  0.00  0.00  0.00  0.00  0.00  0.00  0.00  0.00  0.00  0.00  0.00  0.00  0.00  0.00  0.00  0.00  0.00  0.00  0.00  0.00  0.00  0.00  0.00  0.00  0.00
  0.00  0.00  0.00  0.00  0.00  0.00  0.00  0.00  0.00  0.00  0.00  0.00  0.00  0.00  0.00  0.00  0.00  0.00  0.00  0.00  0.00  0.00  0.00  0.00  0.00  0.00  0.00  0.00  0.00  0.00  0.00  0.00  0.00  0.00  0.00  0.00  0.00  0.00  0.00  0.00  0.00  0.00  0.00  0.00  0.00  0.00  0.00  0.00  0.00  0.00  0.00  0.00  0.00  0.00  0.00  0.00  0.00  0.00  0.00  0.00  0.00  0.00  0.00  0.00
  0.00  0.00  0.00  0.00  0.00  0.00  0.00  0.00  0.00  0.00  0.00  0.00  0.00  0.00  0.00  0.00  0.00  0.00  0.00  0.00  0.00  0.00  0.00  0.00  0.00  0.00  0.00  0.00  0.00  0.00  0.00  0.00  0.00  0.00  0.00  0.00  0.00  0.00  0.00  0.00  0.00  0.00  0.00  0.00  0.00  0.00  0.00  0.00  0.00  0.00  0.00  0.00  0.00  0.00  0.00  0.00  0.00  0.00  0.00  0.00  0.00  0.00  0.00  0.00
  0.00  0.00  0.00  0.00  0.00  0.00  0.00  0.00  0.00  0.00  0.00  0.00  0.00  0.00  0.00  0.00  0.00  0.00  0.00  0.00  0.00  0.00  0.00  0.00  0.00  0.00  0.00  0.00  0.00  0.00  0.00  0.00  0.00  0.00  0.00  0.00  0.00  0.00  0.00  0.00  0.00  0.00  0.00  0.00  0.00  0.00  0.00  0.00  0.00  0.00  0.00  0.00  0.00  0.00  0.00  0.00  0.00  0.00  0.00  0.00  0.00  0.00  0.00  0.00
  0.00  0.00  0.00  0.00  0.00  0.00  0.00  0.00  0.00  0.00  0.00  0.00  0.00  0.00  0.00  0.00  0.00  0.00  0.00  0.00  0.00  0.00  0.00  0.00  0.00  0.00  0.00  0.00  0.00  0.00  0.00  0.00  0.00  0.00  0.00  0.00  0.00  0.00  0.00  0.00  0.00  0.00  0.00  0.00  0.00  0.00  0.00  0.00  0.00  0.00  0.00  0.00  0.00  0.00  0.00  0.00  0.00  0.00  0.00  0.00  0.00  0.00  0.00  0.00
  0.00  0.00  0.00  0.00  0.00  0.00  0.00  0.00  0.00  0.00  0.00  0.00  0.00  0.00  0.00  0.00  0.00  0.00  0.00  0.00  0.00  0.00  0.00  0.00  0.00  0.00  0.00  0.00  0.00  0.00  0.00  0.00  0.00  0.00  0.00  0.00  0.00  0.00  0.00  0.00  0.00  0.00  0.00  0.00  0.00  0.00  0.00  0.00  0.00  0.00  0.00  0.00  0.00  0.00  0.00  0.00  0.00  0.00  0.00  0.00  0.00  0.00  0.00  0.00
  0.00  0.00  0.00  0.00  0.00  0.00  0.00  0.00  0.00  0.00  0.00  0.00  0.00  0.00  0.00  0.00  0.00  0.00  0.00  0.00  0.00  0.00  0.00  0.00  0.00  0.00  0.00  0.00  0.00  0.00  0.00  0.00  0.00  0.00  0.00  0.00  0.00  0.00  0.00  0.00  0.00  0.00  0.00  0.00  0.00  0.00  0.00  0.00  0.00  0.00  0.00  0.00  0.00  0.00  0.00  0.00  0.00  0.00  0.00  0.00  0.00  0.00  0.00  0.00
  0.00  0.00  0.00  0.00  0.00  0.00  0.00  0.00  0.00  0.00  0.00  0.00  0.00  0.00  0.00  0.00  0.00  0.00  0.00  0.00  0.00  0.00  0.00  0.00  0.00  0.00  0.00  0.00  0.00  0.00  0.00  0.00  0.00  0.00  0.00  0.00  0.00  0.00  0.00  0.00  0.00  0.00  0.00  0.00  0.00  0.00  0.00  0.00  0.00  0.00  0.00  0.00  0.00  0.00  0.00  0.00  0.00  0.00  0.00  0.00  0.00  0.00  0.00  0.00
  0.00  0.00  0.00  0.00  0.00  0.00  0.00  0.00  0.00  0.00  0.00  0.00  0.00  0.00  0.00  0.00  0.00  0.00  0.00  0.00  0.00  0.00  0.00  0.00  0.00  0.00  0.00  0.00  0.00  0.00  0.00  0.00  0.00  0.00  0.00  0.00  0.00  0.00  0.00  0.00  0.00  0.00  0.00  0.00  0.00  0.00  0.00  0.00  0.00  0.00  0.00  0.00  0.00  0.00  0.00  0.00  0.00  0.00  0.00  0.00  0.00  0.00  0.00  0.00
  0.00  0.00  0.00  0.00  0.00  0.00  0.00  0.00  0.00  0.00  0.00  0.00  0.00  0.00  0.00  0.00  0.00  0.00  0.00  0.00  0.00  0.00  0.00  0.00  0.00  0.00  0.00  0.00  0.00  0.00  0.00  0.00  0.00  0.00  0.00  0.00  0.00  0.00  0.00  0.00  0.00  0.00  0.00  0.00  0.00  0.00  0.00  0.00  0.00  0.00  0.00  0.00  0.00  0.00  0.00  0.00  0.00  0.00  0.00  0.00  0.00  0.00  0.00  0.00
  0.00  0.00  0.00  0.00  0.00  0.00  0.00  0.00  0.00  0.00  0.00  0.00  0.00  0.00  0.00  0.00  0.00  0.00  0.00  0.00  0.00  0.00  0.00  0.00  0.00  0.00  0.00  0.00  0.00  0.00  0.00  0.00  0.00  0.00  0.00  0.00  0.00  0.00  0.00  0.00  0.00  0.00  0.00  0.00  0.00  0.00  0.00  0.00  0.00  0.00  0.00  0.00  0.00  0.00  0.00  0.00  0.00  0.00  0.00  0.00  0.00  0.00  0.00  0.00
  0.00  0.00  0.00  0.00  0.00  0.00  0.00  0.00  0.00  0.00  0.00  0.00  0.00  0.00  0.00  0.00  0.00  0.00  0.00  0.00  0.00  0.00  0.00  0.00  0.00  0.00  0.00  0.00  0.00  0.00  0.00  0.00  0.00  0.00  0.00  0.00  0.00  0.00  0.00  0.00  0.00  0.00  0.00  0.00  0.00  0.00  0.00  0.00  0.00  0.00  0.00  0.00  0.00  0.00  0.00  0.00  0.00  0.00  0.00  0.00  0.00  0.00  0.00  0.00
  0.00  0.00  0.00  0.00  0.00  0.00  0.00  0.00  0.00  0.00  0.00  0.00  0.00  0.00  0.00  0.00  0.00  0.00  0.00  0.00  0.00  0.00  0.00  0.00  0.00  0.00  0.00  0.00  0.00  0.00  0.00  0.00  0.00  0.00  0.00  0.00  0.00  0.00  0.00  0.00  0.00  0.00  0.00  0.00  0.00  0.00  0.00  0.00  0.00  0.00  0.00  0.00  0.00  0.00  0.00  0.00  0.00  0.00  0.00  0.00  0.00  0.00  0.00  0.00
  0.00  0.00  0.00  0.00  0.00  0.00  0.00  0.00  0.00  0.00  0.00  0.00  0.00  0.00  0.00  0.00  0.00  0.00  0.00  0.00  0.00  0.00  0.00  0.00  0.00  0.00  0.00  0.00  0.00  0.00  0.00  0.00  0.00  0.00  0.00  0.00  0.00  0.00  0.00  0.00  0.00  0.00  0.00  0.00  0.00  0.00  0.00  0.00  0.00  0.00  0.00  0.00  0.00  0.00  0.00  0.00  0.00  0.00  0.00  0.00  0.00  0.00  0.00  0.00
  0.00  0.00  0.00  0.00  0.00  0.00  0.00  0.00  0.00  0.00  0.00  0.00  0.00  0.00  0.00  0.00  0.00  0.00  0.00  0.00  0.00  0.00  0.00  0.00  0.00  0.00  0.00  0.00  0.00  0.00  0.00  0.00  0.00  0.00  0.00  0.00  0.00  0.00  0.00  0.00  0.00  0.00  0.00  0.00  0.00  0.00  0.00  0.00  0.00  0.00  0.00  0.00  0.00  0.00  0.00  0.00  0.00  0.00  0.00  0.00  0.00  0.00  0.00  0.00
  0.00  0.00  0.00  0.00  0.00  0.00  0.00  0.00  0.00  0.00  0.00  0.00  0.00  0.00  0.00  0.00  0.00  0.00  0.00  0.00  0.00  0.00  0.00  0.00  0.00  0.00  0.00  0.00  0.00  0.00  0.00  0.00  0.00  0.00  0.00  0.00  0.00  0.00  0.00  0.00  0.00  0.00  0.00  0.00  0.00  0.00  0.00  0.00  0.00  0.00  0.00  0.00  0.00  0.00  0.00  0.00  0.00  0.00  0.00  0.00  0.00  0.00  0.00  0.00
  0.00  0.00  0.00  0.00  0.00  0.00  0.00  0.00  0.00  0.00  0.00  0.00  0.00  0.00  0.00  0.00  0.00  0.00  0.00  0.00  0.00  0.00  0.00  0.00  0.00  0.00  0.00  0.00  0.00  0.00  0.00  0.00  0.00  0.00  0.00  0.00  0.00  0.00  0.00  0.00  0.00  0.00  0.00  0.00  0.00  0.00  0.00  0.00  0.00  0.00  0.00  0.00  0.00  0.00  0.00  0.00  0.00  0.00  0.00  0.00  0.00  0.00  0.00  0.00
  0.00  0.00  0.00  0.00  0.00  0.00  0.00  0.00  0.00  0.00  0.00  0.00  0.00  0.00  0.00  0.00  0.00  0.00  0.00  0.00  0.00  0.00  0.00  0.00  0.00  0.00  0.00  0.00  0.00  0.00  0.00  0.00  0.00  0.00  0.00  0.00  0.00  0.00  0.00  0.00  0.00  0.00  0.00  0.00  0.00  0.00  0.00  0.00  0.00  0.00  0.00  0.00  0.00  0.00  0.00  0.00  0.00  0.00  0.00  0.00  0.00  0.00  0.00  0.00
  0.00  0.00  0.00  0.00  0.00  0.00  0.00  0.00  0.00  0.00  0.00  0.00  0.00  0.00  0.00  0.00  0.00  0.00  0.00  0.00  0.00  0.00  0.00  0.00  0.00  0.00  0.00  0.00  0.00  0.00  0.00  0.00  0.00  0.00  0.00  0.00  0.00  0.00  0.00  0.00  0.00  0.00  0.00  0.00  0.00  0.00  0.00  0.00  0.00  0.00  0.00  0.00  0.00  0.00  0.00  0.00  0.00  0.00  0.00  0.00  0.00  0.00  0.00  0.00
  0.00  0.00  0.00  0.00  0.00  0.00  0.00  0.00  0.00  0.00  0.00  0.00  0.00  0.00  0.00  0.00  0.00  0.00  0.00  0.00  0.00  0.00  0.00  0.00  0.00  0.00  0.00  0.00  0.00  0.00  0.00  0.00  0.00  0.00  0.00  0.00  0.00  0.00  0.00  0.00  0.00  0.00  0.00  0.00  0.00  0.00  0.00  0.00  0.00  0.00  0.00  0.00  0.00  0.00  0.00  0.00  0.00  0.00  0.00  0.00  0.00  0.00  0.00  0.00

 density range (Hz): 0.000000 5.096661